0 0.746094 0.790039 0.745117 0.794922 0.750000 0.802734 0.750977 0.794922
0 0.329102 0.346680 0.319336 0.346680 0.317383 0.350586 0.323242 0.351562
0 0.842773 0.924805 0.837891 0.926758 0.836914 0.934570 0.841797 0.930664
0 0.748047 0.082031 0.741211 0.082031 0.738281 0.083984 0.738281 0.087891 0.744141 0.086914
0 0.552734 0.746094 0.545898 0.750000 0.544922 0.756836 0.551758 0.752930
0 0.939453 0.079102 0.930664 0.080078 0.927734 0.084961 0.936523 0.083984
0 0.717773 0.610352 0.724609 0.616211 0.730469 0.615234 0.726562 0.610352
0 0.640625 0.761719 0.632812 0.766602 0.631836 0.771484 0.638672 0.768555
0 0.357422 0.742188 0.355469 0.751953 0.359375 0.752930 0.361328 0.745117 0.360352 0.742188
0 0.697266 0.958984 0.702148 0.959961 0.706055 0.955078 0.700195 0.955078
0 0.021484 0.135742 0.014648 0.136719 0.012695 0.140625 0.020508 0.139648
0 0.362305 0.935547 0.364258 0.939453 0.373047 0.939453 0.368164 0.934570
0 0.653320 0.732422 0.647461 0.733398 0.643555 0.739258 0.648438 0.740234
0 0.489258 0.180664 0.480469 0.181641 0.477539 0.187500 0.485352 0.186523
0 0.810547 0.860352 0.814453 0.864258 0.822266 0.861328 0.816406 0.858398
0 0.526367 0.316406 0.526367 0.322266 0.530273 0.326172 0.531250 0.320312
0 0.731445 0.102539 0.727539 0.103516 0.728516 0.113281
0 0.203125 0.125000 0.198242 0.124023 0.191406 0.128906 0.201172 0.128906
0 0.750977 0.669922 0.747070 0.670898 0.746094 0.678711 0.749023 0.678711
0 0.084961 0.352539 0.083008 0.351562 0.078125 0.354492 0.076172 0.359375 0.082031 0.358398
0 0.573242 0.770508 0.576172 0.777344 0.582031 0.778320 0.580078 0.772461
0 0.704102 0.836914 0.701172 0.837891 0.699219 0.842773 0.701172 0.848633 0.705078 0.846680
0 0.251953 0.118164 0.247070 0.120117 0.246094 0.128906 0.250977 0.125977
0 0.235352 0.573242 0.233398 0.575195 0.235352 0.580078 0.243164 0.583008 0.241211 0.576172
0 0.537109 0.271484 0.533203 0.275391 0.535156 0.281250 0.538086 0.276367
0 0.063477 0.464844 0.064453 0.472656 0.068359 0.473633 0.067383 0.466797
0 0.032227 0.259766 0.032227 0.264648 0.036133 0.268555 0.040039 0.268555 0.038086 0.261719
0 0.194336 0.627930 0.192383 0.625977 0.187500 0.627930 0.183594 0.636719 0.191406 0.633789