0 0.861328 0.037109 0.863281 0.040039 0.870117 0.040039 0.869141 0.037109
0 0.474609 0.042969 0.472656 0.044922 0.472656 0.051758 0.476562 0.056641 0.478516 0.046875
0 0.469727 0.818359 0.471680 0.823242 0.480469 0.824219 0.479492 0.820312
0 0.384766 0.029297 0.380859 0.032227 0.382812 0.041016 0.385742 0.037109
0 0.205078 0.167969 0.205078 0.170898 0.210938 0.174805 0.211914 0.171875
0 0.814453 0.292969 0.806641 0.297852 0.805664 0.304688 0.813477 0.301758 0.816406 0.296875
0 0.827148 0.657227 0.825195 0.667969 0.829102 0.669922 0.831055 0.659180
0 0.776367 0.659180 0.780273 0.665039 0.785156 0.666016 0.781250 0.659180
0 0.144531 0.489258 0.137695 0.493164 0.137695 0.500000 0.143555 0.496094
0 0.349609 0.228516 0.350586 0.236328 0.358398 0.239258 0.359375 0.237305 0.356445 0.232422
0 0.667969 0.240234 0.663086 0.243164 0.662109 0.250000 0.666992 0.248047
0 0.250000 0.461914 0.244141 0.461914 0.239258 0.466797 0.247070 0.466797 0.250000 0.464844
0 0.292969 0.849609 0.289062 0.850586 0.287109 0.861328 0.291992 0.859375
0 0.072266 0.978516 0.073242 0.986328 0.076172 0.989258 0.080078 0.989258 0.079102 0.982422
0 0.403320 0.562500 0.407227 0.566406 0.416016 0.566406 0.416016 0.563477 0.412109 0.561523
0 0.190430 0.486328 0.186523 0.487305 0.185547 0.496094 0.189453 0.494141
0 0.566406 0.442383 0.562500 0.445312 0.562500 0.454102 0.567383 0.450195
0 0.685547 0.740234 0.687500 0.744141 0.694336 0.744141 0.696289 0.742188 0.692383 0.739258
0 0.773438 0.736328 0.778320 0.737305 0.783203 0.733398 0.777344 0.732422
0 0.062500 0.865234 0.066406 0.871094 0.073242 0.871094 0.068359 0.865234
0 0.669922 0.526367 0.666016 0.528320 0.667969 0.538086 0.670898 0.534180
0 0.357422 0.171875 0.354492 0.171875 0.349609 0.176758 0.349609 0.181641 0.355469 0.179688
0 0.958984 0.228516 0.952148 0.229492 0.949219 0.233398 0.954102 0.234375
0 0.255859 0.352539 0.252930 0.355469 0.254883 0.364258 0.256836 0.364258 0.257812 0.358398
0 0.514648 0.880859 0.513672 0.887695 0.517578 0.891602 0.518555 0.883789
0 0.791992 0.181641 0.791016 0.186523 0.795898 0.191406 0.795898 0.183594
0 0.219727 0.753906 0.213867 0.758789 0.212891 0.764648 0.214844 0.765625 0.219727 0.761719 0.221680 0.757812
0 0.942383 0.226562 0.934570 0.226562 0.932617 0.230469 0.941406 0.230469
0 0.502930 0.690430 0.505859 0.697266 0.514648 0.698242 0.509766 0.691406
0 0.039062 0.077148 0.031250 0.077148 0.028320 0.079102 0.028320 0.082031 0.035156 0.082031
0 0.296875 0.790039 0.302734 0.795898 0.307617 0.796875 0.309570 0.794922 0.304688 0.790039
0 0.106445 0.258789 0.107422 0.266602 0.112305 0.268555 0.110352 0.260742
0 0.760742 0.684570 0.755859 0.684570 0.751953 0.692383 0.758789 0.690430
0 0.453125 0.732422 0.457031 0.737305 0.461914 0.738281 0.464844 0.736328 0.461914 0.732422
0 0.746094 0.760742 0.745117 0.767578 0.748047 0.771484 0.750977 0.771484 0.750000 0.763672
0 0.630859 0.333008 0.635742 0.334961 0.641602 0.332031 0.641602 0.330078 0.634766 0.329102
0 0.414062 0.046875 0.417969 0.050781 0.424805 0.050781 0.421875 0.045898
0 0.745117 0.287109 0.745117 0.292969 0.750000 0.297852 0.750000 0.290039 0.748047 0.287109
0 0.245117 0.220703 0.247070 0.228516 0.253906 0.231445 0.252930 0.224609
0 0.377930 0.436523 0.382812 0.436523 0.385742 0.432617 0.379883 0.432617
0 0.086914 0.759766 0.080078 0.759766 0.076172 0.764648 0.084961 0.764648
0 0.272461 0.929688 0.273438 0.933594 0.283203 0.933594 0.283203 0.930664 0.278320 0.928711
0 0.524414 0.105469 0.521484 0.105469 0.518555 0.110352 0.518555 0.115234 0.520508 0.116211 0.524414 0.111328
0 0.747070 0.610352 0.741211 0.615234 0.741211 0.625977 0.747070 0.621094
0 0.329102 0.525391 0.330078 0.529297 0.334961 0.532227 0.333984 0.526367
0 0.335938 0.222656 0.331055 0.223633 0.330078 0.232422 0.334961 0.228516
0 0.564453 0.618164 0.569336 0.618164 0.572266 0.614258 0.566406 0.614258
0 0.566406 0.418945 0.558594 0.419922 0.555664 0.425781 0.565430 0.422852
0 0.298828 0.954102 0.300781 0.961914 0.306641 0.963867 0.305664 0.958008
0 0.160156 0.666016 0.156250 0.666992 0.154297 0.674805 0.161133 0.670898
0 0.773438 0.985352 0.771484 0.985352 0.769531 0.990234 0.771484 0.997070 0.775391 0.993164
0 0.407227 0.583984 0.409180 0.588867 0.417969 0.589844 0.415039 0.584961
0 0.913086 0.661133 0.915039 0.666016 0.921875 0.667969 0.918945 0.662109
0 0.832031 0.223633 0.826172 0.224609 0.824219 0.229492 0.831055 0.227539
0 0.031250 0.945312 0.026367 0.950195 0.027344 0.956055 0.031250 0.951172
0 0.199219 0.334961 0.199219 0.343750 0.203125 0.345703 0.204102 0.339844
0 0.199219 0.650391 0.207031 0.650391 0.208984 0.646484 0.202148 0.646484
0 0.219727 0.707031 0.219727 0.712891 0.225586 0.716797 0.225586 0.710938
0 0.737305 0.239258 0.737305 0.244141 0.742188 0.249023 0.742188 0.242188
0 0.141602 0.315430 0.146484 0.316406 0.152344 0.311523 0.145508 0.310547
0 0.745117 0.101562 0.745117 0.105469 0.751953 0.109375 0.750977 0.103516
0 0.649414 0.585938 0.649414 0.588867 0.659180 0.590820 0.659180 0.587891