0 0.909180 0.174805 0.911133 0.177734 0.918945 0.176758 0.916992 0.173828
0 0.557617 0.367188 0.553711 0.365234 0.546875 0.368164 0.545898 0.371094 0.553711 0.371094
0 0.042969 0.161133 0.043945 0.167969 0.047852 0.169922 0.046875 0.162109
0 0.626953 0.566406 0.630859 0.572266 0.637695 0.573242 0.635742 0.567383
0 0.512695 0.714844 0.507812 0.712891 0.502930 0.713867 0.501953 0.716797 0.507812 0.718750 0.511719 0.717773
0 0.033203 0.257812 0.027344 0.258789 0.024414 0.264648 0.031250 0.262695
0 0.963867 0.100586 0.961914 0.110352 0.965820 0.115234 0.967773 0.108398
0 0.578125 0.155273 0.583984 0.159180 0.589844 0.157227 0.583984 0.153320
0 0.091797 0.233398 0.085938 0.236328 0.084961 0.242188 0.090820 0.239258
0 0.436523 0.541992 0.433594 0.541992 0.431641 0.545898 0.432617 0.554688 0.436523 0.551758
0 0.720703 0.570312 0.717773 0.570312 0.715820 0.573242 0.715820 0.582031 0.721680 0.576172
0 0.458008 0.915039 0.458984 0.917969 0.467773 0.916016 0.465820 0.913086
0 0.611328 0.626953 0.616211 0.630859 0.621094 0.629883 0.619141 0.625977
0 0.365234 0.026367 0.363281 0.027344 0.362305 0.034180 0.364258 0.039062 0.368164 0.040039 0.369141 0.032227
0 0.171875 0.010742 0.170898 0.015625 0.173828 0.020508 0.174805 0.011719
0 0.009766 0.641602 0.011719 0.644531 0.018555 0.645508 0.016602 0.641602
0 0.221680 0.666992 0.225586 0.670898 0.232422 0.670898 0.225586 0.665039
0 0.850586 0.812500 0.852539 0.818359 0.858398 0.818359 0.856445 0.814453
0 0.541992 0.408203 0.545898 0.414062 0.551758 0.414062 0.550781 0.410156
0 0.025391 0.563477 0.023438 0.563477 0.021484 0.569336 0.024414 0.577148 0.026367 0.573242
0 0.731445 0.225586 0.725586 0.228516 0.724609 0.234375 0.730469 0.231445
0 0.110352 0.797852 0.112305 0.805664 0.117188 0.808594 0.116211 0.800781
0 0.108398 0.409180 0.103516 0.412109 0.102539 0.417969 0.107422 0.416016
0 0.470703 0.029297 0.470703 0.032227 0.474609 0.034180 0.481445 0.033203 0.480469 0.029297
0 0.139648 0.541016 0.142578 0.547852 0.149414 0.548828 0.146484 0.542969
0 0.733398 0.861328 0.728516 0.867188 0.729492 0.873047 0.734375 0.870117
0 0.328125 0.759766 0.328125 0.764648 0.334961 0.768555 0.333984 0.762695
0 0.794922 0.352539 0.799805 0.353516 0.803711 0.348633 0.797852 0.348633
0 0.833984 0.308594 0.825195 0.311523 0.823242 0.317383 0.830078 0.316406
0 0.796875 0.564453 0.791992 0.568359 0.791016 0.575195 0.797852 0.571289 0.798828 0.566406
0 0.446289 0.143555 0.449219 0.151367 0.456055 0.152344 0.454102 0.146484
0 0.269531 0.561523 0.270508 0.563477 0.280273 0.562500 0.279297 0.559570
0 0.089844 0.411133 0.083984 0.410156 0.078125 0.414062 0.083984 0.416016
0 0.249023 0.243164 0.244141 0.244141 0.240234 0.250977 0.246094 0.250000
0 0.237305 0.163086 0.240234 0.168945 0.245117 0.169922 0.243164 0.165039
0 0.385742 0.315430 0.386719 0.321289 0.393555 0.325195 0.391602 0.318359
0 0.406250 0.900391 0.408203 0.907227 0.414062 0.911133 0.416016 0.910156 0.415039 0.904297 0.412109 0.901367
0 0.933594 0.905273 0.929688 0.905273 0.925781 0.909180 0.925781 0.915039 0.932617 0.911133
0 0.315430 0.157227 0.320312 0.161133 0.325195 0.159180 0.323242 0.156250
0 0.189453 0.240234 0.182617 0.240234 0.179688 0.246094 0.186523 0.245117
0 0.803711 0.695312 0.806641 0.699219 0.815430 0.699219 0.810547 0.694336
0 0.497070 0.021484 0.493164 0.020508 0.488281 0.026367 0.493164 0.027344
0 0.171875 0.249023 0.173828 0.252930 0.180664 0.253906 0.179688 0.250000
0 0.667969 0.465820 0.663086 0.466797 0.660156 0.472656 0.662109 0.473633 0.666992 0.470703
0 0.167969 0.735352 0.166992 0.741211 0.171875 0.747070 0.171875 0.737305
0 0.664062 0.500977 0.663086 0.509766 0.666016 0.513672 0.667969 0.502930
0 0.251953 0.443359 0.247070 0.445312 0.246094 0.454102 0.251953 0.449219
0 0.452148 0.190430 0.448242 0.193359 0.449219 0.200195 0.453125 0.196289
0 0.376953 0.390625 0.373047 0.392578 0.371094 0.400391 0.376953 0.397461
0 0.020508 0.348633 0.027344 0.348633 0.032227 0.343750 0.024414 0.342773 0.020508 0.345703
0 0.227539 0.947266 0.230469 0.953125 0.237305 0.953125 0.233398 0.948242
0 0.036133 0.591797 0.031250 0.595703 0.030273 0.603516 0.034180 0.603516 0.036133 0.600586
0 0.120117 0.820312 0.115234 0.820312 0.111328 0.828125 0.117188 0.827148
0 0.709961 0.388672 0.706055 0.390625 0.705078 0.398438 0.708008 0.398438 0.709961 0.395508
0 0.128906 0.407227 0.130859 0.414062 0.136719 0.416016 0.135742 0.410156
0 0.883789 0.736328 0.883789 0.744141 0.885742 0.747070 0.888672 0.747070 0.888672 0.740234
0 0.207031 0.730469 0.208984 0.735352 0.217773 0.736328 0.213867 0.730469
0 0.972656 0.428711 0.972656 0.435547 0.976562 0.440430 0.978516 0.433594 0.975586 0.428711
0 0.267578 0.496094 0.263672 0.499023 0.265625 0.506836 0.268555 0.503906
0 0.779297 0.963867 0.775391 0.967773 0.775391 0.972656 0.780273 0.967773
0 0.945312 0.152344 0.948242 0.156250 0.957031 0.156250 0.957031 0.153320 0.953125 0.151367