0 0.015625 0.035156 0.016602 0.041016 0.023438 0.043945 0.021484 0.038086
0 0.244141 0.234375 0.240234 0.240234 0.243164 0.247070 0.246094 0.239258
0 0.466797 0.795898 0.458008 0.796875 0.457031 0.800781 0.460938 0.800781
0 0.290039 0.842773 0.289062 0.848633 0.292969 0.853516 0.294922 0.848633 0.292969 0.843750
0 0.140625 0.184570 0.139648 0.191406 0.145508 0.198242 0.145508 0.187500 0.143555 0.184570
0 0.408203 0.252930 0.407227 0.262695 0.410156 0.266602 0.413086 0.257812 0.411133 0.252930
0 0.091797 0.041016 0.083008 0.042969 0.081055 0.047852 0.086914 0.047852 0.091797 0.043945
0 0.771484 0.880859 0.764648 0.882812 0.761719 0.888672 0.763672 0.890625 0.769531 0.887695 0.772461 0.883789
0 0.015625 0.617188 0.017578 0.622070 0.023438 0.622070 0.029297 0.618164 0.022461 0.615234
0 0.142578 0.496094 0.144531 0.502930 0.149414 0.503906 0.148438 0.499023
0 0.379883 0.375000 0.372070 0.379883 0.371094 0.384766 0.378906 0.380859
0 0.519531 0.169922 0.514648 0.171875 0.511719 0.176758 0.512695 0.178711 0.518555 0.175781
0 0.390625 0.504883 0.391602 0.513672 0.398438 0.517578 0.397461 0.509766
0 0.881836 0.558594 0.876953 0.560547 0.875000 0.569336 0.880859 0.566406
0 0.873047 0.141602 0.870117 0.141602 0.868164 0.144531 0.869141 0.152344 0.873047 0.147461
0 0.560547 0.097656 0.560547 0.100586 0.566406 0.104492 0.566406 0.099609
0 0.350586 0.358398 0.353516 0.362305 0.359375 0.363281 0.358398 0.358398
0 0.202148 0.771484 0.202148 0.776367 0.207031 0.781250 0.207031 0.774414 0.205078 0.771484
0 0.051758 0.740234 0.046875 0.741211 0.043945 0.748047 0.047852 0.747070
0 0.754883 0.605469 0.756836 0.608398 0.764648 0.608398 0.763672 0.604492
0 0.280273 0.601562 0.283203 0.605469 0.291992 0.605469 0.288086 0.600586 0.282227 0.599609
0 0.012695 0.895508 0.013672 0.903320 0.018555 0.906250 0.017578 0.895508
0 0.878906 0.165039 0.883789 0.169922 0.890625 0.169922 0.890625 0.166992 0.887695 0.165039
0 0.281250 0.504883 0.277344 0.509766 0.278320 0.518555 0.281250 0.517578 0.283203 0.512695
0 0.473633 0.918945 0.477539 0.924805 0.485352 0.924805 0.481445 0.919922
0 0.113281 0.489258 0.107422 0.489258 0.103516 0.494141 0.109375 0.494141
0 0.368164 0.808594 0.362305 0.810547 0.359375 0.819336 0.362305 0.819336 0.367188 0.814453
0 0.343750 0.166016 0.351562 0.166016 0.352539 0.163086 0.345703 0.162109
0 0.645508 0.390625 0.644531 0.400391 0.647461 0.400391 0.648438 0.392578
0 0.926758 0.523438 0.932617 0.529297 0.938477 0.530273 0.943359 0.528320 0.937500 0.522461
0 0.375977 0.646484 0.379883 0.652344 0.385742 0.653320 0.383789 0.647461
0 0.562500 0.898438 0.555664 0.901367 0.555664 0.907227 0.560547 0.904297
0 0.485352 0.512695 0.490234 0.513672 0.496094 0.507812 0.489258 0.507812
0 0.681641 0.106445 0.679688 0.114258 0.680664 0.117188 0.683594 0.117188 0.685547 0.109375
0 0.233398 0.161133 0.233398 0.167969 0.239258 0.173828 0.241211 0.171875 0.239258 0.164062
0 0.154297 0.509766 0.146484 0.511719 0.144531 0.517578 0.151367 0.516602
0 0.547852 0.395508 0.541992 0.396484 0.538086 0.405273 0.544922 0.403320
0 0.334961 0.013672 0.335938 0.019531 0.341797 0.022461 0.341797 0.017578
0 0.978516 0.985352 0.972656 0.985352 0.968750 0.990234 0.975586 0.990234
0 0.309570 0.887695 0.310547 0.890625 0.318359 0.891602 0.316406 0.887695
0 0.737305 0.615234 0.736328 0.620117 0.741211 0.625977 0.742188 0.620117
0 0.791992 0.446289 0.788086 0.446289 0.784180 0.454102 0.789062 0.453125 0.791992 0.450195
0 0.744141 0.401367 0.740234 0.403320 0.738281 0.411133 0.744141 0.408203
0 0.149414 0.039062 0.148438 0.048828 0.151367 0.051758 0.153320 0.040039
0 0.607422 0.130859 0.600586 0.134766 0.597656 0.143555 0.606445 0.138672
0 0.773438 0.633789 0.778320 0.635742 0.784180 0.633789 0.784180 0.631836 0.775391 0.630859
0 0.254883 0.328125 0.249023 0.329102 0.246094 0.334961 0.251953 0.333984
0 0.838867 0.416016 0.834961 0.418945 0.836914 0.428711 0.839844 0.422852
0 0.193359 0.231445 0.188477 0.238281 0.191406 0.247070 0.194336 0.242188
0 0.328125 0.367188 0.331055 0.372070 0.336914 0.374023 0.336914 0.370117 0.333984 0.367188
0 0.847656 0.483398 0.840820 0.487305 0.840820 0.492188 0.846680 0.490234
0 0.510742 0.850586 0.511719 0.858398 0.516602 0.861328 0.516602 0.853516
0 0.395508 0.183594 0.397461 0.186523 0.405273 0.186523 0.402344 0.182617
0 0.962891 0.150391 0.958984 0.150391 0.956055 0.157227 0.959961 0.156250