0 0.530273 0.147461 0.530273 0.150391 0.539062 0.151367 0.538086 0.147461
0 0.915039 0.362305 0.909180 0.367188 0.909180 0.373047 0.914062 0.372070
0 0.573242 0.915039 0.571289 0.922852 0.575195 0.928711 0.577148 0.918945
0 0.425781 0.894531 0.427734 0.897461 0.437500 0.895508 0.436523 0.892578 0.432617 0.891602
0 0.610352 0.538086 0.612305 0.541992 0.620117 0.541016 0.614258 0.537109
0 0.107422 0.482422 0.101562 0.485352 0.100586 0.491211 0.106445 0.488281
0 0.177734 0.895508 0.183594 0.899414 0.189453 0.898438 0.189453 0.895508 0.185547 0.893555
0 0.190430 0.663086 0.187500 0.664062 0.187500 0.671875 0.190430 0.669922
0 0.345703 0.875000 0.353516 0.876953 0.360352 0.873047 0.358398 0.871094 0.350586 0.871094 0.345703 0.873047
0 0.961914 0.508789 0.955078 0.510742 0.953125 0.518555 0.956055 0.518555 0.960938 0.513672
0 0.897461 0.852539 0.900391 0.856445 0.909180 0.856445 0.906250 0.852539
0 0.745117 0.980469 0.746094 0.984375 0.756836 0.986328 0.754883 0.981445 0.750977 0.979492
0 0.506836 0.981445 0.510742 0.987305 0.515625 0.986328 0.513672 0.982422
0 0.853516 0.341797 0.848633 0.343750 0.848633 0.350586 0.851562 0.348633
0 0.742188 0.348633 0.738281 0.352539 0.741211 0.358398 0.743164 0.354492
0 0.948242 0.585938 0.949219 0.595703 0.956055 0.598633 0.956055 0.591797
0 0.839844 0.975586 0.835938 0.975586 0.831055 0.981445 0.836914 0.981445
0 0.855469 0.493164 0.857422 0.496094 0.864258 0.496094 0.863281 0.493164
0 0.518555 0.927734 0.514648 0.928711 0.512695 0.937500 0.517578 0.935547
0 0.545898 0.115234 0.547852 0.119141 0.556641 0.119141 0.551758 0.114258
0 0.415039 0.907227 0.421875 0.908203 0.425781 0.904297 0.417969 0.903320 0.415039 0.904297
0 0.208008 0.723633 0.212891 0.729492 0.218750 0.729492 0.214844 0.722656 0.209961 0.721680
0 0.049805 0.098633 0.049805 0.100586 0.054688 0.102539 0.059570 0.101562 0.055664 0.097656
0 0.905273 0.584961 0.904297 0.588867 0.912109 0.593750 0.909180 0.586914
0 0.952148 0.379883 0.952148 0.386719 0.957031 0.389648 0.956055 0.381836
0 0.416016 0.875977 0.407227 0.875977 0.405273 0.879883 0.412109 0.879883
0 0.465820 0.059570 0.465820 0.063477 0.468750 0.066406 0.474609 0.067383 0.470703 0.060547
0 0.952148 0.179688 0.960938 0.180664 0.964844 0.176758 0.957031 0.174805
0 0.193359 0.273438 0.195312 0.278320 0.202148 0.280273 0.202148 0.276367
0 0.323242 0.786133 0.323242 0.790039 0.330078 0.794922 0.330078 0.790039
0 0.584961 0.673828 0.580078 0.675781 0.578125 0.684570 0.584961 0.680664
0 0.186523 0.380859 0.181641 0.380859 0.177734 0.386719 0.183594 0.385742
0 0.934570 0.096680 0.929688 0.098633 0.927734 0.104492 0.934570 0.101562
0 0.849609 0.394531 0.847656 0.398438 0.849609 0.404297 0.852539 0.405273 0.853516 0.396484
0 0.025391 0.740234 0.033203 0.741211 0.038086 0.739258 0.039062 0.736328 0.031250 0.735352
0 0.470703 0.897461 0.464844 0.902344 0.464844 0.908203 0.466797 0.909180 0.470703 0.906250
0 0.042969 0.057617 0.041992 0.068359 0.044922 0.070312 0.046875 0.058594