0 0.687500 0.918945 0.682617 0.924805 0.682617 0.929688 0.686523 0.928711 0.688477 0.924805
0 0.051758 0.482422 0.053711 0.485352 0.062500 0.484375 0.060547 0.481445
0 0.024414 0.937500 0.025391 0.942383 0.033203 0.944336 0.032227 0.940430
0 0.147461 0.857422 0.141602 0.856445 0.135742 0.862305 0.144531 0.862305
0 0.357422 0.653320 0.359375 0.656250 0.369141 0.657227 0.367188 0.653320
0 0.896484 0.378906 0.898438 0.383789 0.903320 0.385742 0.902344 0.381836
0 0.789062 0.784180 0.783203 0.785156 0.782227 0.788086 0.787109 0.788086
0 0.634766 0.042969 0.633789 0.048828 0.638672 0.052734 0.637695 0.044922
0 0.551758 0.632812 0.547852 0.634766 0.546875 0.639648 0.550781 0.638672
0 0.065430 0.115234 0.073242 0.115234 0.077148 0.113281 0.077148 0.110352 0.070312 0.109375 0.065430 0.112305
0 0.921875 0.037109 0.922852 0.045898 0.928711 0.048828 0.927734 0.041016
0 0.278320 0.778320 0.278320 0.785156 0.282227 0.789062 0.282227 0.780273
0 0.348633 0.416016 0.342773 0.415039 0.338867 0.419922 0.344727 0.419922
0 0.985352 0.280273 0.983398 0.282227 0.984375 0.287109 0.989258 0.291016 0.988281 0.283203
0 0.786133 0.753906 0.786133 0.757812 0.791992 0.761719 0.791992 0.756836
0 0.958008 0.885742 0.959961 0.890625 0.967773 0.891602 0.967773 0.888672
0 0.064453 0.018555 0.060547 0.021484 0.059570 0.028320 0.064453 0.025391
0 0.363281 0.688477 0.363281 0.693359 0.369141 0.697266 0.367188 0.689453
0 0.008789 0.374023 0.007812 0.379883 0.013672 0.385742 0.013672 0.378906
0 0.303711 0.349609 0.304688 0.355469 0.309570 0.358398 0.311523 0.356445 0.309570 0.352539
0 0.752930 0.874023 0.751953 0.879883 0.757812 0.885742 0.757812 0.878906
0 0.213867 0.747070 0.206055 0.745117 0.199219 0.748047 0.198242 0.750977 0.208008 0.751953
0 0.340820 0.108398 0.344727 0.112305 0.353516 0.110352 0.350586 0.106445
0 0.571289 0.092773 0.567383 0.093750 0.564453 0.101562 0.566406 0.103516 0.571289 0.099609
0 0.788086 0.142578 0.782227 0.143555 0.780273 0.148438 0.786133 0.147461
0 0.214844 0.297852 0.208984 0.300781 0.208008 0.306641 0.213867 0.304688
0 0.198242 0.239258 0.195312 0.239258 0.193359 0.242188 0.193359 0.250000 0.199219 0.244141
0 0.530273 0.560547 0.532227 0.563477 0.541016 0.561523 0.539062 0.558594
0 0.893555 0.587891 0.893555 0.590820 0.897461 0.592773 0.907227 0.589844 0.907227 0.586914 0.903320 0.585938
0 0.123047 0.654297 0.117188 0.655273 0.114258 0.660156 0.120117 0.660156
0 0.964844 0.712891 0.964844 0.720703 0.968750 0.722656 0.968750 0.715820
0 0.583984 0.774414 0.584961 0.782227 0.587891 0.784180 0.587891 0.776367
0 0.224609 0.130859 0.227539 0.138672 0.231445 0.139648 0.231445 0.134766
0 0.781250 0.159180 0.776367 0.160156 0.773438 0.166016 0.778320 0.166016
0 0.054688 0.202148 0.058594 0.208008 0.064453 0.208984 0.063477 0.204102
0 0.432617 0.232422 0.434570 0.235352 0.444336 0.234375 0.440430 0.230469 0.433594 0.230469
0 0.841797 0.055664 0.839844 0.053711 0.834961 0.055664 0.832031 0.061523 0.837891 0.060547
0 0.411133 0.704102 0.406250 0.707031 0.405273 0.714844 0.411133 0.710938
0 0.653320 0.307617 0.655273 0.312500 0.663086 0.313477 0.660156 0.308594
0 0.313477 0.469727 0.313477 0.475586 0.317383 0.478516 0.318359 0.472656 0.316406 0.469727
0 0.101562 0.833984 0.098633 0.833984 0.096680 0.837891 0.097656 0.843750 0.101562 0.839844
0 0.592773 0.683594 0.589844 0.683594 0.587891 0.686523 0.587891 0.694336 0.592773 0.690430
0 0.138672 0.832031 0.135742 0.833984 0.137695 0.842773 0.140625 0.840820
0 0.249023 0.752930 0.245117 0.756836 0.247070 0.763672 0.250000 0.755859
0 0.186523 0.179688 0.192383 0.185547 0.199219 0.185547 0.194336 0.178711 0.189453 0.177734
0 0.311523 0.635742 0.318359 0.636719 0.323242 0.631836 0.314453 0.630859 0.311523 0.632812
0 0.933594 0.142578 0.933594 0.145508 0.936523 0.147461 0.945312 0.146484 0.942383 0.142578
0 0.125977 0.496094 0.129883 0.500977 0.136719 0.500977 0.133789 0.496094
0 0.890625 0.145508 0.891602 0.151367 0.899414 0.154297 0.896484 0.147461
0 0.320312 0.430664 0.314453 0.429688 0.310547 0.434570 0.316406 0.434570
0 0.270508 0.833008 0.273438 0.836914 0.282227 0.834961 0.281250 0.832031
0 0.843750 0.955078 0.837891 0.958984 0.837891 0.966797 0.842773 0.962891
0 0.914062 0.613281 0.912109 0.620117 0.916016 0.624023 0.916992 0.615234
0 0.071289 0.398438 0.061523 0.398438 0.058594 0.402344 0.062500 0.404297 0.068359 0.402344
0 0.162109 0.883789 0.160156 0.892578 0.164062 0.893555 0.165039 0.886719
0 0.841797 0.929688 0.838867 0.929688 0.836914 0.932617 0.838867 0.941406 0.841797 0.939453
0 0.084961 0.540039 0.086914 0.542969 0.093750 0.541992 0.092773 0.539062
0 0.563477 0.427734 0.565430 0.430664 0.574219 0.429688 0.570312 0.425781
0 0.369141 0.177734 0.362305 0.178711 0.358398 0.184570 0.366211 0.184570 0.370117 0.179688
0 0.365234 0.741211 0.361328 0.743164 0.363281 0.751953 0.366211 0.747070
0 0.990234 0.008789 0.989258 0.017578 0.992188 0.019531 0.994141 0.013672 0.992188 0.008789
0 0.312500 0.971680 0.312500 0.974609 0.316406 0.977539 0.326172 0.976562 0.321289 0.971680
0 0.777344 0.240234 0.779297 0.247070 0.782227 0.249023 0.784180 0.247070 0.783203 0.243164