0 0.957031 0.791016 0.956055 0.795898 0.958984 0.801758 0.960938 0.799805 0.960938 0.791992
0 0.200195 0.909180 0.195312 0.911133 0.194336 0.917969 0.198242 0.916992
0 0.457031 0.024414 0.455078 0.022461 0.451172 0.023438 0.448242 0.029297 0.455078 0.027344
0 0.172852 0.976562 0.173828 0.982422 0.180664 0.986328 0.178711 0.978516
0 0.116211 0.416992 0.110352 0.418945 0.108398 0.424805 0.113281 0.423828
0 0.750977 0.096680 0.748047 0.096680 0.746094 0.099609 0.749023 0.109375 0.751953 0.103516
0 0.973633 0.244141 0.980469 0.244141 0.984375 0.242188 0.984375 0.239258 0.977539 0.239258
0 0.320312 0.947266 0.313477 0.948242 0.310547 0.953125 0.317383 0.952148
0 0.683594 0.522461 0.680664 0.522461 0.678711 0.526367 0.679688 0.535156 0.681641 0.535156 0.684570 0.528320
0 0.094727 0.327148 0.087891 0.326172 0.083984 0.329102 0.083008 0.333008 0.089844 0.332031
0 0.840820 0.750977 0.833008 0.751953 0.831055 0.756836 0.838867 0.754883
0 0.926758 0.106445 0.926758 0.112305 0.931641 0.116211 0.931641 0.109375 0.929688 0.106445
0 0.116211 0.299805 0.110352 0.298828 0.104492 0.305664 0.111328 0.305664
0 0.743164 0.213867 0.744141 0.218750 0.747070 0.221680 0.750977 0.221680 0.750977 0.217773
0 0.819336 0.142578 0.821289 0.145508 0.831055 0.144531 0.829102 0.140625
0 0.454102 0.477539 0.454102 0.484375 0.458008 0.487305 0.458008 0.479492
0 0.571289 0.140625 0.571289 0.148438 0.575195 0.150391 0.575195 0.143555
0 0.057617 0.361328 0.055664 0.361328 0.053711 0.366211 0.056641 0.374023 0.059570 0.369141
0 0.403320 0.377930 0.407227 0.382812 0.412109 0.381836 0.410156 0.377930
0 0.080078 0.345703 0.075195 0.350586 0.075195 0.358398 0.080078 0.354492
0 0.761719 0.494141 0.758789 0.494141 0.756836 0.497070 0.756836 0.503906 0.760742 0.501953
0 0.057617 0.741211 0.056641 0.748047 0.059570 0.752930 0.061523 0.744141
0 0.557617 0.845703 0.558594 0.850586 0.566406 0.854492 0.566406 0.850586 0.562500 0.846680
0 0.879883 0.228516 0.881836 0.231445 0.888672 0.233398 0.886719 0.228516
0 0.783203 0.459961 0.791992 0.459961 0.793945 0.457031 0.786133 0.456055 0.783203 0.457031