0 0.342773 0.247070 0.344727 0.250000 0.352539 0.250000 0.347656 0.245117
0 0.227539 0.441406 0.230469 0.447266 0.234375 0.448242 0.237305 0.446289 0.235352 0.442383
0 0.393555 0.127930 0.391602 0.129883 0.392578 0.137695 0.395508 0.134766
0 0.960938 0.280273 0.957031 0.282227 0.956055 0.288086 0.960938 0.286133
0 0.236328 0.576172 0.238281 0.583984 0.243164 0.585938 0.242188 0.579102
0 0.485352 0.084961 0.485352 0.087891 0.491211 0.090820 0.498047 0.088867 0.494141 0.084961
0 0.672852 0.488281 0.666016 0.487305 0.661133 0.490234 0.661133 0.493164 0.670898 0.492188
0 0.142578 0.914062 0.132812 0.916992 0.132812 0.919922 0.140625 0.918945
0 0.649414 0.899414 0.640625 0.900391 0.639648 0.904297 0.646484 0.903320
0 0.367188 0.731445 0.365234 0.736328 0.368164 0.741211 0.370117 0.733398
0 0.412109 0.762695 0.413086 0.768555 0.419922 0.772461 0.417969 0.764648
0 0.021484 0.390625 0.026367 0.393555 0.032227 0.391602 0.026367 0.388672
0 0.308594 0.953125 0.312500 0.958008 0.318359 0.958984 0.314453 0.952148 0.310547 0.951172
0 0.435547 0.858398 0.429688 0.858398 0.424805 0.863281 0.431641 0.863281
0 0.477539 0.335938 0.475586 0.334961 0.467773 0.340820 0.467773 0.344727 0.473633 0.343750
0 0.978516 0.129883 0.974609 0.132812 0.973633 0.140625 0.979492 0.135742 0.980469 0.131836
0 0.395508 0.380859 0.391602 0.383789 0.392578 0.391602 0.396484 0.387695
0 0.706055 0.462891 0.708984 0.467773 0.715820 0.467773 0.714844 0.464844
0 0.212891 0.375977 0.208984 0.375977 0.207031 0.379883 0.208008 0.388672 0.211914 0.384766
0 0.272461 0.986328 0.276367 0.990234 0.284180 0.989258 0.282227 0.985352
0 0.441406 0.040039 0.443359 0.046875 0.452148 0.048828 0.452148 0.045898 0.447266 0.041016
0 0.739258 0.372070 0.733398 0.373047 0.729492 0.379883 0.736328 0.378906
0 0.326172 0.431641 0.319336 0.435547 0.319336 0.440430 0.326172 0.436523
0 0.703125 0.454102 0.699219 0.454102 0.695312 0.461914 0.700195 0.460938
0 0.245117 0.143555 0.247070 0.150391 0.250000 0.151367 0.249023 0.144531
0 0.429688 0.699219 0.431641 0.706055 0.437500 0.708008 0.436523 0.703125
0 0.432617 0.543945 0.437500 0.548828 0.444336 0.546875 0.441406 0.542969
0 0.699219 0.679688 0.697266 0.679688 0.695312 0.684570 0.697266 0.691406 0.701172 0.687500
0 0.650391 0.042969 0.650391 0.050781 0.654297 0.052734 0.654297 0.045898
0 0.609375 0.789062 0.608398 0.795898 0.610352 0.800781 0.613281 0.801758 0.614258 0.791992 0.612305 0.789062
0 0.587891 0.739258 0.583984 0.740234 0.582031 0.748047 0.586914 0.746094
0 0.446289 0.025391 0.443359 0.026367 0.443359 0.035156 0.447266 0.032227
0 0.488281 0.109375 0.484375 0.109375 0.480469 0.113281 0.480469 0.119141 0.486328 0.116211
0 0.885742 0.616211 0.888672 0.622070 0.894531 0.622070 0.891602 0.617188
0 0.763672 0.715820 0.758789 0.716797 0.755859 0.725586 0.762695 0.721680
0 0.350586 0.957031 0.352539 0.962891 0.359375 0.964844 0.354492 0.957031
0 0.601562 0.554688 0.595703 0.555664 0.593750 0.560547 0.599609 0.559570
0 0.650391 0.333008 0.645508 0.328125 0.639648 0.330078 0.643555 0.333984
0 0.982422 0.392578 0.984375 0.397461 0.991211 0.398438 0.987305 0.392578
0 0.205078 0.112305 0.207031 0.116211 0.213867 0.117188 0.209961 0.112305
0 0.678711 0.300781 0.679688 0.302734 0.687500 0.303711 0.690430 0.301758 0.690430 0.298828
0 0.239258 0.725586 0.236328 0.726562 0.234375 0.731445 0.237305 0.741211 0.241211 0.734375
0 0.520508 0.913086 0.514648 0.912109 0.510742 0.916992 0.516602 0.916992
0 0.047852 0.834961 0.040039 0.835938 0.038086 0.839844 0.044922 0.839844
0 0.737305 0.246094 0.731445 0.246094 0.726562 0.250977 0.726562 0.253906 0.734375 0.251953
0 0.679688 0.534180 0.679688 0.541016 0.685547 0.544922 0.684570 0.537109
0 0.672852 0.959961 0.671875 0.964844 0.675781 0.968750 0.676758 0.962891
0 0.577148 0.007812 0.571289 0.012695 0.571289 0.020508 0.575195 0.020508 0.577148 0.017578