0 0.439453 0.492188 0.441406 0.499023 0.446289 0.501953 0.447266 0.498047 0.444336 0.493164
0 0.116211 0.022461 0.110352 0.027344 0.110352 0.036133 0.115234 0.033203
0 0.177734 0.915039 0.173828 0.915039 0.170898 0.917969 0.168945 0.925781 0.175781 0.921875
0 0.605469 0.031250 0.600586 0.035156 0.600586 0.041016 0.605469 0.039062
0 0.254883 0.435547 0.256836 0.443359 0.262695 0.445312 0.260742 0.438477
0 0.080078 0.778320 0.079102 0.786133 0.082031 0.789062 0.083984 0.781250 0.083008 0.778320
0 0.790039 0.175781 0.791992 0.181641 0.799805 0.183594 0.795898 0.176758
0 0.742188 0.695312 0.744141 0.699219 0.752930 0.697266 0.750000 0.694336
0 0.263672 0.960938 0.266602 0.965820 0.274414 0.965820 0.270508 0.960938
0 0.344727 0.686523 0.344727 0.695312 0.347656 0.698242 0.348633 0.687500
0 0.953125 0.769531 0.955078 0.773438 0.962891 0.773438 0.959961 0.769531
0 0.407227 0.012695 0.401367 0.015625 0.400391 0.023438 0.406250 0.021484
0 0.760742 0.652344 0.756836 0.654297 0.755859 0.661133 0.760742 0.659180
0 0.477539 0.694336 0.467773 0.695312 0.464844 0.697266 0.464844 0.700195 0.471680 0.701172 0.477539 0.697266
0 0.435547 0.842773 0.437500 0.846680 0.446289 0.844727
0 0.871094 0.566406 0.867188 0.567383 0.866211 0.574219 0.871094 0.571289
0 0.972656 0.917969 0.966797 0.918945 0.964844 0.922852 0.970703 0.921875
0 0.122070 0.426758 0.116211 0.426758 0.112305 0.431641 0.118164 0.431641
0 0.647461 0.434570 0.651367 0.439453 0.656250 0.438477 0.654297 0.434570
0 0.542969 0.624023 0.542969 0.625977 0.549805 0.626953 0.554688 0.625000 0.554688 0.622070 0.547852 0.621094
0 0.313477 0.259766 0.318359 0.266602 0.323242 0.267578 0.323242 0.263672 0.320312 0.260742
0 0.819336 0.386719 0.823242 0.388672 0.828125 0.383789 0.822266 0.383789
0 0.060547 0.567383 0.057617 0.566406 0.053711 0.573242 0.057617 0.573242
0 0.836914 0.029297 0.839844 0.032227 0.848633 0.030273 0.846680 0.027344
0 0.358398 0.881836 0.360352 0.890625 0.365234 0.894531 0.367188 0.892578 0.365234 0.885742
0 0.913086 0.894531 0.913086 0.903320 0.916016 0.905273 0.916992 0.897461 0.916016 0.894531
0 0.533203 0.585938 0.526367 0.589844 0.527344 0.593750 0.532227 0.591797
0 0.799805 0.898438 0.802734 0.903320 0.808594 0.904297 0.804688 0.897461
0 0.762695 0.826172 0.767578 0.831055 0.772461 0.830078 0.769531 0.825195
0 0.971680 0.430664 0.966797 0.432617 0.966797 0.440430 0.970703 0.437500
0 0.076172 0.065430 0.074219 0.067383 0.076172 0.071289 0.083008 0.075195 0.083984 0.071289 0.082031 0.068359
0 0.385742 0.912109 0.384766 0.917969 0.388672 0.920898 0.388672 0.914062
0 0.383789 0.151367 0.387695 0.154297 0.392578 0.154297 0.390625 0.150391
0 0.216797 0.209961 0.216797 0.220703 0.222656 0.224609 0.223633 0.217773 0.220703 0.211914
0 0.985352 0.140625 0.984375 0.147461 0.989258 0.151367 0.989258 0.144531
0 0.327148 0.011719 0.329102 0.019531 0.333984 0.021484 0.333984 0.015625
0 0.896484 0.114258 0.896484 0.118164 0.902344 0.123047 0.902344 0.117188
0 0.801758 0.820312 0.796875 0.822266 0.794922 0.829102 0.800781 0.826172
0 0.850586 0.276367 0.850586 0.284180 0.855469 0.286133 0.855469 0.280273 0.853516 0.276367
0 0.239258 0.576172 0.234375 0.579102 0.234375 0.588867 0.239258 0.584961
0 0.857422 0.352539 0.854492 0.353516 0.854492 0.361328 0.857422 0.360352
0 0.528320 0.007812 0.527344 0.015625 0.529297 0.019531 0.532227 0.019531 0.533203 0.012695
0 0.153320 0.902344 0.149414 0.903320 0.150391 0.913086 0.153320 0.910156
0 0.645508 0.167969 0.646484 0.175781 0.651367 0.177734 0.650391 0.170898
0 0.248047 0.475586 0.249023 0.483398 0.253906 0.484375 0.250977 0.475586
0 0.138672 0.371094 0.135742 0.372070 0.136719 0.379883 0.139648 0.376953
0 0.887695 0.419922 0.882812 0.417969 0.875977 0.421875 0.884766 0.423828
0 0.500977 0.551758 0.500000 0.561523 0.502930 0.561523 0.503906 0.553711
0 0.848633 0.394531 0.853516 0.402344 0.858398 0.403320 0.856445 0.396484
0 0.335938 0.463867 0.336914 0.473633 0.339844 0.473633 0.340820 0.468750
0 0.685547 0.316406 0.686523 0.321289 0.693359 0.324219 0.691406 0.318359
0 0.980469 0.154297 0.975586 0.158203 0.974609 0.162109 0.976562 0.164062 0.980469 0.160156
0 0.272461 0.788086 0.267578 0.786133 0.259766 0.791016 0.269531 0.791992
0 0.228516 0.414062 0.224609 0.416016 0.224609 0.423828 0.228516 0.420898
0 0.083008 0.533203 0.079102 0.534180 0.078125 0.541992 0.082031 0.539062