0 0.643555 0.932617 0.642578 0.938477 0.647461 0.942383 0.646484 0.934570
0 0.375977 0.329102 0.374023 0.335938 0.375977 0.341797 0.377930 0.341797 0.379883 0.331055
0 0.634766 0.455078 0.634766 0.460938 0.638672 0.464844 0.639648 0.458984
0 0.521484 0.306641 0.523438 0.314453 0.528320 0.316406 0.527344 0.308594
0 0.418945 0.540039 0.421875 0.542969 0.426758 0.541992 0.424805 0.539062
0 0.450195 0.087891 0.451172 0.092773 0.458984 0.094727 0.455078 0.088867
0 0.143555 0.111328 0.138672 0.110352 0.130859 0.115234 0.137695 0.117188 0.142578 0.115234
0 0.076172 0.919922 0.070312 0.918945 0.064453 0.922852 0.070312 0.924805
0 0.106445 0.547852 0.105469 0.552734 0.109375 0.555664 0.109375 0.548828
0 0.518555 0.529297 0.520508 0.532227 0.528320 0.531250 0.526367 0.527344
0 0.710938 0.301758 0.708008 0.302734 0.708984 0.310547 0.711914 0.307617
0 0.798828 0.732422 0.798828 0.738281 0.802734 0.743164 0.805664 0.743164 0.803711 0.734375
0 0.605469 0.030273 0.598633 0.030273 0.594727 0.035156 0.602539 0.035156 0.605469 0.033203
0 0.469727 0.281250 0.469727 0.286133 0.473633 0.291016 0.474609 0.285156
0 0.065430 0.615234 0.068359 0.623047 0.075195 0.623047 0.072266 0.617188
0 0.543945 0.779297 0.543945 0.782227 0.546875 0.784180 0.554688 0.783203 0.550781 0.779297
0 0.291992 0.916992 0.299805 0.916992 0.302734 0.913086 0.294922 0.912109 0.291992 0.914062
0 0.708984 0.618164 0.708008 0.623047 0.711914 0.628906 0.713867 0.624023 0.711914 0.619141
0 0.242188 0.490234 0.245117 0.495117 0.253906 0.496094 0.250977 0.491211
0 0.366211 0.611328 0.371094 0.616211 0.377930 0.616211 0.377930 0.613281 0.374023 0.610352
0 0.453125 0.654297 0.457031 0.659180 0.463867 0.660156 0.461914 0.655273
0 0.344727 0.944336 0.341797 0.944336 0.338867 0.950195 0.340820 0.957031 0.344727 0.953125
0 0.804688 0.493164 0.805664 0.497070 0.813477 0.499023 0.813477 0.496094
0 0.779297 0.161133 0.780273 0.166992 0.785156 0.168945 0.784180 0.164062
0 0.053711 0.950195 0.053711 0.952148 0.059570 0.954102 0.065430 0.952148 0.059570 0.948242
0 0.211914 0.868164 0.211914 0.874023 0.215820 0.876953 0.216797 0.872070
0 0.131836 0.796875 0.133789 0.804688 0.139648 0.806641 0.138672 0.799805
0 0.559570 0.449219 0.562500 0.453125 0.570312 0.453125 0.569336 0.449219
0 0.644531 0.669922 0.632812 0.671875 0.631836 0.676758 0.642578 0.674805
0 0.174805 0.180664 0.169922 0.181641 0.166016 0.187500 0.171875 0.187500
0 0.460938 0.493164 0.457031 0.495117 0.458008 0.501953 0.460938 0.500977
0 0.810547 0.095703 0.816406 0.101562 0.822266 0.100586 0.815430 0.094727
0 0.953125 0.091797 0.947266 0.093750 0.945312 0.100586 0.953125 0.095703
0 0.675781 0.736328 0.670898 0.736328 0.666992 0.741211 0.673828 0.741211
0 0.692383 0.750000 0.690430 0.752930 0.695312 0.759766 0.696289 0.755859
0 0.202148 0.278320 0.208984 0.283203 0.214844 0.282227 0.210938 0.277344
0 0.827148 0.822266 0.831055 0.828125 0.837891 0.829102 0.836914 0.824219
0 0.586914 0.984375 0.587891 0.993164 0.592773 0.995117 0.591797 0.987305
0 0.861328 0.936523 0.858398 0.936523 0.856445 0.940430 0.857422 0.950195 0.862305 0.946289
0 0.160156 0.596680 0.166016 0.600586 0.171875 0.599609 0.171875 0.596680 0.168945 0.594727 0.162109 0.594727
0 0.855469 0.333984 0.857422 0.338867 0.864258 0.339844 0.862305 0.334961
0 0.073242 0.320312 0.068359 0.321289 0.064453 0.329102 0.071289 0.327148
0 0.690430 0.602539 0.686523 0.604492 0.686523 0.612305 0.690430 0.609375
0 0.166016 0.124023 0.170898 0.127930 0.175781 0.126953 0.170898 0.122070
0 0.356445 0.199219 0.359375 0.205078 0.363281 0.205078 0.362305 0.201172
0 0.279297 0.385742 0.276367 0.390625 0.276367 0.399414 0.278320 0.402344 0.281250 0.402344 0.283203 0.392578 0.281250 0.385742
0 0.813477 0.184570 0.811523 0.192383 0.813477 0.196289 0.816406 0.196289 0.817383 0.188477
0 0.125977 0.903320 0.118164 0.905273 0.115234 0.909180 0.124023 0.909180
0 0.152344 0.061523 0.148438 0.063477 0.149414 0.071289 0.153320 0.065430
0 0.795898 0.897461 0.796875 0.900391 0.806641 0.898438 0.805664 0.895508
0 0.921875 0.038086 0.924805 0.041992 0.931641 0.041992 0.925781 0.037109
0 0.271484 0.594727 0.276367 0.602539 0.280273 0.603516 0.282227 0.601562 0.278320 0.595703
0 0.366211 0.497070 0.362305 0.499023 0.362305 0.508789 0.366211 0.505859
0 0.866211 0.705078 0.860352 0.708008 0.858398 0.719727 0.864258 0.715820 0.867188 0.708008
0 0.235352 0.416992 0.240234 0.416992 0.243164 0.413086 0.237305 0.413086
0 0.178711 0.777344 0.173828 0.777344 0.168945 0.783203 0.175781 0.783203
0 0.558594 0.260742 0.565430 0.261719 0.569336 0.256836 0.561523 0.256836
0 0.740234 0.711914 0.739258 0.718750 0.743164 0.723633 0.746094 0.723633 0.745117 0.716797
0 0.174805 0.666992 0.171875 0.669922 0.173828 0.676758 0.176758 0.673828
0 0.650391 0.577148 0.654297 0.580078 0.660156 0.579102 0.660156 0.576172 0.656250 0.575195
0 0.306641 0.421875 0.304688 0.429688 0.309570 0.434570 0.310547 0.425781
0 0.945312 0.509766 0.946289 0.513672 0.958008 0.512695 0.956055 0.508789