0 0.506836 0.133789 0.505859 0.141602 0.509766 0.143555 0.510742 0.137695
0 0.204102 0.594727 0.196289 0.594727 0.194336 0.598633 0.202148 0.598633
0 0.021484 0.451172 0.024414 0.455078 0.031250 0.456055 0.028320 0.450195
0 0.154297 0.827148 0.154297 0.829102 0.160156 0.831055 0.167969 0.830078 0.165039 0.826172
0 0.401367 0.087891 0.398438 0.088867 0.398438 0.096680 0.401367 0.094727
0 0.085938 0.834961 0.084961 0.843750 0.087891 0.844727 0.088867 0.835938
0 0.135742 0.178711 0.135742 0.180664 0.142578 0.182617 0.147461 0.180664 0.145508 0.176758
0 0.081055 0.328125 0.075195 0.333008 0.076172 0.339844 0.082031 0.333008
0 0.395508 0.311523 0.399414 0.317383 0.408203 0.317383 0.404297 0.312500
0 0.593750 0.283203 0.589844 0.285156 0.588867 0.292969 0.594727 0.290039 0.595703 0.286133
0 0.875000 0.082031 0.871094 0.083984 0.870117 0.091797 0.875977 0.088867 0.876953 0.084961
0 0.316406 0.106445 0.318359 0.113281 0.322266 0.114258 0.321289 0.108398
0 0.317383 0.254883 0.310547 0.254883 0.307617 0.258789 0.315430 0.258789
0 0.482422 0.150391 0.483398 0.156250 0.490234 0.159180 0.488281 0.153320
0 0.495117 0.733398 0.489258 0.734375 0.483398 0.744141 0.491211 0.742188
0 0.226562 0.894531 0.230469 0.901367 0.236328 0.902344 0.232422 0.894531
0 0.859375 0.656250 0.865234 0.661133 0.870117 0.661133 0.870117 0.658203 0.866211 0.655273
0 0.279297 0.243164 0.279297 0.250977 0.285156 0.253906 0.284180 0.247070
0 0.541992 0.926758 0.538086 0.929688 0.538086 0.937500 0.543945 0.932617
0 0.218750 0.793945 0.219727 0.799805 0.224609 0.801758 0.223633 0.793945
0 0.841797 0.541992 0.833008 0.541992 0.831055 0.545898 0.837891 0.546875 0.841797 0.544922
0 0.523438 0.865234 0.524414 0.872070 0.529297 0.875977 0.529297 0.869141
0 0.228516 0.695312 0.230469 0.700195 0.239258 0.700195 0.235352 0.695312
0 0.080078 0.417969 0.076172 0.416992 0.072266 0.424805 0.075195 0.424805
0 0.324219 0.067383 0.318359 0.067383 0.314453 0.072266 0.320312 0.072266
0 0.708984 0.268555 0.704102 0.269531 0.700195 0.275391 0.708008 0.273438
0 0.510742 0.353516 0.512695 0.357422 0.521484 0.359375 0.519531 0.354492
0 0.030273 0.467773 0.032227 0.475586 0.035156 0.476562 0.035156 0.469727
0 0.456055 0.634766 0.458984 0.638672 0.468750 0.636719 0.464844 0.633789
0 0.445312 0.305664 0.445312 0.310547 0.452148 0.313477 0.452148 0.309570
0 0.217773 0.766602 0.219727 0.771484 0.226562 0.772461 0.222656 0.766602
0 0.083008 0.929688 0.083984 0.935547 0.089844 0.938477 0.090820 0.934570 0.088867 0.931641
0 0.871094 0.983398 0.871094 0.986328 0.875000 0.987305 0.882812 0.985352 0.882812 0.982422
0 0.866211 0.450195 0.864258 0.450195 0.862305 0.456055 0.865234 0.461914 0.867188 0.458008
0 0.920898 0.470703 0.918945 0.468750 0.914062 0.470703 0.911133 0.478516 0.917969 0.476562
0 0.436523 0.679688 0.431641 0.679688 0.428711 0.685547 0.434570 0.683594
0 0.748047 0.718750 0.743164 0.717773 0.738281 0.720703 0.738281 0.723633 0.743164 0.723633
0 0.337891 0.661133 0.333008 0.666992 0.333984 0.672852 0.338867 0.669922 0.339844 0.664062
0 0.427734 0.789062 0.432617 0.794922 0.437500 0.794922 0.436523 0.791016
0 0.958008 0.964844 0.958008 0.967773 0.960938 0.969727 0.969727 0.970703 0.969727 0.967773 0.966797 0.965820
0 0.875977 0.631836 0.870117 0.631836 0.865234 0.636719 0.873047 0.636719 0.875977 0.634766
0 0.025391 0.723633 0.021484 0.726562 0.022461 0.734375 0.024414 0.734375 0.026367 0.729492
0 0.119141 0.482422 0.118164 0.489258 0.122070 0.493164 0.123047 0.485352