0 0.765625 0.842773 0.766602 0.847656 0.772461 0.850586 0.771484 0.844727
0 0.743164 0.409180 0.743164 0.416992 0.746094 0.417969 0.747070 0.411133
0 0.815430 0.101562 0.810547 0.102539 0.807617 0.108398 0.812500 0.108398
0 0.645508 0.344727 0.648438 0.349609 0.655273 0.350586 0.654297 0.346680
0 0.293945 0.171875 0.291992 0.178711 0.296875 0.183594 0.297852 0.177734
0 0.367188 0.485352 0.359375 0.486328 0.357422 0.490234 0.364258 0.490234
0 0.850586 0.331055 0.844727 0.332031 0.840820 0.337891 0.846680 0.337891
0 0.929688 0.857422 0.922852 0.859375 0.920898 0.868164 0.923828 0.868164 0.928711 0.863281
0 0.059570 0.012695 0.063477 0.020508 0.073242 0.021484 0.070312 0.015625
0 0.857422 0.532227 0.852539 0.535156 0.852539 0.545898 0.858398 0.540039
0 0.128906 0.920898 0.124023 0.923828 0.124023 0.930664 0.128906 0.927734
0 0.437500 0.402344 0.437500 0.409180 0.440430 0.411133 0.441406 0.404297
0 0.563477 0.311523 0.557617 0.311523 0.551758 0.317383 0.559570 0.317383
0 0.409180 0.074219 0.404297 0.075195 0.401367 0.082031 0.407227 0.081055
0 0.380859 0.916016 0.376953 0.916992 0.375000 0.927734 0.377930 0.927734 0.380859 0.923828
0 0.625000 0.791016 0.627930 0.793945 0.635742 0.792969 0.632812 0.789062
0 0.602539 0.078125 0.601562 0.083008 0.605469 0.086914 0.606445 0.080078
0 0.911133 0.886719 0.905273 0.888672 0.902344 0.895508 0.903320 0.901367 0.909180 0.896484
0 0.192383 0.933594 0.200195 0.933594 0.202148 0.930664 0.194336 0.929688
0 0.244141 0.772461 0.239258 0.772461 0.235352 0.778320 0.243164 0.776367
0 0.328125 0.609375 0.327148 0.616211 0.331055 0.620117 0.331055 0.612305
0 0.731445 0.171875 0.731445 0.175781 0.737305 0.178711 0.736328 0.172852
0 0.642578 0.061523 0.642578 0.070312 0.647461 0.074219 0.647461 0.064453
0 0.154297 0.504883 0.150391 0.507812 0.151367 0.514648 0.156250 0.509766
0 0.585938 0.142578 0.593750 0.142578 0.595703 0.138672 0.587891 0.138672
0 0.927734 0.459961 0.927734 0.463867 0.930664 0.465820 0.939453 0.464844 0.934570 0.459961
0 0.719727 0.602539 0.713867 0.603516 0.710938 0.609375 0.715820 0.609375
0 0.084961 0.409180 0.084961 0.416992 0.086914 0.419922 0.089844 0.419922 0.090820 0.416016
0 0.623047 0.644531 0.623047 0.647461 0.625977 0.648438 0.632812 0.647461 0.632812 0.645508 0.627930 0.643555
0 0.178711 0.168945 0.172852 0.172852 0.172852 0.176758 0.177734 0.174805
0 0.291016 0.499023 0.296875 0.505859 0.302734 0.505859 0.301758 0.500977 0.294922 0.498047
0 0.443359 0.339844 0.445312 0.343750 0.452148 0.344727 0.451172 0.340820
0 0.750977 0.958008 0.754883 0.963867 0.762695 0.963867 0.760742 0.958984 0.756836 0.957031
0 0.197266 0.425781 0.200195 0.430664 0.209961 0.430664 0.205078 0.425781
0 0.505859 0.826172 0.501953 0.826172 0.499023 0.829102 0.498047 0.836914 0.503906 0.833984
0 0.568359 0.234375 0.567383 0.242188 0.572266 0.246094 0.573242 0.237305 0.571289 0.234375
0 0.591797 0.907227 0.588867 0.907227 0.586914 0.911133 0.587891 0.919922 0.592773 0.915039
0 0.273438 0.148438 0.269531 0.147461 0.266602 0.149414 0.262695 0.156250 0.271484 0.154297
0 0.499023 0.347656 0.492188 0.347656 0.489258 0.353516 0.495117 0.352539
0 0.173828 0.505859 0.172852 0.509766 0.175781 0.515625 0.177734 0.515625 0.178711 0.509766 0.176758 0.505859
0 0.812500 0.550781 0.809570 0.552734 0.809570 0.562500 0.813477 0.559570
0 0.378906 0.457031 0.379883 0.464844 0.383789 0.465820 0.382812 0.458984
0 0.944336 0.783203 0.939453 0.783203 0.936523 0.788086 0.942383 0.787109
0 0.718750 0.680664 0.711914 0.681641 0.708008 0.685547 0.708008 0.690430 0.713867 0.689453
0 0.399414 0.584961 0.399414 0.590820 0.407227 0.593750 0.408203 0.590820 0.405273 0.586914
0 0.033203 0.590820 0.026367 0.594727 0.025391 0.600586 0.032227 0.597656
0 0.985352 0.944336 0.986328 0.948242 0.993164 0.950195 0.991211 0.945312
0 0.219727 0.880859 0.220703 0.887695 0.227539 0.891602 0.226562 0.883789