0 0.690430 0.183594 0.691406 0.187500 0.698242 0.189453 0.695312 0.183594
0 0.039062 0.074219 0.034180 0.075195 0.032227 0.081055 0.036133 0.081055
0 0.908203 0.097656 0.903320 0.102539 0.904297 0.110352 0.906250 0.111328 0.909180 0.105469
0 0.477539 0.872070 0.481445 0.878906 0.485352 0.880859 0.488281 0.878906 0.484375 0.873047
0 0.963867 0.560547 0.958984 0.560547 0.955078 0.564453 0.954102 0.569336 0.960938 0.567383
0 0.287109 0.982422 0.289062 0.990234 0.294922 0.992188 0.292969 0.984375
0 0.341797 0.055664 0.339844 0.057617 0.341797 0.065430 0.344727 0.059570
0 0.929688 0.063477 0.925781 0.064453 0.923828 0.074219 0.928711 0.070312
0 0.929688 0.429688 0.923828 0.429688 0.921875 0.433594 0.928711 0.432617
0 0.846680 0.250977 0.841797 0.253906 0.840820 0.259766 0.842773 0.262695 0.846680 0.257812
0 0.220703 0.236328 0.219727 0.243164 0.223633 0.246094 0.224609 0.241211 0.222656 0.236328
0 0.232422 0.816406 0.236328 0.821289 0.240234 0.821289 0.238281 0.816406
0 0.813477 0.774414 0.814453 0.780273 0.819336 0.784180 0.818359 0.776367
0 0.762695 0.154297 0.759766 0.156250 0.760742 0.165039 0.764648 0.161133
0 0.061523 0.911133 0.057617 0.914062 0.057617 0.919922 0.061523 0.918945
0 0.971680 0.247070 0.974609 0.253906 0.982422 0.255859 0.978516 0.248047
0 0.101562 0.331055 0.108398 0.332031 0.114258 0.328125 0.105469 0.326172 0.101562 0.328125
0 0.153320 0.697266 0.154297 0.706055 0.157227 0.707031 0.157227 0.699219
0 0.835938 0.235352 0.836914 0.244141 0.841797 0.246094 0.841797 0.239258
0 0.192383 0.911133 0.193359 0.916992 0.199219 0.920898 0.198242 0.913086
0 0.137695 0.538086 0.128906 0.540039 0.127930 0.544922 0.134766 0.542969
0 0.321289 0.048828 0.317383 0.050781 0.315430 0.057617 0.320312 0.056641
0 0.236328 0.173828 0.243164 0.173828 0.247070 0.169922 0.240234 0.168945 0.236328 0.170898
0 0.414062 0.385742 0.417969 0.390625 0.424805 0.390625 0.424805 0.387695 0.421875 0.385742
0 0.096680 0.925781 0.089844 0.926758 0.085938 0.933594 0.093750 0.932617
0 0.121094 0.250977 0.115234 0.251953 0.113281 0.256836 0.119141 0.255859
0 0.801758 0.449219 0.797852 0.454102 0.800781 0.463867 0.803711 0.458008
0 0.444336 0.555664 0.446289 0.558594 0.454102 0.556641 0.452148 0.554688
0 0.623047 0.846680 0.626953 0.853516 0.631836 0.852539 0.628906 0.847656
0 0.895508 0.481445 0.893555 0.488281 0.895508 0.493164 0.897461 0.493164 0.898438 0.485352
0 0.411133 0.835938 0.406250 0.839844 0.407227 0.846680 0.411133 0.843750
0 0.080078 0.058594 0.077148 0.059570 0.074219 0.065430 0.077148 0.071289 0.081055 0.066406
0 0.863281 0.835938 0.864258 0.842773 0.873047 0.846680 0.872070 0.840820 0.867188 0.835938
0 0.872070 0.580078 0.875977 0.583984 0.882812 0.583984 0.879883 0.579102
0 0.803711 0.099609 0.803711 0.103516 0.813477 0.102539 0.811523 0.099609
0 0.965820 0.821289 0.958008 0.822266 0.953125 0.826172 0.953125 0.829102 0.961914 0.828125 0.964844 0.826172
0 0.265625 0.644531 0.266602 0.650391 0.272461 0.653320 0.270508 0.645508
0 0.549805 0.488281 0.543945 0.489258 0.541016 0.495117 0.547852 0.493164
0 0.875000 0.362305 0.873047 0.366211 0.877930 0.373047 0.877930 0.364258
0 0.431641 0.245117 0.427734 0.250000 0.428711 0.254883 0.432617 0.252930
0 0.554688 0.943359 0.559570 0.949219 0.565430 0.949219 0.564453 0.944336 0.560547 0.942383
0 0.630859 0.228516 0.627930 0.228516 0.625977 0.231445 0.627930 0.240234 0.630859 0.236328
0 0.748047 0.379883 0.747070 0.386719 0.750000 0.387695 0.750977 0.382812