0 0.751953 0.977539 0.750977 0.985352 0.753906 0.988281 0.755859 0.987305 0.755859 0.980469
0 0.291016 0.129883 0.291992 0.136719 0.297852 0.140625 0.295898 0.130859
0 0.695312 0.867188 0.697266 0.875000 0.703125 0.875977 0.702148 0.871094
0 0.018555 0.610352 0.018555 0.617188 0.022461 0.621094 0.022461 0.611328
0 0.436523 0.206055 0.426758 0.206055 0.424805 0.209961 0.430664 0.210938 0.436523 0.208008
0 0.537109 0.077148 0.535156 0.079102 0.536133 0.083984 0.541016 0.087891 0.540039 0.080078
0 0.313477 0.568359 0.315430 0.571289 0.321289 0.571289 0.325195 0.569336 0.325195 0.566406 0.318359 0.565430
0 0.820312 0.804688 0.824219 0.807617 0.831055 0.807617 0.826172 0.802734 0.821289 0.802734
0 0.577148 0.805664 0.576172 0.814453 0.579102 0.817383 0.581055 0.808594 0.580078 0.805664
0 0.289062 0.487305 0.291016 0.492188 0.299805 0.494141 0.296875 0.488281
0 0.430664 0.770508 0.424805 0.770508 0.420898 0.776367 0.426758 0.776367
0 0.274414 0.503906 0.274414 0.506836 0.277344 0.507812 0.285156 0.505859 0.284180 0.502930 0.279297 0.501953
0 0.083984 0.696289 0.085938 0.702148 0.091797 0.703125 0.087891 0.696289
0 0.248047 0.089844 0.250000 0.096680 0.255859 0.098633 0.253906 0.091797
0 0.712891 0.051758 0.712891 0.060547 0.716797 0.063477 0.718750 0.058594 0.716797 0.053711
0 0.904297 0.571289 0.899414 0.573242 0.897461 0.580078 0.904297 0.576172
0 0.823242 0.928711 0.822266 0.934570 0.827148 0.938477 0.827148 0.931641
0 0.334961 0.592773 0.333984 0.598633 0.338867 0.604492 0.338867 0.594727
0 0.262695 0.958984 0.263672 0.961914 0.271484 0.960938 0.268555 0.958008
0 0.769531 0.355469 0.765625 0.358398 0.766602 0.366211 0.770508 0.361328
0 0.100586 0.061523 0.099609 0.068359 0.103516 0.073242 0.105469 0.067383 0.103516 0.062500
0 0.426758 0.656250 0.427734 0.659180 0.434570 0.660156 0.432617 0.656250
0 0.667969 0.519531 0.661133 0.519531 0.658203 0.525391 0.665039 0.524414
0 0.637695 0.396484 0.633789 0.397461 0.631836 0.401367 0.632812 0.406250 0.635742 0.405273
0 0.553711 0.447266 0.559570 0.451172 0.564453 0.451172 0.564453 0.448242 0.561523 0.446289
0 0.882812 0.872070 0.878906 0.873047 0.877930 0.881836 0.881836 0.879883
0 0.288086 0.916016 0.284180 0.917969 0.284180 0.926758 0.288086 0.923828
0 0.501953 0.747070 0.501953 0.754883 0.506836 0.758789 0.508789 0.756836 0.507812 0.750977
0 0.927734 0.574219 0.927734 0.578125 0.931641 0.582031 0.936523 0.583008 0.932617 0.575195
0 0.885742 0.207031 0.887695 0.212891 0.892578 0.213867 0.891602 0.208984
0 0.256836 0.333984 0.258789 0.337891 0.266602 0.336914 0.266602 0.334961 0.261719 0.333008
0 0.526367 0.318359 0.529297 0.323242 0.538086 0.325195 0.533203 0.318359
0 0.374023 0.667969 0.371094 0.669922 0.372070 0.678711 0.374023 0.678711 0.375977 0.673828
0 0.945312 0.034180 0.946289 0.042969 0.953125 0.046875 0.952148 0.039062
0 0.250000 0.356445 0.241211 0.357422 0.239258 0.361328 0.245117 0.362305
0 0.527344 0.466797 0.519531 0.468750 0.517578 0.474609 0.524414 0.473633 0.527344 0.470703
0 0.403320 0.681641 0.411133 0.681641 0.414062 0.679688 0.414062 0.676758 0.407227 0.676758
0 0.874023 0.328125 0.874023 0.335938 0.875977 0.338867 0.878906 0.338867 0.878906 0.332031
0 0.317383 0.337891 0.313477 0.340820 0.314453 0.349609 0.318359 0.344727
0 0.863281 0.240234 0.862305 0.250000 0.867188 0.254883 0.868164 0.246094 0.865234 0.240234
0 0.467773 0.847656 0.468750 0.850586 0.475586 0.852539 0.474609 0.848633
0 0.192383 0.074219 0.200195 0.075195 0.205078 0.070312 0.196289 0.070312
0 0.954102 0.691406 0.950195 0.695312 0.951172 0.702148 0.955078 0.697266
0 0.282227 0.365234 0.283203 0.371094 0.287109 0.373047 0.287109 0.367188
0 0.805664 0.057617 0.806641 0.063477 0.814453 0.066406 0.811523 0.059570
0 0.655273 0.395508 0.648438 0.396484 0.644531 0.403320 0.652344 0.402344
0 0.946289 0.128906 0.945312 0.137695 0.949219 0.141602 0.950195 0.131836
0 0.293945 0.384766 0.288086 0.387695 0.287109 0.394531 0.292969 0.391602