0 0.392578 0.308594 0.388672 0.311523 0.387695 0.320312 0.393555 0.314453
0 0.935547 0.053711 0.942383 0.052734 0.944336 0.048828 0.936523 0.049805
0 0.503906 0.850586 0.504883 0.854492 0.508789 0.857422 0.512695 0.856445 0.508789 0.850586
0 0.316406 0.208008 0.308594 0.208008 0.306641 0.211914 0.314453 0.211914
0 0.528320 0.792969 0.528320 0.798828 0.533203 0.803711 0.534180 0.794922
0 0.442383 0.701172 0.445312 0.705078 0.452148 0.705078 0.446289 0.700195
0 0.109375 0.937500 0.109375 0.941406 0.116211 0.945312 0.115234 0.939453
0 0.913086 0.790039 0.905273 0.790039 0.902344 0.795898 0.910156 0.794922
0 0.830078 0.834961 0.831055 0.836914 0.837891 0.837891 0.842773 0.833984 0.841797 0.832031 0.833984 0.832031
0 0.287109 0.540039 0.279297 0.544922 0.279297 0.549805 0.285156 0.547852
0 0.358398 0.651367 0.362305 0.659180 0.369141 0.660156 0.367188 0.653320
0 0.581055 0.645508 0.581055 0.647461 0.586914 0.650391 0.592773 0.649414 0.589844 0.645508
0 0.666992 0.836914 0.659180 0.838867 0.655273 0.845703 0.664062 0.843750
0 0.809570 0.913086 0.812500 0.917969 0.820312 0.917969 0.818359 0.914062
0 0.300781 0.544922 0.296875 0.546875 0.294922 0.555664 0.300781 0.552734
0 0.987305 0.469727 0.989258 0.473633 0.996094 0.473633 0.993164 0.469727
0 0.377930 0.071289 0.378906 0.077148 0.384766 0.081055 0.383789 0.073242
0 0.205078 0.329102 0.208984 0.330078 0.216797 0.326172 0.208984 0.324219 0.205078 0.326172
0 0.242188 0.690430 0.243164 0.694336 0.252930 0.692383 0.249023 0.689453
0 0.799805 0.782227 0.799805 0.789062 0.805664 0.791992 0.804688 0.786133
0 0.198242 0.728516 0.200195 0.730469 0.208984 0.729492 0.208008 0.726562 0.203125 0.725586
0 0.138672 0.524414 0.139648 0.532227 0.142578 0.534180 0.142578 0.526367
0 0.916016 0.424805 0.912109 0.425781 0.909180 0.431641 0.915039 0.429688
0 0.793945 0.541016 0.797852 0.543945 0.802734 0.542969 0.802734 0.541016 0.797852 0.539062
0 0.667969 0.005859 0.667969 0.012695 0.670898 0.016602 0.673828 0.016602 0.672852 0.008789
0 0.306641 0.602539 0.302734 0.602539 0.299805 0.605469 0.298828 0.611328 0.305664 0.606445
0 0.500977 0.969727 0.503906 0.977539 0.511719 0.978516 0.506836 0.970703
0 0.626953 0.285156 0.632812 0.286133 0.638672 0.283203 0.638672 0.280273 0.629883 0.280273
0 0.308594 0.022461 0.304688 0.024414 0.304688 0.033203 0.309570 0.028320
0 0.164062 0.466797 0.162109 0.471680 0.166992 0.476562 0.167969 0.469727
0 0.589844 0.933594 0.586914 0.936523 0.587891 0.944336 0.591797 0.940430
0 0.652344 0.848633 0.653320 0.854492 0.659180 0.857422 0.657227 0.849609
0 0.755859 0.948242 0.751953 0.950195 0.750000 0.957031 0.754883 0.955078
0 0.477539 0.979492 0.479492 0.987305 0.482422 0.988281 0.482422 0.982422
0 0.590820 0.258789 0.596680 0.261719 0.603516 0.260742 0.600586 0.256836
0 0.894531 0.641602 0.889648 0.643555 0.888672 0.649414 0.894531 0.645508
0 0.177734 0.045898 0.172852 0.047852 0.171875 0.057617 0.176758 0.053711
0 0.614258 0.653320 0.609375 0.658203 0.610352 0.664062 0.613281 0.662109
0 0.005859 0.222656 0.009766 0.227539 0.015625 0.226562 0.011719 0.222656
0 0.423828 0.050781 0.417969 0.053711 0.416992 0.058594 0.422852 0.056641
0 0.628906 0.820312 0.622070 0.824219 0.622070 0.828125 0.625977 0.827148
0 0.037109 0.158203 0.039062 0.162109 0.045898 0.162109 0.043945 0.158203
0 0.764648 0.612305 0.760742 0.615234 0.760742 0.622070 0.765625 0.617188
0 0.984375 0.398438 0.980469 0.401367 0.981445 0.409180 0.985352 0.402344
0 0.536133 0.229492 0.536133 0.233398 0.539062 0.235352 0.548828 0.235352 0.548828 0.232422 0.543945 0.229492
0 0.083008 0.856445 0.076172 0.855469 0.070312 0.860352 0.071289 0.862305 0.076172 0.862305
0 0.787109 0.127930 0.786133 0.131836 0.790039 0.137695 0.791016 0.129883
0 0.605469 0.091797 0.599609 0.092773 0.597656 0.097656 0.605469 0.096680