0 0.600586 0.067383 0.596680 0.067383 0.593750 0.074219 0.598633 0.072266
0 0.732422 0.703125 0.726562 0.706055 0.726562 0.712891 0.731445 0.709961
0 0.268555 0.663086 0.271484 0.667969 0.280273 0.668945 0.275391 0.663086
0 0.219727 0.008789 0.213867 0.007812 0.208008 0.014648 0.213867 0.014648
0 0.402344 0.101562 0.403320 0.104492 0.412109 0.102539 0.411133 0.099609
0 0.956055 0.970703 0.954102 0.978516 0.956055 0.984375 0.958984 0.984375 0.960938 0.976562 0.959961 0.972656
0 0.847656 0.441406 0.843750 0.443359 0.841797 0.452148 0.847656 0.448242
0 0.301758 0.733398 0.296875 0.735352 0.296875 0.745117 0.299805 0.745117 0.301758 0.741211
0 0.477539 0.471680 0.468750 0.472656 0.466797 0.477539 0.472656 0.477539
0 0.772461 0.315430 0.774414 0.319336 0.782227 0.318359 0.776367 0.314453
0 0.505859 0.706055 0.506836 0.711914 0.511719 0.714844 0.510742 0.708008
0 0.983398 0.596680 0.977539 0.596680 0.972656 0.604492 0.980469 0.602539
0 0.445312 0.820312 0.439453 0.820312 0.437500 0.824219 0.442383 0.824219
0 0.353516 0.652344 0.348633 0.656250 0.348633 0.664062 0.353516 0.659180
0 0.400391 0.296875 0.397461 0.298828 0.398438 0.306641 0.400391 0.306641 0.402344 0.300781
0 0.817383 0.844727 0.812500 0.846680 0.811523 0.854492 0.816406 0.851562
0 0.944336 0.054688 0.945312 0.063477 0.950195 0.065430 0.949219 0.057617
0 0.107422 0.915039 0.110352 0.920898 0.115234 0.921875 0.111328 0.915039
0 0.726562 0.586914 0.730469 0.591797 0.737305 0.590820 0.735352 0.586914
0 0.066406 0.077148 0.061523 0.080078 0.059570 0.086914 0.064453 0.085938
0 0.829102 0.241211 0.828125 0.249023 0.830078 0.253906 0.833008 0.253906 0.833008 0.244141
0 0.379883 0.769531 0.374023 0.770508 0.372070 0.774414 0.377930 0.774414
0 0.622070 0.598633 0.623047 0.604492 0.629883 0.608398 0.627930 0.600586
0 0.522461 0.798828 0.528320 0.799805 0.534180 0.793945 0.527344 0.793945
0 0.392578 0.693359 0.389648 0.691406 0.381836 0.694336 0.381836 0.697266 0.388672 0.697266
0 0.743164 0.155273 0.745117 0.161133 0.750977 0.162109 0.749023 0.157227
0 0.220703 0.265625 0.223633 0.272461 0.231445 0.274414 0.228516 0.266602
0 0.231445 0.131836 0.226562 0.133789 0.225586 0.142578 0.229492 0.140625
0 0.879883 0.378906 0.871094 0.378906 0.868164 0.380859 0.868164 0.383789 0.876953 0.382812
0 0.282227 0.317383 0.278320 0.319336 0.278320 0.327148 0.282227 0.324219
0 0.125977 0.473633 0.116211 0.475586 0.114258 0.481445 0.122070 0.480469
0 0.498047 0.938477 0.497070 0.945312 0.502930 0.950195 0.502930 0.942383
0 0.325195 0.516602 0.324219 0.521484 0.329102 0.527344 0.329102 0.518555
0 0.343750 0.485352 0.343750 0.493164 0.347656 0.495117 0.347656 0.488281
0 0.915039 0.192383 0.910156 0.194336 0.907227 0.202148 0.915039 0.198242
0 0.610352 0.782227 0.609375 0.787109 0.613281 0.791992 0.614258 0.783203
0 0.124023 0.017578 0.123047 0.027344 0.127930 0.032227 0.129883 0.021484 0.127930 0.017578
0 0.216797 0.661133 0.218750 0.666992 0.223633 0.668945 0.224609 0.665039 0.220703 0.661133
0 0.072266 0.492188 0.068359 0.490234 0.061523 0.494141 0.070312 0.496094
0 0.607422 0.976562 0.600586 0.980469 0.600586 0.985352 0.606445 0.982422
0 0.321289 0.257812 0.325195 0.260742 0.333008 0.259766 0.330078 0.255859
0 0.269531 0.410156 0.263672 0.411133 0.261719 0.416016 0.266602 0.415039
0 0.453125 0.852539 0.447266 0.854492 0.445312 0.863281 0.452148 0.859375
0 0.172852 0.829102 0.171875 0.837891 0.174805 0.838867 0.175781 0.832031
0 0.706055 0.235352 0.709961 0.239258 0.718750 0.238281 0.714844 0.234375
0 0.065430 0.057617 0.068359 0.062500 0.076172 0.062500 0.071289 0.057617
0 0.261719 0.490234 0.263672 0.494141 0.271484 0.495117 0.268555 0.491211
0 0.691406 0.913086 0.692383 0.917969 0.699219 0.919922 0.697266 0.915039