0 0.035156 0.530273 0.033203 0.537109 0.037109 0.541992 0.039062 0.535156
0 0.122070 0.818359 0.122070 0.821289 0.126953 0.823242 0.134766 0.822266 0.132812 0.817383
0 0.723633 0.478516 0.722656 0.487305 0.726562 0.488281 0.727539 0.481445 0.726562 0.478516
0 0.601562 0.896484 0.601562 0.904297 0.605469 0.908203 0.607422 0.902344
0 0.038086 0.825195 0.042969 0.829102 0.050781 0.827148 0.046875 0.823242
0 0.761719 0.268555 0.764648 0.274414 0.768555 0.275391 0.771484 0.273438 0.769531 0.269531
0 0.315430 0.303711 0.307617 0.302734 0.304688 0.306641 0.313477 0.307617
0 0.640625 0.895508 0.634766 0.895508 0.631836 0.900391 0.637695 0.900391
0 0.062500 0.641602 0.057617 0.641602 0.053711 0.648438 0.059570 0.647461
0 0.370117 0.739258 0.371094 0.744141 0.376953 0.748047 0.376953 0.743164
0 0.042969 0.231445 0.041016 0.234375 0.047852 0.241211 0.047852 0.235352
0 0.958984 0.545898 0.958008 0.550781 0.961914 0.555664 0.963867 0.550781
0 0.750000 0.210938 0.746094 0.212891 0.748047 0.221680 0.750977 0.215820
0 0.087891 0.392578 0.088867 0.397461 0.092773 0.399414 0.097656 0.398438 0.092773 0.393555
0 0.143555 0.244141 0.138672 0.246094 0.137695 0.254883 0.142578 0.251953
0 0.948242 0.484375 0.944336 0.486328 0.945312 0.496094 0.949219 0.492188
0 0.446289 0.689453 0.440430 0.690430 0.438477 0.696289 0.444336 0.694336
0 0.982422 0.195312 0.981445 0.199219 0.985352 0.203125 0.986328 0.197266
0 0.961914 0.075195 0.955078 0.079102 0.954102 0.084961 0.956055 0.085938 0.960938 0.082031
0 0.806641 0.911133 0.801758 0.912109 0.799805 0.920898 0.805664 0.917969
0 0.229492 0.039062 0.228516 0.043945 0.233398 0.048828 0.234375 0.041992
0 0.630859 0.382812 0.632812 0.386719 0.639648 0.384766 0.637695 0.381836
0 0.534180 0.570312 0.534180 0.580078 0.539062 0.582031 0.538086 0.572266
0 0.250000 0.345703 0.249023 0.352539 0.252930 0.356445 0.253906 0.347656
0 0.236328 0.091797 0.228516 0.092773 0.224609 0.098633 0.227539 0.099609 0.234375 0.096680
0 0.706055 0.965820 0.701172 0.968750 0.701172 0.974609 0.705078 0.972656
0 0.423828 0.956055 0.416992 0.956055 0.413086 0.960938 0.420898 0.960938 0.423828 0.958984
0 0.400391 0.348633 0.395508 0.351562 0.395508 0.357422 0.399414 0.355469
0 0.166016 0.041016 0.167969 0.044922 0.174805 0.044922 0.171875 0.041016
0 0.348633 0.134766 0.348633 0.137695 0.351562 0.139648 0.358398 0.139648 0.356445 0.135742
0 0.276367 0.624023 0.279297 0.627930 0.286133 0.627930 0.284180 0.624023
0 0.535156 0.837891 0.530273 0.838867 0.529297 0.844727 0.534180 0.841797
0 0.646484 0.951172 0.646484 0.957031 0.651367 0.962891 0.652344 0.955078 0.649414 0.951172
0 0.896484 0.555664 0.886719 0.555664 0.883789 0.561523 0.896484 0.558594
0 0.981445 0.663086 0.976562 0.664062 0.972656 0.671875 0.976562 0.671875
0 0.441406 0.573242 0.431641 0.574219 0.430664 0.579102 0.439453 0.577148
0 0.044922 0.437500 0.046875 0.440430 0.053711 0.441406 0.051758 0.436523
0 0.905273 0.428711 0.900391 0.429688 0.898438 0.438477 0.903320 0.436523
0 0.749023 0.486328 0.751953 0.491211 0.760742 0.492188 0.757812 0.487305
0 0.963867 0.784180 0.959961 0.787109 0.959961 0.795898 0.965820 0.790039 0.965820 0.785156
0 0.186523 0.239258 0.186523 0.246094 0.191406 0.250000 0.191406 0.241211
0 0.633789 0.330078 0.626953 0.329102 0.622070 0.332031 0.622070 0.334961 0.631836 0.333984
0 0.033203 0.471680 0.032227 0.476562 0.037109 0.482422 0.037109 0.473633
0 0.746094 0.705078 0.746094 0.708008 0.750977 0.710938 0.758789 0.708984 0.752930 0.704102
0 0.590820 0.343750 0.584961 0.344727 0.582031 0.349609 0.586914 0.349609 0.590820 0.346680
0 0.311523 0.812500 0.307617 0.815430 0.308594 0.824219 0.313477 0.818359
0 0.590820 0.692383 0.591797 0.699219 0.595703 0.701172 0.594727 0.693359
0 0.688477 0.724609 0.688477 0.729492 0.694336 0.732422 0.693359 0.727539
0 0.660156 0.225586 0.657227 0.225586 0.652344 0.233398 0.659180 0.230469
0 0.748047 0.018555 0.743164 0.018555 0.739258 0.024414 0.745117 0.023438
0 0.780273 0.666016 0.790039 0.666992 0.792969 0.665039 0.792969 0.662109 0.785156 0.662109
0 0.006836 0.223633 0.009766 0.230469 0.016602 0.231445 0.012695 0.224609
0 0.703125 0.427734 0.694336 0.429688 0.694336 0.432617 0.700195 0.432617
0 0.211914 0.809570 0.210938 0.816406 0.214844 0.819336 0.215820 0.814453
0 0.511719 0.937500 0.510742 0.945312 0.514648 0.949219 0.516602 0.940430 0.515625 0.937500
0 0.131836 0.417969 0.125977 0.418945 0.124023 0.423828 0.129883 0.422852
0 0.236328 0.629883 0.228516 0.630859 0.223633 0.637695 0.232422 0.636719
0 0.520508 0.662109 0.521484 0.667969 0.525391 0.670898 0.524414 0.663086
0 0.016602 0.763672 0.017578 0.769531 0.023438 0.771484 0.021484 0.765625
0 0.466797 0.093750 0.468750 0.097656 0.475586 0.097656 0.472656 0.093750
0 0.348633 0.922852 0.349609 0.927734 0.352539 0.930664 0.356445 0.930664 0.356445 0.926758
0 0.946289 0.364258 0.947266 0.372070 0.953125 0.376953 0.952148 0.367188
0 0.149414 0.092773 0.152344 0.096680 0.161133 0.095703 0.159180 0.091797 0.153320 0.090820
0 0.281250 0.491211 0.275391 0.492188 0.272461 0.495117 0.272461 0.499023 0.279297 0.497070
0 0.184570 0.343750 0.178711 0.343750 0.175781 0.347656 0.182617 0.347656
0 0.577148 0.535156 0.574219 0.535156 0.572266 0.538086 0.573242 0.547852 0.577148 0.541992
0 0.361328 0.032227 0.367188 0.036133 0.372070 0.035156 0.372070 0.032227 0.368164 0.030273