0 0.882812 0.214844 0.878906 0.218750 0.880859 0.225586 0.883789 0.221680
0 0.717773 0.832031 0.718750 0.842773 0.723633 0.844727 0.722656 0.834961
0 0.477539 0.519531 0.469727 0.518555 0.466797 0.523438 0.473633 0.523438
0 0.617188 0.901367 0.620117 0.905273 0.625977 0.905273 0.624023 0.901367
0 0.232422 0.061523 0.235352 0.066406 0.242188 0.067383 0.241211 0.063477
0 0.514648 0.773438 0.516602 0.777344 0.526367 0.777344 0.522461 0.772461
0 0.321289 0.090820 0.321289 0.097656 0.327148 0.101562 0.326172 0.093750
0 0.358398 0.923828 0.354492 0.927734 0.355469 0.934570 0.359375 0.930664
0 0.144531 0.220703 0.147461 0.224609 0.155273 0.223633 0.152344 0.219727
0 0.236328 0.955078 0.235352 0.960938 0.240234 0.966797 0.241211 0.959961
0 0.894531 0.836914 0.892578 0.838867 0.893555 0.843750 0.899414 0.848633 0.899414 0.840820
0 0.143555 0.431641 0.144531 0.435547 0.151367 0.437500 0.147461 0.431641
0 0.130859 0.889648 0.125977 0.891602 0.125977 0.900391 0.130859 0.896484
0 0.827148 0.751953 0.820312 0.753906 0.817383 0.759766 0.824219 0.758789
0 0.834961 0.723633 0.828125 0.722656 0.822266 0.727539 0.831055 0.728516
0 0.337891 0.500000 0.335938 0.506836 0.339844 0.510742 0.340820 0.502930
0 0.856445 0.327148 0.849609 0.331055 0.849609 0.335938 0.856445 0.332031
0 0.236328 0.124023 0.239258 0.127930 0.247070 0.127930 0.244141 0.123047
0 0.204102 0.355469 0.202148 0.359375 0.206055 0.366211 0.208008 0.361328
0 0.604492 0.073242 0.599609 0.074219 0.599609 0.082031 0.603516 0.079102
0 0.875977 0.150391 0.876953 0.154297 0.886719 0.153320
0 0.193359 0.004883 0.194336 0.009766 0.201172 0.013672 0.200195 0.006836
0 0.600586 0.483398 0.596680 0.484375 0.595703 0.492188 0.598633 0.492188
0 0.741211 0.108398 0.735352 0.108398 0.732422 0.114258 0.740234 0.112305
0 0.216797 0.177734 0.216797 0.183594 0.219727 0.187500 0.220703 0.180664
0 0.107422 0.972656 0.105469 0.982422 0.109375 0.986328 0.111328 0.984375 0.111328 0.976562
0 0.643555 0.788086 0.643555 0.794922 0.648438 0.799805 0.649414 0.791992 0.646484 0.788086
0 0.359375 0.543945 0.353516 0.543945 0.349609 0.548828 0.354492 0.549805 0.358398 0.547852
0 0.974609 0.333008 0.967773 0.333984 0.964844 0.339844 0.971680 0.338867
0 0.474609 0.074219 0.469727 0.076172 0.467773 0.083984 0.471680 0.083008 0.474609 0.079102
0 0.668945 0.573242 0.663086 0.573242 0.661133 0.578125 0.666992 0.577148
0 0.160156 0.265625 0.155273 0.265625 0.153320 0.270508 0.158203 0.269531
0 0.701172 0.779297 0.697266 0.782227 0.697266 0.791016 0.702148 0.787109 0.703125 0.781250
0 0.907227 0.136719 0.898438 0.138672 0.897461 0.143555 0.903320 0.142578
0 0.398438 0.557617 0.393555 0.557617 0.389648 0.563477 0.396484 0.562500
0 0.411133 0.304688 0.405273 0.306641 0.404297 0.312500 0.411133 0.308594
0 0.394531 0.242188 0.400391 0.243164 0.404297 0.238281 0.397461 0.238281