0 0.003906 0.603516 0.004883 0.608398 0.009766 0.611328 0.008789 0.605469
0 0.077148 0.620117 0.081055 0.625977 0.089844 0.626953 0.085938 0.621094
0 0.133789 0.101562 0.135742 0.106445 0.145508 0.107422 0.141602 0.102539
0 0.399414 0.243164 0.394531 0.247070 0.394531 0.253906 0.399414 0.249023
0 0.186523 0.429688 0.182617 0.429688 0.178711 0.433594 0.177734 0.439453 0.185547 0.435547
0 0.265625 0.550781 0.268555 0.554688 0.277344 0.552734 0.277344 0.550781 0.272461 0.548828
0 0.658203 0.561523 0.664062 0.565430 0.668945 0.564453 0.667969 0.560547
0 0.173828 0.094727 0.168945 0.094727 0.166016 0.101562 0.171875 0.099609
0 0.112305 0.829102 0.106445 0.832031 0.106445 0.837891 0.110352 0.836914
0 0.864258 0.153320 0.858398 0.158203 0.858398 0.168945 0.864258 0.164062
0 0.901367 0.038086 0.902344 0.042969 0.908203 0.045898 0.908203 0.041992
0 0.416992 0.072266 0.416016 0.079102 0.418945 0.083984 0.421875 0.083984 0.421875 0.078125
0 0.783203 0.659180 0.790039 0.664062 0.794922 0.663086 0.792969 0.659180
0 0.897461 0.555664 0.900391 0.559570 0.908203 0.557617 0.905273 0.554688
0 0.318359 0.311523 0.314453 0.311523 0.310547 0.315430 0.309570 0.320312 0.315430 0.319336
0 0.969727 0.653320 0.971680 0.661133 0.977539 0.663086 0.975586 0.655273
0 0.528320 0.475586 0.529297 0.480469 0.535156 0.483398 0.534180 0.477539 0.530273 0.474609
0 0.550781 0.088867 0.551758 0.095703 0.557617 0.097656 0.555664 0.090820
0 0.184570 0.513672 0.183594 0.523438 0.187500 0.524414 0.188477 0.516602
0 0.526367 0.542969 0.523438 0.541992 0.517578 0.545898 0.522461 0.546875
0 0.846680 0.984375 0.848633 0.987305 0.858398 0.986328 0.858398 0.984375 0.852539 0.982422
0 0.730469 0.883789 0.725586 0.881836 0.719727 0.883789 0.719727 0.885742 0.725586 0.887695 0.730469 0.885742
0 0.956055 0.257812 0.956055 0.260742 0.963867 0.263672 0.965820 0.261719 0.960938 0.257812
0 0.507812 0.904297 0.506836 0.911133 0.510742 0.914062 0.511719 0.909180
0 0.365234 0.972656 0.369141 0.978516 0.373047 0.978516 0.371094 0.973633
0 0.538086 0.700195 0.533203 0.702148 0.531250 0.710938 0.536133 0.708984
0 0.930664 0.755859 0.937500 0.757812 0.942383 0.753906 0.934570 0.751953
0 0.313477 0.426758 0.314453 0.431641 0.318359 0.435547 0.322266 0.435547 0.320312 0.428711
0 0.121094 0.665039 0.124023 0.671875 0.130859 0.672852 0.127930 0.666992
0 0.295898 0.481445 0.298828 0.484375 0.306641 0.483398 0.303711 0.479492
0 0.874023 0.952148 0.871094 0.952148 0.869141 0.955078 0.870117 0.962891 0.874023 0.957031
0 0.644531 0.167969 0.639648 0.171875 0.638672 0.177734 0.640625 0.182617 0.642578 0.182617 0.646484 0.174805
0 0.723633 0.353516 0.723633 0.357422 0.726562 0.360352 0.735352 0.361328 0.732422 0.355469
0 0.344727 0.289062 0.349609 0.293945 0.357422 0.293945 0.351562 0.288086