0 0.607422 0.128906 0.609375 0.132812 0.616211 0.133789 0.615234 0.129883
0 0.468750 0.331055 0.469727 0.336914 0.477539 0.340820 0.478516 0.338867 0.474609 0.333008
0 0.891602 0.274414 0.891602 0.281250 0.895508 0.285156 0.896484 0.277344 0.894531 0.274414
0 0.011719 0.857422 0.012695 0.864258 0.016602 0.866211 0.016602 0.859375
0 0.336914 0.261719 0.339844 0.265625 0.346680 0.265625 0.344727 0.261719
0 0.784180 0.313477 0.784180 0.316406 0.788086 0.318359 0.792969 0.318359 0.793945 0.316406
0 0.087891 0.866211 0.083008 0.869141 0.083984 0.876953 0.087891 0.873047
0 0.452148 0.746094 0.449219 0.746094 0.447266 0.750000 0.448242 0.756836 0.451172 0.755859
0 0.132812 0.544922 0.127930 0.545898 0.125000 0.552734 0.131836 0.549805
0 0.656250 0.669922 0.650391 0.672852 0.648438 0.681641 0.654297 0.678711
0 0.881836 0.318359 0.885742 0.325195 0.890625 0.325195 0.889648 0.320312
0 0.298828 0.718750 0.298828 0.728516 0.304688 0.732422 0.304688 0.724609
0 0.613281 0.701172 0.615234 0.707031 0.621094 0.709961 0.624023 0.708984 0.621094 0.703125
0 0.107422 0.567383 0.098633 0.567383 0.097656 0.571289 0.102539 0.571289
0 0.351562 0.672852 0.345703 0.675781 0.343750 0.683594 0.346680 0.683594 0.351562 0.678711
0 0.277344 0.589844 0.278320 0.593750 0.286133 0.595703 0.284180 0.590820
0 0.698242 0.087891 0.692383 0.089844 0.689453 0.095703 0.694336 0.095703
0 0.086914 0.769531 0.088867 0.774414 0.097656 0.774414 0.093750 0.769531
0 0.698242 0.396484 0.697266 0.404297 0.701172 0.409180 0.702148 0.399414
0 0.552734 0.448242 0.546875 0.450195 0.544922 0.457031 0.552734 0.453125
0 0.832031 0.117188 0.829102 0.118164 0.831055 0.128906 0.833008 0.125000
0 0.755859 0.224609 0.751953 0.226562 0.751953 0.232422 0.755859 0.229492
0 0.316406 0.278320 0.308594 0.279297 0.306641 0.284180 0.314453 0.282227
0 0.658203 0.548828 0.658203 0.551758 0.664062 0.553711 0.669922 0.551758 0.667969 0.547852
0 0.575195 0.903320 0.579102 0.910156 0.587891 0.910156 0.583984 0.904297
0 0.221680 0.440430 0.224609 0.444336 0.231445 0.444336 0.225586 0.439453
0 0.218750 0.644531 0.215820 0.644531 0.213867 0.647461 0.213867 0.655273 0.215820 0.655273 0.218750 0.649414
0 0.392578 0.240234 0.387695 0.238281 0.382812 0.241211 0.390625 0.243164
0 0.022461 0.343750 0.026367 0.352539 0.033203 0.353516 0.030273 0.346680
0 0.070312 0.538086 0.063477 0.538086 0.061523 0.541016 0.065430 0.541992
0 0.958984 0.145508 0.956055 0.145508 0.954102 0.149414 0.954102 0.155273 0.956055 0.156250 0.958984 0.152344
0 0.496094 0.453125 0.491211 0.452148 0.486328 0.457031 0.494141 0.456055
0 0.923828 0.358398 0.919922 0.361328 0.918945 0.368164 0.924805 0.363281
0 0.526367 0.624023 0.526367 0.625977 0.532227 0.626953 0.538086 0.625000 0.534180 0.622070
0 0.108398 0.170898 0.105469 0.170898 0.103516 0.174805 0.105469 0.182617 0.109375 0.177734
0 0.894531 0.607422 0.891602 0.609375 0.892578 0.618164 0.895508 0.614258
0 0.868164 0.043945 0.863281 0.044922 0.861328 0.052734 0.867188 0.048828
0 0.677734 0.916992 0.677734 0.918945 0.681641 0.919922 0.686523 0.918945 0.682617 0.915039
0 0.768555 0.835938 0.767578 0.841797 0.772461 0.847656 0.772461 0.838867
0 0.386719 0.384766 0.382812 0.388672 0.382812 0.393555 0.385742 0.393555 0.387695 0.390625
0 0.753906 0.974609 0.749023 0.976562 0.748047 0.982422 0.752930 0.979492
0 0.116211 0.354492 0.108398 0.354492 0.103516 0.359375 0.113281 0.359375 0.116211 0.357422
0 0.677734 0.138672 0.675781 0.137695 0.670898 0.141602 0.669922 0.149414 0.674805 0.148438
0 0.869141 0.375000 0.865234 0.376953 0.864258 0.386719 0.870117 0.380859
0 0.438477 0.429688 0.438477 0.434570 0.447266 0.438477 0.445312 0.432617
0 0.115234 0.970703 0.107422 0.970703 0.103516 0.976562 0.112305 0.975586
0 0.273438 0.798828 0.273438 0.805664 0.275391 0.807617 0.277344 0.800781
0 0.115234 0.272461 0.120117 0.281250 0.125000 0.280273 0.120117 0.273438
0 0.664062 0.617188 0.657227 0.620117 0.656250 0.625977 0.662109 0.623047