0 0.106445 0.401367 0.109375 0.405273 0.116211 0.406250 0.115234 0.402344 0.111328 0.400391
0 0.047852 0.165039 0.041016 0.168945 0.040039 0.175781 0.046875 0.171875
0 0.667969 0.636719 0.671875 0.641602 0.678711 0.640625 0.676758 0.636719
0 0.942383 0.625977 0.941406 0.630859 0.944336 0.634766 0.945312 0.626953
0 0.628906 0.924805 0.628906 0.932617 0.632812 0.934570 0.632812 0.927734
0 0.185547 0.500977 0.181641 0.503906 0.184570 0.513672 0.187500 0.507812
0 0.977539 0.273438 0.973633 0.277344 0.973633 0.284180 0.978516 0.281250
0 0.341797 0.576172 0.341797 0.581055 0.346680 0.584961 0.346680 0.578125
0 0.376953 0.518555 0.373047 0.522461 0.373047 0.530273 0.375000 0.532227 0.378906 0.529297 0.379883 0.525391
0 0.021484 0.844727 0.022461 0.846680 0.031250 0.845703 0.031250 0.842773 0.025391 0.841797
0 0.458008 0.655273 0.453125 0.659180 0.453125 0.665039 0.458008 0.662109
0 0.590820 0.921875 0.588867 0.921875 0.586914 0.926758 0.589844 0.932617 0.591797 0.930664
0 0.276367 0.708008 0.276367 0.710938 0.281250 0.712891 0.289062 0.711914 0.289062 0.708008 0.286133 0.707031
0 0.108398 0.860352 0.104492 0.861328 0.103516 0.869141 0.107422 0.867188
0 0.907227 0.875000 0.907227 0.878906 0.911133 0.881836 0.917969 0.881836 0.914062 0.875977
0 0.801758 0.077148 0.803711 0.085938 0.810547 0.088867 0.808594 0.081055
0 0.234375 0.829102 0.230469 0.831055 0.232422 0.840820 0.235352 0.835938
0 0.575195 0.541992 0.576172 0.549805 0.580078 0.551758 0.581055 0.545898
0 0.296875 0.320312 0.292969 0.325195 0.295898 0.334961 0.298828 0.329102
0 0.600586 0.309570 0.601562 0.317383 0.607422 0.320312 0.605469 0.310547
0 0.930664 0.743164 0.924805 0.743164 0.920898 0.750000 0.928711 0.748047
0 0.325195 0.811523 0.328125 0.816406 0.334961 0.817383 0.333008 0.812500
0 0.870117 0.739258 0.865234 0.741211 0.863281 0.747070 0.867188 0.747070 0.870117 0.744141
0 0.477539 0.670898 0.468750 0.670898 0.466797 0.675781 0.474609 0.675781
0 0.771484 0.986328 0.771484 0.992188 0.777344 0.995117 0.776367 0.989258
0 0.559570 0.376953 0.562500 0.382812 0.568359 0.382812 0.565430 0.377930
0 0.716797 0.402344 0.716797 0.404297 0.721680 0.406250 0.726562 0.404297 0.724609 0.400391
0 0.293945 0.666016 0.293945 0.668945 0.298828 0.669922 0.305664 0.667969 0.302734 0.664062
0 0.111328 0.130859 0.116211 0.134766 0.120117 0.134766 0.123047 0.131836 0.120117 0.128906
0 0.636719 0.152344 0.630859 0.152344 0.627930 0.158203 0.635742 0.157227
0 0.822266 0.014648 0.831055 0.012695 0.831055 0.009766 0.823242 0.010742
0 0.807617 0.567383 0.803711 0.575195 0.805664 0.581055 0.808594 0.581055 0.810547 0.578125 0.810547 0.571289
0 0.731445 0.636719 0.727539 0.638672 0.727539 0.647461 0.732422 0.642578
0 0.339844 0.595703 0.339844 0.603516 0.345703 0.607422 0.345703 0.599609
0 0.874023 0.181641 0.875977 0.189453 0.880859 0.191406 0.879883 0.184570
0 0.361328 0.683594 0.363281 0.691406 0.370117 0.694336 0.369141 0.687500
0 0.226562 0.529297 0.222656 0.531250 0.221680 0.538086 0.226562 0.535156
0 0.833984 0.149414 0.830078 0.152344 0.833008 0.161133 0.835938 0.155273
0 0.807617 0.732422 0.811523 0.739258 0.815430 0.739258 0.812500 0.733398
0 0.781250 0.956055 0.784180 0.960938 0.789062 0.960938 0.785156 0.956055
0 0.623047 0.314453 0.627930 0.321289 0.633789 0.321289 0.630859 0.315430
0 0.028320 0.736328 0.029297 0.742188 0.033203 0.744141 0.033203 0.738281
0 0.896484 0.951172 0.892578 0.954102 0.892578 0.960938 0.895508 0.964844 0.898438 0.959961
0 0.191406 0.842773 0.183594 0.845703 0.182617 0.853516 0.190430 0.848633
0 0.538086 0.616211 0.536133 0.623047 0.537109 0.625977 0.540039 0.625977 0.541016 0.618164
0 0.019531 0.471680 0.020508 0.478516 0.026367 0.481445 0.026367 0.475586
0 0.184570 0.518555 0.188477 0.521484 0.195312 0.520508 0.193359 0.517578
0 0.791992 0.941406 0.786133 0.942383 0.783203 0.948242 0.791016 0.946289
0 0.454102 0.859375 0.447266 0.862305 0.444336 0.870117 0.453125 0.866211
0 0.292969 0.114258 0.291016 0.119141 0.294922 0.125977 0.295898 0.115234
0 0.790039 0.723633 0.789062 0.731445 0.791992 0.736328 0.793945 0.734375 0.793945 0.727539
0 0.032227 0.642578 0.031250 0.646484 0.037109 0.652344 0.036133 0.644531
0 0.723633 0.591797 0.725586 0.594727 0.734375 0.592773 0.731445 0.589844
0 0.273438 0.539062 0.266602 0.539062 0.261719 0.544922 0.270508 0.543945
0 0.737305 0.157227 0.733398 0.160156 0.732422 0.165039 0.734375 0.168945 0.738281 0.164062
0 0.297852 0.485352 0.293945 0.487305 0.293945 0.496094 0.298828 0.491211
0 0.958984 0.557617 0.958984 0.564453 0.962891 0.569336 0.963867 0.560547 0.961914 0.557617
0 0.293945 0.520508 0.286133 0.520508 0.282227 0.523438 0.282227 0.526367 0.290039 0.526367
0 0.407227 0.705078 0.401367 0.706055 0.398438 0.710938 0.404297 0.710938
0 0.802734 0.314453 0.797852 0.315430 0.795898 0.321289 0.799805 0.320312