0 0.144531 0.291992 0.146484 0.294922 0.154297 0.293945 0.152344 0.290039
0 0.225586 0.333984 0.219727 0.335938 0.217773 0.345703 0.224609 0.339844
0 0.486328 0.617188 0.489258 0.623047 0.494141 0.624023 0.492188 0.619141
0 0.233398 0.928711 0.235352 0.936523 0.240234 0.938477 0.239258 0.931641
0 0.907227 0.616211 0.902344 0.616211 0.898438 0.623047 0.906250 0.620117
0 0.333008 0.382812 0.337891 0.385742 0.344727 0.384766 0.341797 0.380859 0.333984 0.380859
0 0.691406 0.731445 0.684570 0.734375 0.681641 0.742188 0.690430 0.738281
0 0.242188 0.490234 0.243164 0.496094 0.248047 0.499023 0.248047 0.493164
0 0.023438 0.623047 0.027344 0.627930 0.033203 0.627930 0.034180 0.625977 0.029297 0.622070
0 0.246094 0.934570 0.250000 0.939453 0.254883 0.938477 0.252930 0.934570
0 0.396484 0.500977 0.392578 0.506836 0.393555 0.514648 0.397461 0.514648 0.399414 0.509766
0 0.891602 0.681641 0.899414 0.681641 0.903320 0.678711 0.902344 0.676758 0.896484 0.676758
0 0.334961 0.572266 0.334961 0.581055 0.339844 0.584961 0.339844 0.576172
0 0.124023 0.753906 0.119141 0.757812 0.119141 0.764648 0.124023 0.762695
0 0.934570 0.651367 0.936523 0.658203 0.941406 0.660156 0.939453 0.652344
0 0.584961 0.652344 0.578125 0.652344 0.576172 0.656250 0.583984 0.655273
0 0.516602 0.198242 0.516602 0.201172 0.523438 0.206055 0.524414 0.203125 0.521484 0.199219
0 0.438477 0.307617 0.433594 0.311523 0.432617 0.321289 0.438477 0.316406
0 0.366211 0.188477 0.365234 0.198242 0.370117 0.201172 0.371094 0.194336 0.369141 0.189453
0 0.346680 0.784180 0.342773 0.786133 0.342773 0.792969 0.347656 0.789062
0 0.248047 0.226562 0.244141 0.231445 0.244141 0.236328 0.248047 0.235352
0 0.968750 0.277344 0.959961 0.279297 0.958008 0.283203 0.965820 0.282227
0 0.460938 0.593750 0.460938 0.595703 0.465820 0.597656 0.470703 0.596680 0.470703 0.593750 0.467773 0.592773
0 0.654297 0.731445 0.650391 0.733398 0.652344 0.743164 0.655273 0.740234
0 0.542969 0.046875 0.548828 0.046875 0.553711 0.041992 0.545898 0.041992 0.542969 0.043945
0 0.769531 0.057617 0.769531 0.067383 0.771484 0.070312 0.774414 0.070312 0.774414 0.059570
0 0.818359 0.721680 0.821289 0.726562 0.828125 0.726562 0.825195 0.722656
0 0.224609 0.043945 0.220703 0.045898 0.219727 0.052734 0.222656 0.052734 0.224609 0.049805
0 0.223633 0.452148 0.218750 0.454102 0.216797 0.463867 0.222656 0.459961
0 0.339844 0.699219 0.339844 0.704102 0.343750 0.708984 0.343750 0.700195
0 0.557617 0.006836 0.553711 0.011719 0.554688 0.016602 0.558594 0.014648
0 0.764648 0.593750 0.763672 0.602539 0.766602 0.605469 0.768555 0.597656
0 0.984375 0.614258 0.983398 0.620117 0.987305 0.623047 0.987305 0.616211
0 0.171875 0.411133 0.164062 0.415039 0.165039 0.419922 0.169922 0.417969
0 0.784180 0.051758 0.783203 0.058594 0.787109 0.061523 0.788086 0.056641
0 0.130859 0.839844 0.129883 0.844727 0.137695 0.849609 0.136719 0.843750
0 0.240234 0.792969 0.232422 0.794922 0.229492 0.798828 0.235352 0.799805 0.239258 0.797852
0 0.028320 0.419922 0.024414 0.421875 0.023438 0.428711 0.028320 0.425781
0 0.029297 0.073242 0.025391 0.074219 0.023438 0.082031 0.028320 0.080078
0 0.726562 0.290039 0.729492 0.296875 0.736328 0.296875 0.733398 0.291016
0 0.813477 0.392578 0.818359 0.397461 0.827148 0.396484 0.827148 0.393555 0.821289 0.390625
0 0.635742 0.412109 0.630859 0.414062 0.629883 0.420898 0.634766 0.418945
0 0.058594 0.662109 0.055664 0.663086 0.057617 0.673828 0.059570 0.671875
0 0.394531 0.951172 0.389648 0.954102 0.389648 0.961914 0.392578 0.961914 0.394531 0.958008
0 0.634766 0.384766 0.636719 0.389648 0.642578 0.390625 0.640625 0.385742
0 0.367188 0.621094 0.367188 0.625000 0.374023 0.628906 0.372070 0.623047
0 0.820312 0.292969 0.816406 0.294922 0.815430 0.303711 0.821289 0.297852
0 0.170898 0.197266 0.170898 0.206055 0.173828 0.206055 0.173828 0.198242
0 0.795898 0.281250 0.789062 0.284180 0.787109 0.292969 0.793945 0.289062
0 0.810547 0.599609 0.808594 0.604492 0.810547 0.609375 0.813477 0.609375 0.813477 0.602539
0 0.192383 0.375000 0.182617 0.375977 0.181641 0.379883 0.188477 0.379883
0 0.041016 0.148438 0.040039 0.156250 0.043945 0.159180 0.044922 0.152344
0 0.176758 0.402344 0.181641 0.408203 0.187500 0.408203 0.186523 0.403320
0 0.920898 0.898438 0.917969 0.899414 0.917969 0.907227 0.920898 0.905273
0 0.502930 0.500000 0.502930 0.501953 0.506836 0.502930 0.512695 0.500977 0.511719 0.499023
0 0.934570 0.551758 0.932617 0.559570 0.934570 0.564453 0.938477 0.565430 0.939453 0.557617 0.937500 0.552734
0 0.852539 0.724609 0.854492 0.729492 0.860352 0.730469 0.858398 0.725586
0 0.161133 0.846680 0.160156 0.850586 0.167969 0.855469 0.165039 0.848633
0 0.490234 0.487305 0.489258 0.496094 0.493164 0.500000 0.495117 0.493164 0.493164 0.488281
0 0.164062 0.041016 0.166016 0.048828 0.170898 0.050781 0.169922 0.042969 0.166992 0.040039
0 0.033203 0.313477 0.036133 0.318359 0.040039 0.319336 0.039062 0.314453
0 0.981445 0.329102 0.981445 0.333008 0.985352 0.334961 0.996094 0.333008 0.995117 0.330078 0.990234 0.328125
0 0.426758 0.532227 0.421875 0.533203 0.417969 0.539062 0.423828 0.539062
0 0.887695 0.572266 0.890625 0.580078 0.898438 0.581055 0.893555 0.573242
0 0.658203 0.416016 0.652344 0.417969 0.649414 0.422852 0.655273 0.422852
0 0.156250 0.679688 0.160156 0.685547 0.166016 0.686523 0.163086 0.680664