0 0.913086 0.266602 0.915039 0.268555 0.923828 0.267578 0.923828 0.265625 0.917969 0.263672
0 0.333008 0.704102 0.333984 0.709961 0.338867 0.711914 0.337891 0.706055
0 0.505859 0.789062 0.501953 0.787109 0.496094 0.789062 0.495117 0.791992 0.503906 0.792969
0 0.949219 0.526367 0.944336 0.530273 0.945312 0.537109 0.949219 0.533203
0 0.176758 0.848633 0.176758 0.856445 0.178711 0.859375 0.181641 0.859375 0.181641 0.853516
0 0.030273 0.647461 0.034180 0.651367 0.040039 0.649414 0.039062 0.646484
0 0.798828 0.179688 0.792969 0.178711 0.787109 0.183594 0.793945 0.184570 0.798828 0.182617
0 0.097656 0.167969 0.094727 0.167969 0.092773 0.170898 0.094727 0.179688 0.097656 0.174805
0 0.533203 0.608398 0.528320 0.610352 0.527344 0.617188 0.531250 0.615234
0 0.166992 0.403320 0.167969 0.408203 0.174805 0.412109 0.173828 0.406250
0 0.779297 0.779297 0.779297 0.786133 0.781250 0.790039 0.784180 0.790039 0.784180 0.782227 0.782227 0.779297
0 0.827148 0.182617 0.831055 0.188477 0.836914 0.188477 0.832031 0.182617
0 0.502930 0.723633 0.498047 0.721680 0.493164 0.726562 0.498047 0.727539
0 0.678711 0.866211 0.678711 0.869141 0.681641 0.870117 0.689453 0.869141 0.687500 0.866211
0 0.750000 0.300781 0.744141 0.302734 0.742188 0.307617 0.746094 0.307617
0 0.085938 0.424805 0.080078 0.423828 0.076172 0.425781 0.076172 0.428711 0.082031 0.428711
0 0.527344 0.934570 0.531250 0.941406 0.538086 0.941406 0.534180 0.935547
0 0.145508 0.798828 0.146484 0.803711 0.154297 0.807617 0.153320 0.802734
0 0.728516 0.697266 0.730469 0.701172 0.739258 0.703125 0.737305 0.698242
0 0.710938 0.489258 0.704102 0.489258 0.700195 0.494141 0.704102 0.495117
0 0.630859 0.655273 0.632812 0.660156 0.640625 0.662109 0.639648 0.657227
0 0.383789 0.041016 0.383789 0.044922 0.386719 0.047852 0.395508 0.048828 0.392578 0.042969
0 0.384766 0.454102 0.381836 0.455078 0.383789 0.463867 0.386719 0.460938
0 0.898438 0.352539 0.892578 0.352539 0.888672 0.356445 0.888672 0.360352 0.896484 0.357422
0 0.815430 0.084961 0.823242 0.088867 0.827148 0.087891 0.825195 0.083984
0 0.418945 0.077148 0.413086 0.078125 0.409180 0.083984 0.416992 0.083008
0 0.295898 0.740234 0.291992 0.741211 0.290039 0.748047 0.294922 0.746094
0 0.406250 0.031250 0.405273 0.036133 0.413086 0.041016 0.412109 0.035156
0 0.847656 0.612305 0.847656 0.616211 0.850586 0.619141 0.858398 0.621094 0.854492 0.614258
0 0.313477 0.290039 0.311523 0.291992 0.312500 0.296875 0.317383 0.300781 0.316406 0.292969
0 0.406250 0.525391 0.401367 0.527344 0.398438 0.535156 0.405273 0.533203
0 0.083008 0.930664 0.083984 0.939453 0.090820 0.944336 0.090820 0.936523
0 0.344727 0.821289 0.345703 0.828125 0.353516 0.832031 0.350586 0.823242
0 0.673828 0.208008 0.672852 0.216797 0.676758 0.218750 0.677734 0.210938
0 0.092773 0.668945 0.085938 0.668945 0.082031 0.674805 0.090820 0.672852
0 0.590820 0.764648 0.585938 0.768555 0.585938 0.775391 0.590820 0.771484
0 0.480469 0.246094 0.477539 0.244141 0.472656 0.245117 0.469727 0.250000 0.476562 0.250000
0 0.364258 0.441406 0.367188 0.447266 0.373047 0.449219 0.370117 0.442383
0 0.643555 0.099609 0.646484 0.104492 0.651367 0.104492 0.649414 0.100586