0 0.388672 0.337891 0.385742 0.337891 0.383789 0.341797 0.383789 0.348633 0.385742 0.350586 0.389648 0.344727
0 0.312500 0.194336 0.316406 0.198242 0.323242 0.198242 0.318359 0.193359
0 0.414062 0.275391 0.414062 0.282227 0.417969 0.286133 0.418945 0.280273
0 0.651367 0.890625 0.646484 0.892578 0.645508 0.901367 0.649414 0.899414
0 0.804688 0.435547 0.801758 0.436523 0.800781 0.441406 0.803711 0.448242 0.806641 0.443359
0 0.963867 0.740234 0.960938 0.740234 0.958984 0.743164 0.959961 0.750977 0.962891 0.748047
0 0.846680 0.462891 0.849609 0.467773 0.859375 0.467773 0.854492 0.462891
0 0.264648 0.915039 0.265625 0.918945 0.275391 0.917969
0 0.760742 0.706055 0.756836 0.707031 0.756836 0.714844
0 0.107422 0.614258 0.105469 0.623047 0.109375 0.624023 0.110352 0.617188
0 0.694336 0.883789 0.692383 0.891602 0.696289 0.893555 0.697266 0.884766
0 0.709961 0.585938 0.703125 0.585938 0.699219 0.590820 0.706055 0.590820 0.709961 0.588867
0 0.448242 0.709961 0.447266 0.716797 0.451172 0.718750 0.451172 0.712891
0 0.195312 0.987305 0.188477 0.988281 0.186523 0.992188 0.194336 0.991211
0 0.104492 0.364258 0.104492 0.367188 0.109375 0.370117 0.115234 0.368164 0.112305 0.364258
0 0.444336 0.418945 0.447266 0.423828 0.454102 0.423828 0.450195 0.418945
0 0.552734 0.327148 0.553711 0.330078 0.564453 0.328125 0.563477 0.325195
0 0.840820 0.243164 0.842773 0.247070 0.851562 0.249023 0.849609 0.244141 0.845703 0.242188
0 0.626953 0.442383 0.631836 0.443359 0.637695 0.438477 0.627930 0.438477
0 0.467773 0.185547 0.467773 0.193359 0.473633 0.199219 0.475586 0.197266 0.474609 0.190430 0.470703 0.185547
0 0.148438 0.038086 0.143555 0.041016 0.143555 0.050781 0.148438 0.045898
0 0.262695 0.511719 0.263672 0.517578 0.268555 0.520508 0.268555 0.514648
0 0.445312 0.208008 0.448242 0.212891 0.454102 0.213867 0.451172 0.208984
0 0.165039 0.005859 0.166992 0.012695 0.169922 0.012695 0.168945 0.005859
0 0.525391 0.259766 0.527344 0.267578 0.531250 0.270508 0.532227 0.264648 0.530273 0.260742
0 0.245117 0.921875 0.245117 0.923828 0.255859 0.922852 0.254883 0.919922
0 0.030273 0.909180 0.024414 0.910156 0.022461 0.915039 0.028320 0.914062
0 0.095703 0.562500 0.091797 0.568359 0.093750 0.573242 0.097656 0.567383
0 0.890625 0.761719 0.885742 0.765625 0.885742 0.773438 0.891602 0.767578
0 0.088867 0.359375 0.084961 0.362305 0.084961 0.369141 0.088867 0.367188
0 0.636719 0.317383 0.631836 0.317383 0.627930 0.324219 0.633789 0.323242
0 0.842773 0.703125 0.836914 0.704102 0.835938 0.708008 0.840820 0.707031
0 0.664062 0.683594 0.663086 0.688477 0.666016 0.694336 0.667969 0.687500
0 0.572266 0.583008 0.572266 0.584961 0.582031 0.583984 0.580078 0.582031
0 0.710938 0.061523 0.717773 0.061523 0.722656 0.056641 0.714844 0.055664 0.710938 0.057617
0 0.160156 0.230469 0.159180 0.238281 0.162109 0.242188 0.164062 0.232422
0 0.528320 0.717773 0.528320 0.723633 0.531250 0.726562 0.535156 0.726562 0.534180 0.721680
0 0.038086 0.786133 0.040039 0.791992 0.046875 0.792969 0.043945 0.787109
0 0.463867 0.152344 0.464844 0.157227 0.473633 0.159180 0.470703 0.153320
0 0.348633 0.463867 0.344727 0.465820 0.341797 0.476562 0.344727 0.476562 0.349609 0.470703 0.350586 0.465820
0 0.529297 0.772461 0.528320 0.777344 0.537109 0.783203 0.536133 0.776367
0 0.006836 0.207031 0.007812 0.211914 0.011719 0.213867 0.018555 0.212891 0.015625 0.208008
0 0.630859 0.393555 0.623047 0.394531 0.621094 0.399414 0.628906 0.398438
0 0.506836 0.462891 0.501953 0.464844 0.501953 0.472656 0.504883 0.471680
0 0.052734 0.337891 0.051758 0.346680 0.054688 0.348633 0.056641 0.342773 0.054688 0.337891
0 0.476562 0.201172 0.474609 0.210938 0.478516 0.213867 0.480469 0.206055
0 0.092773 0.949219 0.092773 0.954102 0.097656 0.956055 0.098633 0.953125
0 0.298828 0.869141 0.303711 0.873047 0.309570 0.871094 0.306641 0.868164
0 0.926758 0.309570 0.934570 0.309570 0.937500 0.305664 0.930664 0.304688 0.926758 0.306641
0 0.091797 0.251953 0.085938 0.255859 0.084961 0.261719 0.090820 0.259766
0 0.833008 0.403320 0.828125 0.403320 0.823242 0.409180 0.830078 0.409180
0 0.725586 0.102539 0.721680 0.103516 0.720703 0.111328 0.724609 0.109375
0 0.866211 0.705078 0.866211 0.707031 0.871094 0.708984 0.875977 0.707031 0.874023 0.703125
0 0.038086 0.930664 0.041016 0.934570 0.045898 0.934570 0.046875 0.932617 0.042969 0.929688
0 0.820312 0.429688 0.815430 0.433594 0.816406 0.441406 0.819336 0.441406
0 0.372070 0.546875 0.372070 0.554688 0.376953 0.557617 0.377930 0.552734
0 0.906250 0.600586 0.904297 0.608398 0.905273 0.611328 0.908203 0.611328 0.910156 0.603516
0 0.816406 0.735352 0.807617 0.735352 0.804688 0.737305 0.804688 0.740234 0.809570 0.741211
0 0.061523 0.785156 0.060547 0.791016 0.063477 0.793945 0.065430 0.787109
0 0.293945 0.631836 0.286133 0.636719 0.285156 0.640625 0.287109 0.642578 0.292969 0.638672
0 0.430664 0.153320 0.431641 0.158203 0.436523 0.161133 0.436523 0.156250
0 0.309570 0.652344 0.304688 0.653320 0.301758 0.662109 0.308594 0.658203
0 0.973633 0.837891 0.975586 0.841797 0.982422 0.842773 0.981445 0.838867
0 0.740234 0.650391 0.742188 0.660156 0.749023 0.663086 0.750000 0.660156 0.746094 0.651367
0 0.160156 0.713867 0.152344 0.713867 0.150391 0.717773 0.159180 0.717773