0 0.418945 0.869141 0.418945 0.875000 0.424805 0.877930 0.423828 0.872070
0 0.382812 0.538086 0.376953 0.536133 0.370117 0.539062 0.370117 0.541992 0.378906 0.541992
0 0.275391 0.886719 0.275391 0.888672 0.282227 0.888672 0.284180 0.884766
0 0.411133 0.913086 0.404297 0.916992 0.404297 0.921875 0.410156 0.919922
0 0.940430 0.925781 0.942383 0.927734 0.950195 0.927734 0.954102 0.922852 0.945312 0.921875
0 0.703125 0.131836 0.705078 0.135742 0.714844 0.136719 0.708984 0.130859
0 0.723633 0.841797 0.719727 0.844727 0.720703 0.853516 0.722656 0.853516 0.724609 0.848633
0 0.913086 0.933594 0.918945 0.936523 0.924805 0.934570 0.920898 0.931641
0 0.590820 0.934570 0.583984 0.938477 0.583984 0.943359 0.589844 0.941406
0 0.874023 0.287109 0.875000 0.292969 0.879883 0.294922 0.878906 0.289062
0 0.965820 0.688477 0.969727 0.693359 0.976562 0.693359 0.976562 0.690430 0.973633 0.688477
0 0.103516 0.612305 0.103516 0.620117 0.105469 0.623047 0.108398 0.623047 0.108398 0.616211
0 0.196289 0.262695 0.197266 0.267578 0.202148 0.269531 0.201172 0.264648
0 0.014648 0.635742 0.008789 0.635742 0.004883 0.640625 0.008789 0.641602
0 0.857422 0.691406 0.861328 0.695312 0.868164 0.694336 0.865234 0.690430
0 0.217773 0.445312 0.209961 0.445312 0.207031 0.451172 0.214844 0.450195
0 0.290039 0.170898 0.290039 0.177734 0.294922 0.180664 0.293945 0.172852
0 0.750977 0.929688 0.757812 0.930664 0.763672 0.926758 0.753906 0.925781
0 0.445312 0.032227 0.441406 0.036133 0.442383 0.043945 0.446289 0.041992
0 0.677734 0.375977 0.678711 0.379883 0.685547 0.383789 0.684570 0.378906
0 0.112305 0.881836 0.105469 0.885742 0.104492 0.894531 0.111328 0.889648
0 0.759766 0.162109 0.760742 0.167969 0.766602 0.170898 0.765625 0.165039
0 0.559570 0.584961 0.561523 0.588867 0.569336 0.587891 0.567383 0.583984
0 0.062500 0.797852 0.064453 0.802734 0.072266 0.803711 0.071289 0.799805
0 0.411133 0.140625 0.411133 0.145508 0.416992 0.150391 0.416016 0.142578
0 0.984375 0.678711 0.980469 0.677734 0.975586 0.679688 0.975586 0.681641 0.981445 0.682617
0 0.937500 0.733398 0.933594 0.735352 0.932617 0.743164 0.936523 0.740234
0 0.056641 0.340820 0.046875 0.341797 0.045898 0.346680 0.054688 0.344727
0 0.397461 0.213867 0.399414 0.216797 0.408203 0.215820 0.408203 0.211914
0 0.786133 0.493164 0.790039 0.499023 0.798828 0.500000 0.794922 0.494141
0 0.010742 0.480469 0.008789 0.482422 0.011719 0.489258 0.016602 0.491211 0.015625 0.483398
0 0.938477 0.527344 0.940430 0.536133 0.944336 0.537109 0.944336 0.530273
0 0.332031 0.906250 0.328125 0.906250 0.325195 0.909180 0.325195 0.915039 0.330078 0.912109
0 0.454102 0.454102 0.453125 0.458008 0.457031 0.463867 0.458008 0.458008
0 0.027344 0.736328 0.027344 0.740234 0.030273 0.743164 0.037109 0.744141 0.033203 0.737305
0 0.571289 0.735352 0.571289 0.737305 0.579102 0.738281 0.582031 0.736328 0.582031 0.733398 0.576172 0.732422
0 0.897461 0.886719 0.890625 0.887695 0.889648 0.892578 0.895508 0.891602
0 0.226562 0.309570 0.221680 0.310547 0.217773 0.314453 0.217773 0.318359 0.223633 0.317383
0 0.619141 0.023438 0.621094 0.028320 0.629883 0.029297 0.625000 0.023438
0 0.021484 0.215820 0.014648 0.218750 0.012695 0.226562 0.019531 0.224609
0 0.053711 0.669922 0.055664 0.673828 0.062500 0.674805 0.057617 0.668945
0 0.705078 0.810547 0.701172 0.814453 0.702148 0.821289 0.706055 0.817383
0 0.179688 0.415039 0.182617 0.420898 0.190430 0.420898 0.186523 0.416016
0 0.478516 0.849609 0.472656 0.852539 0.471680 0.859375 0.479492 0.855469
0 0.331055 0.431641 0.333984 0.435547 0.341797 0.433594 0.338867 0.430664
0 0.315430 0.830078 0.315430 0.835938 0.319336 0.838867 0.319336 0.833008
0 0.507812 0.742188 0.501953 0.742188 0.496094 0.747070 0.502930 0.748047 0.507812 0.745117
0 0.833008 0.818359 0.834961 0.823242 0.844727 0.824219 0.840820 0.819336
0 0.752930 0.235352 0.748047 0.235352 0.744141 0.241211 0.750977 0.240234
0 0.415039 0.582031 0.416992 0.590820 0.421875 0.592773 0.420898 0.584961
0 0.536133 0.174805 0.531250 0.177734 0.531250 0.188477 0.537109 0.182617
0 0.749023 0.258789 0.748047 0.262695 0.755859 0.266602 0.756836 0.263672
0 0.238281 0.850586 0.238281 0.855469 0.242188 0.859375 0.247070 0.860352 0.245117 0.853516
0 0.707031 0.504883 0.707031 0.514648 0.710938 0.516602 0.710938 0.506836
0 0.969727 0.015625 0.966797 0.015625 0.964844 0.018555 0.964844 0.026367 0.969727 0.021484
0 0.680664 0.497070 0.684570 0.501953 0.693359 0.501953 0.693359 0.499023 0.686523 0.495117
0 0.706055 0.579102 0.700195 0.579102 0.696289 0.583984 0.700195 0.584961
0 0.249023 0.133789 0.250000 0.139648 0.253906 0.143555 0.257812 0.143555 0.256836 0.137695