0 0.029297 0.504883 0.023438 0.508789 0.023438 0.513672 0.029297 0.510742
0 0.779297 0.964844 0.776367 0.965820 0.774414 0.971680 0.777344 0.978516 0.780273 0.973633
0 0.841797 0.803711 0.842773 0.808594 0.851562 0.810547 0.847656 0.804688
0 0.214844 0.687500 0.216797 0.690430 0.223633 0.689453 0.222656 0.686523
0 0.148438 0.216797 0.143555 0.216797 0.138672 0.221680 0.146484 0.221680
0 0.218750 0.510742 0.212891 0.511719 0.209961 0.516602 0.215820 0.515625
0 0.956055 0.654297 0.963867 0.654297 0.965820 0.650391 0.958008 0.650391
0 0.427734 0.255859 0.424805 0.256836 0.421875 0.266602 0.427734 0.263672
0 0.483398 0.166016 0.485352 0.168945 0.493164 0.167969 0.492188 0.165039 0.487305 0.164062
0 0.216797 0.152344 0.210938 0.153320 0.208008 0.158203 0.215820 0.156250
0 0.421875 0.889648 0.416992 0.890625 0.413086 0.894531 0.413086 0.898438 0.418945 0.897461
0 0.744141 0.205078 0.747070 0.209961 0.756836 0.210938 0.754883 0.206055 0.750000 0.204102
0 0.266602 0.100586 0.269531 0.104492 0.277344 0.104492 0.273438 0.099609
0 0.664062 0.939453 0.660156 0.941406 0.659180 0.949219 0.664062 0.945312
0 0.411133 0.539062 0.410156 0.544922 0.414062 0.551758 0.416016 0.549805 0.416016 0.542969 0.414062 0.539062
0 0.105469 0.358398 0.105469 0.366211 0.111328 0.371094 0.111328 0.362305 0.109375 0.358398
0 0.646484 0.196289 0.649414 0.204102 0.657227 0.205078 0.652344 0.197266
0 0.893555 0.722656 0.886719 0.723633 0.884766 0.727539 0.891602 0.727539
0 0.452148 0.006836 0.456055 0.012695 0.459961 0.013672 0.458008 0.007812
0 0.030273 0.407227 0.029297 0.415039 0.032227 0.416992 0.034180 0.409180
0 0.294922 0.547852 0.295898 0.550781 0.305664 0.549805 0.304688 0.545898
0 0.016602 0.582031 0.016602 0.587891 0.024414 0.591797 0.022461 0.584961
0 0.186523 0.537109 0.188477 0.545898 0.193359 0.547852 0.192383 0.540039
0 0.267578 0.966797 0.264648 0.966797 0.262695 0.976562 0.265625 0.976562 0.267578 0.973633
0 0.741211 0.016602 0.745117 0.020508 0.751953 0.019531 0.749023 0.015625
0 0.650391 0.572266 0.643555 0.572266 0.639648 0.577148 0.648438 0.577148
0 0.143555 0.338867 0.146484 0.342773 0.153320 0.342773 0.151367 0.338867
0 0.821289 0.526367 0.821289 0.529297 0.824219 0.530273 0.832031 0.529297 0.830078 0.525391
0 0.237305 0.693359 0.228516 0.693359 0.223633 0.698242 0.231445 0.699219