0 0.237305 0.520508 0.242188 0.527344 0.250977 0.527344 0.248047 0.522461
0 0.283203 0.936523 0.291016 0.937500 0.294922 0.933594 0.288086 0.932617
0 0.193359 0.516602 0.191406 0.515625 0.187500 0.518555 0.185547 0.528320 0.188477 0.528320 0.192383 0.523438
0 0.402344 0.876953 0.405273 0.879883 0.415039 0.878906 0.414062 0.875977 0.403320 0.875000
0 0.329102 0.287109 0.327148 0.288086 0.328125 0.298828 0.331055 0.298828 0.332031 0.289062
0 0.942383 0.965820 0.941406 0.972656 0.945312 0.977539 0.947266 0.971680 0.944336 0.965820
0 0.668945 0.791992 0.664062 0.792969 0.661133 0.799805 0.666992 0.797852
0 0.303711 0.662109 0.300781 0.662109 0.298828 0.665039 0.299805 0.673828 0.303711 0.670898
0 0.629883 0.480469 0.629883 0.482422 0.634766 0.484375 0.641602 0.483398 0.638672 0.479492 0.632812 0.478516
0 0.348633 0.166992 0.351562 0.173828 0.357422 0.174805 0.355469 0.168945
0 0.883789 0.309570 0.887695 0.317383 0.893555 0.317383 0.890625 0.311523
0 0.666992 0.870117 0.661133 0.871094 0.659180 0.875977 0.665039 0.875000
0 0.877930 0.343750 0.880859 0.348633 0.890625 0.349609 0.883789 0.342773
0 0.614258 0.883789 0.618164 0.888672 0.623047 0.887695 0.621094 0.883789
0 0.889648 0.557617 0.890625 0.563477 0.895508 0.565430 0.894531 0.559570
0 0.361328 0.700195 0.361328 0.706055 0.366211 0.710938 0.366211 0.703125 0.364258 0.700195
0 0.336914 0.622070 0.329102 0.624023 0.328125 0.628906 0.333008 0.627930
0 0.400391 0.593750 0.393555 0.593750 0.390625 0.599609 0.397461 0.598633
0 0.476562 0.121094 0.469727 0.121094 0.465820 0.125000 0.465820 0.128906 0.473633 0.126953
0 0.139648 0.569336 0.140625 0.574219 0.148438 0.578125 0.146484 0.571289
0 0.399414 0.886719 0.403320 0.893555 0.408203 0.892578 0.407227 0.888672
0 0.498047 0.485352 0.500977 0.492188 0.506836 0.493164 0.504883 0.487305
0 0.892578 0.116211 0.891602 0.122070 0.896484 0.126953 0.896484 0.120117
0 0.510742 0.251953 0.511719 0.255859 0.519531 0.257812 0.517578 0.252930
0 0.534180 0.788086 0.528320 0.791992 0.527344 0.797852 0.533203 0.795898
0 0.484375 0.236328 0.484375 0.239258 0.491211 0.243164 0.490234 0.238281
0 0.527344 0.762695 0.522461 0.764648 0.519531 0.769531 0.520508 0.771484 0.526367 0.768555
0 0.978516 0.540039 0.983398 0.543945 0.988281 0.542969 0.986328 0.539062
0 0.075195 0.174805 0.074219 0.182617 0.077148 0.185547 0.079102 0.177734
0 0.683594 0.581055 0.677734 0.581055 0.673828 0.587891 0.679688 0.586914
0 0.914062 0.643555 0.917969 0.647461 0.925781 0.646484 0.922852 0.642578
0 0.681641 0.556641 0.682617 0.564453 0.687500 0.566406 0.686523 0.558594
0 0.233398 0.441406 0.238281 0.447266 0.249023 0.447266 0.249023 0.444336 0.244141 0.441406
0 0.825195 0.767578 0.819336 0.768555 0.816406 0.774414 0.822266 0.773438
0 0.514648 0.188477 0.513672 0.193359 0.515625 0.197266 0.518555 0.197266 0.518555 0.193359
0 0.478516 0.632812 0.481445 0.637695 0.485352 0.638672 0.484375 0.633789
0 0.852539 0.814453 0.848633 0.817383 0.847656 0.823242 0.852539 0.819336
0 0.802734 0.442383 0.797852 0.444336 0.796875 0.452148 0.799805 0.452148
0 0.014648 0.029297 0.018555 0.032227 0.025391 0.032227 0.025391 0.029297 0.022461 0.027344
0 0.521484 0.044922 0.517578 0.046875 0.515625 0.055664 0.521484 0.052734
0 0.269531 0.110352 0.271484 0.115234 0.278320 0.119141 0.279297 0.115234 0.277344 0.112305
0 0.409180 0.624023 0.404297 0.622070 0.398438 0.625000 0.397461 0.628906 0.405273 0.628906
0 0.660156 0.754883 0.660156 0.757812 0.663086 0.759766 0.670898 0.757812 0.667969 0.754883