0 0.240234 0.838867 0.241211 0.841797 0.248047 0.843750 0.248047 0.839844
0 0.703125 0.776367 0.703125 0.780273 0.710938 0.784180 0.709961 0.779297
0 0.808594 0.014648 0.808594 0.022461 0.810547 0.025391 0.813477 0.025391 0.813477 0.016602
0 0.660156 0.594727 0.657227 0.596680 0.658203 0.605469 0.660156 0.605469 0.662109 0.600586
0 0.407227 0.554688 0.407227 0.561523 0.411133 0.565430 0.412109 0.557617 0.410156 0.554688
0 0.541992 0.768555 0.541992 0.776367 0.545898 0.780273 0.547852 0.774414
0 0.325195 0.080078 0.321289 0.080078 0.317383 0.083984 0.316406 0.089844 0.325195 0.084961
0 0.811523 0.286133 0.801758 0.286133 0.797852 0.291016 0.809570 0.291016
0 0.058594 0.685547 0.054688 0.688477 0.053711 0.695312 0.058594 0.693359
0 0.111328 0.354492 0.113281 0.357422 0.121094 0.357422 0.118164 0.353516
0 0.702148 0.234375 0.700195 0.243164 0.702148 0.248047 0.707031 0.250000 0.708008 0.244141 0.705078 0.236328
0 0.850586 0.760742 0.844727 0.762695 0.841797 0.768555 0.845703 0.769531 0.848633 0.767578
0 0.018555 0.838867 0.020508 0.841797 0.029297 0.840820 0.027344 0.836914
0 0.446289 0.854492 0.443359 0.856445 0.443359 0.864258 0.448242 0.859375
0 0.694336 0.634766 0.689453 0.635742 0.689453 0.646484 0.693359 0.643555
0 0.173828 0.538086 0.174805 0.543945 0.182617 0.547852 0.181641 0.542969
0 0.114258 0.430664 0.120117 0.436523 0.128906 0.435547 0.128906 0.432617 0.125977 0.430664
0 0.548828 0.267578 0.543945 0.268555 0.541016 0.273438 0.546875 0.271484
0 0.337891 0.735352 0.333984 0.738281 0.334961 0.750000 0.337891 0.750000 0.339844 0.746094 0.339844 0.737305
0 0.116211 0.266602 0.111328 0.267578 0.108398 0.273438 0.113281 0.272461
0 0.362305 0.428711 0.362305 0.430664 0.367188 0.432617 0.373047 0.431641 0.372070 0.427734
0 0.847656 0.452148 0.848633 0.460938 0.854492 0.463867 0.853516 0.455078
0 0.288086 0.925781 0.290039 0.935547 0.294922 0.938477 0.294922 0.929688
0 0.418945 0.391602 0.418945 0.394531 0.424805 0.395508 0.428711 0.393555 0.428711 0.390625
0 0.759766 0.736328 0.761719 0.739258 0.769531 0.738281 0.766602 0.735352
0 0.226562 0.576172 0.222656 0.576172 0.218750 0.580078 0.217773 0.587891 0.226562 0.581055
0 0.816406 0.557617 0.816406 0.564453 0.820312 0.568359 0.821289 0.560547
0 0.113281 0.954102 0.111328 0.954102 0.108398 0.960938 0.111328 0.967773 0.114258 0.964844
0 0.503906 0.956055 0.504883 0.962891 0.512695 0.966797 0.512695 0.960938 0.507812 0.956055
0 0.389648 0.583984 0.381836 0.585938 0.380859 0.590820 0.387695 0.589844
0 0.058594 0.701172 0.061523 0.706055 0.068359 0.707031 0.066406 0.702148
0 0.465820 0.515625 0.472656 0.514648 0.474609 0.510742 0.466797 0.511719
0 0.049805 0.899414 0.048828 0.907227 0.052734 0.910156 0.052734 0.901367
0 0.211914 0.552734 0.211914 0.555664 0.214844 0.557617 0.224609 0.555664 0.219727 0.551758
0 0.662109 0.700195 0.658203 0.703125 0.661133 0.709961 0.663086 0.708008
0 0.907227 0.788086 0.907227 0.791992 0.916992 0.791016 0.915039 0.788086
0 0.964844 0.615234 0.962891 0.613281 0.958008 0.615234 0.954102 0.624023 0.961914 0.621094
0 0.156250 0.941406 0.149414 0.942383 0.148438 0.945312 0.154297 0.945312
0 0.036133 0.582031 0.033203 0.590820 0.037109 0.594727 0.039062 0.585938
0 0.299805 0.806641 0.299805 0.812500 0.303711 0.817383 0.305664 0.814453 0.304688 0.809570
0 0.619141 0.461914 0.619141 0.465820 0.623047 0.467773 0.633789 0.465820 0.632812 0.462891 0.627930 0.460938
0 0.672852 0.075195 0.666016 0.079102 0.665039 0.084961 0.669922 0.083984
0 0.153320 0.245117 0.146484 0.246094 0.143555 0.250977 0.151367 0.250000
0 0.182617 0.133789 0.183594 0.139648 0.189453 0.142578 0.189453 0.137695
0 0.738281 0.631836 0.733398 0.633789 0.732422 0.643555 0.737305 0.639648
0 0.545898 0.326172 0.541016 0.329102 0.540039 0.335938 0.544922 0.333984
0 0.025391 0.338867 0.020508 0.341797 0.019531 0.348633 0.024414 0.346680
0 0.224609 0.528320 0.220703 0.533203 0.221680 0.538086 0.225586 0.536133
0 0.208008 0.645508 0.204102 0.646484 0.204102 0.654297 0.208008 0.650391
0 0.627930 0.168945 0.627930 0.175781 0.633789 0.178711 0.632812 0.171875
0 0.051758 0.139648 0.047852 0.143555 0.048828 0.150391 0.052734 0.145508
0 0.553711 0.094727 0.551758 0.096680 0.552734 0.103516 0.555664 0.107422 0.558594 0.107422 0.558594 0.098633
0 0.709961 0.032227 0.704102 0.034180 0.702148 0.039062 0.708008 0.038086
0 0.030273 0.278320 0.021484 0.280273 0.021484 0.283203 0.027344 0.283203
0 0.502930 0.054688 0.502930 0.057617 0.505859 0.058594 0.513672 0.056641 0.513672 0.054688 0.509766 0.053711
0 0.750977 0.808594 0.757812 0.809570 0.763672 0.803711 0.755859 0.802734 0.750977 0.805664
0 0.630859 0.502930 0.622070 0.502930 0.618164 0.507812 0.626953 0.507812
0 0.016602 0.055664 0.016602 0.062500 0.018555 0.065430 0.021484 0.065430 0.022461 0.061523
0 0.302734 0.322266 0.296875 0.322266 0.292969 0.328125 0.300781 0.327148