0 0.408203 0.790039 0.412109 0.793945 0.418945 0.792969 0.416992 0.789062
0 0.453125 0.588867 0.452148 0.596680 0.455078 0.597656 0.455078 0.589844
0 0.535156 0.070312 0.539062 0.074219 0.545898 0.073242 0.542969 0.069336
0 0.103516 0.758789 0.103516 0.763672 0.111328 0.766602 0.109375 0.760742
0 0.602539 0.079102 0.597656 0.078125 0.592773 0.083984 0.600586 0.083008
0 0.573242 0.319336 0.569336 0.320312 0.568359 0.327148 0.571289 0.326172
0 0.961914 0.943359 0.960938 0.949219 0.963867 0.953125 0.964844 0.945312
0 0.933594 0.833008 0.934570 0.839844 0.940430 0.842773 0.940430 0.836914
0 0.673828 0.687500 0.667969 0.688477 0.664062 0.694336 0.669922 0.694336
0 0.640625 0.195312 0.637695 0.196289 0.637695 0.204102 0.640625 0.202148
0 0.299805 0.544922 0.297852 0.549805 0.303711 0.556641 0.304688 0.551758
0 0.049805 0.922852 0.047852 0.931641 0.051758 0.935547 0.053711 0.926758
0 0.844727 0.636719 0.847656 0.641602 0.858398 0.641602 0.852539 0.635742
0 0.896484 0.892578 0.897461 0.897461 0.904297 0.901367 0.905273 0.897461 0.901367 0.893555
0 0.329102 0.354492 0.331055 0.358398 0.340820 0.357422 0.334961 0.353516
0 0.406250 0.436523 0.415039 0.437500 0.418945 0.433594 0.409180 0.432617
0 0.608398 0.010742 0.601562 0.012695 0.598633 0.018555 0.604492 0.018555 0.608398 0.014648
0 0.246094 0.959961 0.250000 0.962891 0.256836 0.962891 0.255859 0.958984
0 0.187500 0.684570 0.179688 0.686523 0.179688 0.690430 0.185547 0.689453
0 0.648438 0.132812 0.655273 0.132812 0.660156 0.127930 0.652344 0.126953 0.648438 0.128906
0 0.017578 0.424805 0.013672 0.426758 0.012695 0.433594 0.018555 0.429688
0 0.234375 0.562500 0.238281 0.571289 0.245117 0.572266 0.242188 0.565430
0 0.770508 0.664062 0.771484 0.672852 0.775391 0.675781 0.775391 0.666992 0.773438 0.664062
0 0.286133 0.808594 0.289062 0.814453 0.295898 0.814453 0.291016 0.808594
0 0.566406 0.922852 0.558594 0.922852 0.554688 0.929688 0.562500 0.927734
0 0.440430 0.253906 0.441406 0.258789 0.448242 0.262695 0.448242 0.257812
0 0.057617 0.175781 0.050781 0.173828 0.044922 0.180664 0.054688 0.179688
0 0.082031 0.446289 0.076172 0.448242 0.073242 0.453125 0.074219 0.456055 0.082031 0.451172
0 0.728516 0.856445 0.723633 0.860352 0.723633 0.869141 0.726562 0.869141 0.730469 0.859375
0 0.705078 0.689453 0.705078 0.696289 0.708008 0.700195 0.709961 0.693359
0 0.937500 0.990234 0.938477 0.993164 0.946289 0.991211 0.944336 0.988281
0 0.961914 0.481445 0.962891 0.487305 0.968750 0.490234 0.966797 0.482422
0 0.817383 0.217773 0.812500 0.220703 0.812500 0.227539 0.817383 0.224609
0 0.761719 0.293945 0.763672 0.300781 0.770508 0.302734 0.769531 0.296875
0 0.131836 0.465820 0.132812 0.469727 0.138672 0.472656 0.137695 0.468750
0 0.617188 0.750977 0.625000 0.751953 0.628906 0.749023 0.628906 0.746094 0.622070 0.746094
0 0.892578 0.722656 0.884766 0.727539 0.883789 0.732422 0.889648 0.731445
0 0.082031 0.915039 0.077148 0.917969 0.076172 0.924805 0.080078 0.923828
0 0.403320 0.986328 0.404297 0.992188 0.409180 0.995117 0.409180 0.989258
0 0.576172 0.512695 0.583008 0.512695 0.586914 0.508789 0.580078 0.507812 0.576172 0.509766