0 0.414062 0.724609 0.419922 0.730469 0.425781 0.729492 0.423828 0.725586
0 0.030273 0.564453 0.035156 0.569336 0.043945 0.568359 0.038086 0.562500 0.031250 0.562500
0 0.610352 0.367188 0.608398 0.374023 0.609375 0.376953 0.612305 0.376953 0.613281 0.369141
0 0.092773 0.837891 0.088867 0.838867 0.087891 0.846680 0.093750 0.842773
0 0.371094 0.770508 0.375977 0.773438 0.382812 0.772461 0.379883 0.768555 0.372070 0.768555
0 0.106445 0.346680 0.108398 0.353516 0.112305 0.355469 0.112305 0.349609
0 0.932617 0.543945 0.925781 0.543945 0.921875 0.548828 0.929688 0.548828 0.932617 0.546875
0 0.532227 0.676758 0.532227 0.678711 0.539062 0.680664 0.543945 0.678711 0.538086 0.674805
0 0.729492 0.720703 0.729492 0.723633 0.732422 0.724609 0.740234 0.722656 0.740234 0.720703 0.735352 0.718750
0 0.403320 0.498047 0.407227 0.504883 0.413086 0.505859 0.409180 0.498047
0 0.707031 0.451172 0.707031 0.457031 0.711914 0.461914 0.714844 0.461914 0.712891 0.454102
0 0.922852 0.073242 0.923828 0.079102 0.928711 0.082031 0.927734 0.075195
0 0.265625 0.740234 0.261719 0.739258 0.257812 0.747070 0.260742 0.747070
0 0.159180 0.248047 0.164062 0.254883 0.168945 0.255859 0.168945 0.251953 0.166016 0.249023
0 0.630859 0.753906 0.625977 0.754883 0.623047 0.761719 0.627930 0.760742
0 0.093750 0.086914 0.095703 0.095703 0.099609 0.096680 0.099609 0.089844
0 0.587891 0.391602 0.590820 0.394531 0.599609 0.393555 0.598633 0.390625 0.594727 0.389648
0 0.255859 0.185547 0.259766 0.189453 0.264648 0.188477 0.261719 0.184570
0 0.848633 0.916016 0.849609 0.920898 0.855469 0.923828 0.854492 0.917969
0 0.860352 0.690430 0.852539 0.692383 0.851562 0.696289 0.859375 0.694336
0 0.725586 0.693359 0.729492 0.697266 0.735352 0.696289 0.733398 0.692383
0 0.193359 0.777344 0.194336 0.784180 0.199219 0.786133 0.198242 0.780273
0 0.262695 0.271484 0.263672 0.276367 0.271484 0.280273 0.269531 0.273438
0 0.895508 0.686523 0.893555 0.691406 0.899414 0.698242 0.900391 0.693359
0 0.888672 0.889648 0.880859 0.893555 0.880859 0.899414 0.887695 0.895508
0 0.492188 0.667969 0.494141 0.671875 0.500977 0.671875 0.500000 0.667969
0 0.424805 0.922852 0.418945 0.923828 0.416992 0.929688 0.421875 0.928711
0 0.826172 0.652344 0.826172 0.661133 0.831055 0.664062 0.831055 0.656250
0 0.165039 0.911133 0.166016 0.916992 0.171875 0.918945 0.171875 0.915039
0 0.761719 0.430664 0.761719 0.433594 0.764648 0.435547 0.773438 0.435547 0.767578 0.429688
0 0.712891 0.668945 0.714844 0.674805 0.720703 0.678711 0.722656 0.676758 0.717773 0.669922
0 0.133789 0.658203 0.128906 0.659180 0.125977 0.667969 0.131836 0.665039
0 0.452148 0.469727 0.454102 0.473633 0.460938 0.473633 0.458984 0.469727
0 0.526367 0.673828 0.521484 0.675781 0.520508 0.683594 0.525391 0.679688
0 0.790039 0.356445 0.783203 0.357422 0.781250 0.361328 0.789062 0.359375
0 0.186523 0.459961 0.181641 0.460938 0.178711 0.466797 0.185547 0.464844
0 0.845703 0.554688 0.849609 0.558594 0.856445 0.557617 0.852539 0.553711
0 0.865234 0.295898 0.869141 0.302734 0.879883 0.304688 0.877930 0.298828
0 0.985352 0.443359 0.980469 0.444336 0.976562 0.448242 0.975586 0.453125 0.982422 0.451172
0 0.773438 0.409180 0.769531 0.410156 0.767578 0.417969 0.774414 0.414062
0 0.874023 0.218750 0.873047 0.224609 0.876953 0.227539 0.876953 0.221680
0 0.386719 0.788086 0.382812 0.790039 0.382812 0.799805 0.386719 0.796875
0 0.376953 0.283203 0.380859 0.287109 0.387695 0.286133 0.384766 0.282227
0 0.057617 0.659180 0.057617 0.665039 0.065430 0.668945 0.063477 0.662109
0 0.803711 0.280273 0.805664 0.285156 0.814453 0.286133 0.810547 0.280273
0 0.413086 0.364258 0.415039 0.367188 0.421875 0.367188 0.419922 0.364258
0 0.097656 0.493164 0.094727 0.493164 0.092773 0.497070 0.093750 0.501953 0.098633 0.497070
0 0.349609 0.017578 0.353516 0.023438 0.360352 0.024414 0.357422 0.018555
0 0.629883 0.038086 0.628906 0.044922 0.631836 0.047852 0.633789 0.041992
0 0.582031 0.379883 0.577148 0.384766 0.579102 0.392578 0.583008 0.384766
0 0.895508 0.847656 0.896484 0.849609 0.904297 0.848633 0.902344 0.845703
0 0.079102 0.276367 0.068359 0.276367 0.065430 0.278320 0.065430 0.282227 0.077148 0.281250
0 0.778320 0.616211 0.772461 0.619141 0.770508 0.625000 0.772461 0.626953 0.777344 0.623047
0 0.622070 0.006836 0.625977 0.014648 0.631836 0.014648 0.628906 0.008789
0 0.193359 0.262695 0.189453 0.265625 0.190430 0.272461 0.194336 0.268555
0 0.093750 0.527344 0.089844 0.529297 0.088867 0.536133 0.093750 0.533203
0 0.404297 0.220703 0.407227 0.225586 0.414062 0.225586 0.410156 0.220703
0 0.099609 0.617188 0.102539 0.622070 0.109375 0.622070 0.106445 0.617188
0 0.869141 0.330078 0.871094 0.335938 0.876953 0.336914 0.875000 0.332031
0 0.098633 0.854492 0.103516 0.859375 0.112305 0.858398 0.112305 0.855469 0.106445 0.852539
0 0.849609 0.395508 0.845703 0.398438 0.846680 0.404297 0.849609 0.402344
0 0.938477 0.167969 0.930664 0.170898 0.927734 0.177734 0.934570 0.176758 0.938477 0.171875
0 0.825195 0.383789 0.824219 0.392578 0.828125 0.394531 0.829102 0.386719
0 0.921875 0.480469 0.917969 0.480469 0.915039 0.485352 0.920898 0.485352
0 0.077148 0.909180 0.073242 0.910156 0.072266 0.916992 0.077148 0.913086
0 0.473633 0.533203 0.467773 0.534180 0.464844 0.540039 0.472656 0.538086
0 0.058594 0.365234 0.052734 0.367188 0.050781 0.375000 0.057617 0.371094
0 0.700195 0.178711 0.705078 0.186523 0.708984 0.187500 0.710938 0.185547 0.707031 0.179688