0 0.233398 0.856445 0.229492 0.860352 0.229492 0.866211 0.233398 0.863281
0 0.794922 0.545898 0.794922 0.553711 0.796875 0.557617 0.800781 0.558594 0.801758 0.553711
0 0.256836 0.660156 0.250000 0.664062 0.250000 0.668945 0.255859 0.665039
0 0.182617 0.091797 0.187500 0.093750 0.195312 0.088867 0.185547 0.087891
0 0.213867 0.268555 0.213867 0.272461 0.220703 0.276367 0.220703 0.272461
0 0.685547 0.236328 0.675781 0.238281 0.674805 0.241211 0.683594 0.241211
0 0.132812 0.740234 0.133789 0.743164 0.141602 0.741211 0.139648 0.738281
0 0.939453 0.613281 0.934570 0.614258 0.930664 0.622070 0.934570 0.622070
0 0.975586 0.135742 0.971680 0.137695 0.971680 0.144531 0.975586 0.141602
0 0.224609 0.345703 0.218750 0.349609 0.216797 0.358398 0.224609 0.352539
0 0.294922 0.399414 0.295898 0.402344 0.300781 0.404297 0.307617 0.402344 0.299805 0.397461
0 0.637695 0.611328 0.641602 0.616211 0.648438 0.615234 0.645508 0.611328
0 0.792969 0.147461 0.785156 0.148438 0.783203 0.153320 0.791016 0.151367
0 0.973633 0.309570 0.974609 0.315430 0.979492 0.317383 0.977539 0.309570
0 0.625977 0.322266 0.620117 0.322266 0.616211 0.327148 0.621094 0.328125 0.625000 0.326172
0 0.497070 0.911133 0.492188 0.911133 0.488281 0.918945 0.496094 0.916992
0 0.653320 0.772461 0.647461 0.770508 0.640625 0.773438 0.640625 0.776367 0.649414 0.776367
0 0.750000 0.595703 0.746094 0.595703 0.742188 0.603516 0.747070 0.601562
0 0.983398 0.035156 0.974609 0.038086 0.973633 0.041992 0.980469 0.041016
0 0.184570 0.933594 0.176758 0.934570 0.173828 0.937500 0.173828 0.941406 0.179688 0.940430
0 0.713867 0.381836 0.708008 0.384766 0.707031 0.390625 0.711914 0.388672
0 0.282227 0.879883 0.276367 0.883789 0.276367 0.892578 0.283203 0.886719
0 0.531250 0.881836 0.526367 0.883789 0.525391 0.890625 0.531250 0.886719
0 0.973633 0.971680 0.968750 0.976562 0.970703 0.984375 0.974609 0.978516
0 0.640625 0.063477 0.639648 0.071289 0.641602 0.076172 0.644531 0.077148 0.645508 0.069336 0.643555 0.064453
0 0.504883 0.109375 0.498047 0.110352 0.494141 0.116211 0.501953 0.115234
0 0.568359 0.111328 0.574219 0.112305 0.580078 0.107422 0.573242 0.106445
0 0.020508 0.695312 0.016602 0.694336 0.010742 0.698242 0.018555 0.699219
0 0.333008 0.732422 0.330078 0.735352 0.330078 0.743164 0.333984 0.739258
0 0.879883 0.704102 0.883789 0.709961 0.892578 0.709961 0.886719 0.704102
0 0.233398 0.791016 0.228516 0.791992 0.226562 0.799805 0.233398 0.796875