0 0.720703 0.291992 0.715820 0.293945 0.714844 0.301758 0.719727 0.298828
0 0.776367 0.568359 0.779297 0.572266 0.789062 0.570312 0.782227 0.566406
0 0.299805 0.400391 0.295898 0.400391 0.291016 0.407227 0.295898 0.407227
0 0.908203 0.533203 0.911133 0.539062 0.916992 0.540039 0.915039 0.535156
0 0.693359 0.957031 0.691406 0.961914 0.693359 0.967773 0.695312 0.967773 0.697266 0.959961 0.696289 0.957031
0 0.082031 0.356445 0.083984 0.359375 0.090820 0.358398 0.089844 0.355469
0 0.767578 0.030273 0.769531 0.035156 0.776367 0.037109 0.773438 0.031250
0 0.464844 0.389648 0.465820 0.393555 0.472656 0.397461 0.470703 0.391602
0 0.066406 0.447266 0.073242 0.453125 0.079102 0.452148 0.075195 0.447266
0 0.344727 0.199219 0.348633 0.204102 0.355469 0.203125 0.352539 0.199219
0 0.188477 0.054688 0.181641 0.055664 0.177734 0.059570 0.176758 0.064453 0.185547 0.062500
0 0.207031 0.575195 0.205078 0.583008 0.207031 0.587891 0.209961 0.587891 0.210938 0.579102
0 0.794922 0.653320 0.793945 0.661133 0.796875 0.663086 0.797852 0.656250
0 0.610352 0.469727 0.610352 0.475586 0.615234 0.479492 0.615234 0.472656
0 0.456055 0.670898 0.456055 0.674805 0.460938 0.676758 0.469727 0.673828 0.463867 0.669922
0 0.049805 0.294922 0.046875 0.296875 0.047852 0.304688 0.050781 0.301758
0 0.195312 0.467773 0.189453 0.470703 0.188477 0.477539 0.194336 0.474609
0 0.630859 0.790039 0.633789 0.793945 0.640625 0.793945 0.640625 0.791016 0.636719 0.789062
0 0.067383 0.703125 0.065430 0.709961 0.069336 0.713867 0.070312 0.705078
0 0.394531 0.955078 0.396484 0.962891 0.405273 0.966797 0.406250 0.964844 0.402344 0.958008
0 0.538086 0.155273 0.533203 0.155273 0.530273 0.161133 0.537109 0.159180
0 0.810547 0.842773 0.818359 0.841797 0.819336 0.838867 0.813477 0.837891 0.810547 0.839844
0 0.634766 0.087891 0.630859 0.089844 0.631836 0.099609 0.635742 0.093750
0 0.283203 0.214844 0.275391 0.214844 0.272461 0.219727 0.278320 0.219727
0 0.761719 0.372070 0.756836 0.375977 0.755859 0.383789 0.761719 0.380859
0 0.729492 0.079102 0.721680 0.079102 0.718750 0.083008 0.726562 0.083984 0.729492 0.082031
0 0.018555 0.314453 0.010742 0.316406 0.009766 0.321289 0.014648 0.320312
0 0.024414 0.291992 0.015625 0.291992 0.012695 0.293945 0.012695 0.296875 0.017578 0.297852 0.023438 0.294922
0 0.403320 0.414062 0.403320 0.416992 0.413086 0.419922 0.415039 0.417969 0.412109 0.414062
0 0.185547 0.369141 0.185547 0.372070 0.189453 0.374023 0.195312 0.374023 0.196289 0.372070 0.192383 0.369141
0 0.748047 0.376953 0.741211 0.376953 0.737305 0.381836 0.737305 0.385742 0.743164 0.384766
0 0.424805 0.849609 0.423828 0.855469 0.425781 0.860352 0.428711 0.861328 0.429688 0.853516 0.427734 0.849609
0 0.190430 0.335938 0.184570 0.336914 0.181641 0.342773 0.189453 0.340820
0 0.646484 0.382812 0.647461 0.386719 0.658203 0.388672 0.656250 0.383789 0.652344 0.381836
0 0.683594 0.151367 0.683594 0.157227 0.688477 0.160156 0.687500 0.153320
0 0.166992 0.719727 0.161133 0.719727 0.156250 0.724609 0.164062 0.724609
0 0.280273 0.776367 0.280273 0.780273 0.288086 0.784180 0.287109 0.779297
0 0.895508 0.101562 0.899414 0.108398 0.906250 0.108398 0.903320 0.102539
0 0.246094 0.599609 0.243164 0.600586 0.241211 0.608398 0.245117 0.606445
0 0.863281 0.290039 0.856445 0.291016 0.855469 0.294922 0.860352 0.293945
0 0.471680 0.283203 0.465820 0.283203 0.460938 0.288086 0.467773 0.289062 0.471680 0.286133
0 0.680664 0.072266 0.682617 0.078125 0.688477 0.081055 0.687500 0.074219
0 0.096680 0.517578 0.091797 0.516602 0.087891 0.521484 0.087891 0.525391 0.093750 0.523438
0 0.825195 0.688477 0.819336 0.688477 0.814453 0.693359 0.821289 0.694336 0.825195 0.691406
0 0.743164 0.929688 0.739258 0.934570 0.740234 0.939453 0.744141 0.937500
0 0.376953 0.134766 0.378906 0.143555 0.384766 0.146484 0.382812 0.136719
0 0.371094 0.956055 0.375977 0.960938 0.381836 0.959961 0.377930 0.955078
0 0.113281 0.866211 0.108398 0.866211 0.103516 0.870117 0.109375 0.871094
0 0.280273 0.408203 0.275391 0.410156 0.273438 0.417969 0.280273 0.414062
0 0.714844 0.458984 0.716797 0.462891 0.724609 0.463867 0.724609 0.460938 0.721680 0.458984
0 0.618164 0.194336 0.611328 0.198242 0.610352 0.204102 0.614258 0.204102 0.617188 0.201172
0 0.682617 0.502930 0.687500 0.503906 0.692383 0.499023 0.686523 0.499023