0 0.710938 0.769531 0.714844 0.773438 0.721680 0.773438 0.721680 0.770508 0.717773 0.768555
0 0.125977 0.274414 0.122070 0.278320 0.122070 0.285156 0.125000 0.285156 0.126953 0.281250
0 0.959961 0.529297 0.959961 0.538086 0.963867 0.541992 0.965820 0.540039 0.965820 0.533203 0.962891 0.529297
0 0.242188 0.412109 0.245117 0.415039 0.251953 0.414062 0.250977 0.411133
0 0.610352 0.952148 0.604492 0.952148 0.601562 0.958008 0.609375 0.957031
0 0.958984 0.277344 0.963867 0.282227 0.971680 0.281250 0.966797 0.276367
0 0.587891 0.646484 0.589844 0.651367 0.597656 0.652344 0.594727 0.647461
0 0.983398 0.121094 0.978516 0.124023 0.977539 0.130859 0.983398 0.126953
0 0.190430 0.600586 0.184570 0.602539 0.182617 0.608398 0.187500 0.607422
0 0.682617 0.858398 0.676758 0.858398 0.671875 0.864258 0.670898 0.869141 0.677734 0.867188 0.681641 0.863281
0 0.793945 0.120117 0.796875 0.124023 0.806641 0.122070 0.802734 0.119141
0 0.702148 0.070312 0.700195 0.079102 0.702148 0.083984 0.707031 0.085938 0.708008 0.080078
0 0.729492 0.288086 0.723633 0.290039 0.721680 0.297852 0.728516 0.294922
0 0.967773 0.712891 0.971680 0.719727 0.976562 0.718750 0.975586 0.714844
0 0.485352 0.496094 0.479492 0.497070 0.476562 0.502930 0.483398 0.500977
0 0.512695 0.465820 0.509766 0.465820 0.507812 0.468750 0.507812 0.475586 0.512695 0.472656
0 0.105469 0.880859 0.107422 0.886719 0.116211 0.889648 0.116211 0.886719 0.111328 0.881836
0 0.825195 0.467773 0.818359 0.469727 0.814453 0.479492 0.818359 0.479492 0.824219 0.474609
0 0.574219 0.161133 0.575195 0.164062 0.583984 0.163086 0.583984 0.160156
0 0.408203 0.653320 0.400391 0.654297 0.395508 0.658203 0.395508 0.661133 0.404297 0.660156 0.407227 0.658203
0 0.376953 0.856445 0.377930 0.860352 0.383789 0.863281 0.381836 0.857422
0 0.131836 0.152344 0.130859 0.154297 0.133789 0.159180 0.138672 0.161133 0.137695 0.155273
0 0.586914 0.913086 0.586914 0.918945 0.591797 0.923828 0.592773 0.917969
0 0.433594 0.663086 0.432617 0.673828 0.436523 0.674805 0.437500 0.668945 0.435547 0.663086
0 0.671875 0.222656 0.667969 0.224609 0.667969 0.232422 0.671875 0.229492
0 0.648438 0.285156 0.645508 0.285156 0.641602 0.291992 0.646484 0.291016
0 0.990234 0.074219 0.982422 0.075195 0.979492 0.082031 0.988281 0.079102
0 0.527344 0.347656 0.523438 0.352539 0.524414 0.360352 0.527344 0.360352 0.529297 0.357422
0 0.821289 0.348633 0.820312 0.355469 0.823242 0.360352 0.825195 0.350586
0 0.539062 0.750000 0.535156 0.751953 0.537109 0.762695 0.540039 0.758789
0 0.548828 0.980469 0.551758 0.984375 0.559570 0.984375 0.561523 0.982422 0.553711 0.978516
0 0.551758 0.054688 0.544922 0.055664 0.542969 0.062500 0.548828 0.060547
0 0.769531 0.904297 0.775391 0.905273 0.780273 0.900391 0.773438 0.900391
0 0.021484 0.191406 0.012695 0.192383 0.011719 0.196289 0.015625 0.196289
0 0.687500 0.291016 0.684570 0.291016 0.682617 0.293945 0.683594 0.303711 0.687500 0.299805
0 0.942383 0.172852 0.935547 0.172852 0.932617 0.174805 0.932617 0.177734 0.937500 0.177734
0 0.125000 0.426758 0.125977 0.430664 0.133789 0.431641 0.131836 0.427734
0 0.329102 0.392578 0.332031 0.397461 0.337891 0.397461 0.335938 0.393555
0 0.648438 0.049805 0.638672 0.051758 0.637695 0.056641 0.646484 0.054688
0 0.154297 0.610352 0.158203 0.616211 0.166016 0.616211 0.161133 0.610352
0 0.231445 0.918945 0.233398 0.925781 0.238281 0.928711 0.239258 0.924805 0.236328 0.919922
0 0.365234 0.717773 0.363281 0.725586 0.367188 0.730469 0.369141 0.720703
0 0.726562 0.410156 0.729492 0.414062 0.737305 0.414062 0.733398 0.409180 0.729492 0.408203
0 0.843750 0.413086 0.847656 0.417969 0.854492 0.417969 0.854492 0.415039 0.851562 0.413086
0 0.047852 0.013672 0.042969 0.020508 0.043945 0.026367 0.046875 0.026367 0.049805 0.020508 0.049805 0.014648
0 0.893555 0.810547 0.892578 0.812500 0.896484 0.817383 0.902344 0.818359 0.900391 0.812500
0 0.742188 0.922852 0.739258 0.922852 0.737305 0.925781 0.739258 0.934570 0.742188 0.929688
0 0.609375 0.255859 0.609375 0.262695 0.613281 0.267578 0.614258 0.258789 0.612305 0.255859
0 0.405273 0.920898 0.407227 0.928711 0.414062 0.931641 0.414062 0.925781 0.410156 0.921875
0 0.005859 0.961914 0.006836 0.967773 0.012695 0.970703 0.012695 0.965820
0 0.611328 0.356445 0.606445 0.362305 0.608398 0.370117 0.612305 0.365234
0 0.621094 0.807617 0.622070 0.813477 0.626953 0.816406 0.625977 0.809570
0 0.346680 0.370117 0.345703 0.377930 0.348633 0.380859 0.350586 0.372070
0 0.324219 0.221680 0.315430 0.221680 0.313477 0.224609 0.314453 0.226562 0.320312 0.226562
0 0.959961 0.590820 0.962891 0.595703 0.969727 0.596680 0.966797 0.591797
0 0.244141 0.583008 0.244141 0.585938 0.247070 0.586914 0.254883 0.584961 0.254883 0.583008 0.250977 0.582031