0 0.628906 0.087891 0.628906 0.093750 0.632812 0.097656 0.633789 0.091797
0 0.766602 0.084961 0.766602 0.086914 0.774414 0.087891 0.777344 0.085938 0.777344 0.083008 0.771484 0.082031
0 0.046875 0.285156 0.040039 0.287109 0.037109 0.294922 0.042969 0.292969
0 0.365234 0.138672 0.362305 0.139648 0.362305 0.147461 0.365234 0.145508
0 0.950195 0.976562 0.944336 0.978516 0.943359 0.983398 0.948242 0.982422
0 0.598633 0.295898 0.593750 0.296875 0.590820 0.299805 0.590820 0.303711 0.594727 0.303711
0 0.533203 0.937500 0.534180 0.944336 0.540039 0.948242 0.541016 0.945312 0.538086 0.938477
0 0.460938 0.004883 0.457031 0.006836 0.457031 0.015625 0.461914 0.010742
0 0.770508 0.242188 0.772461 0.246094 0.780273 0.247070 0.777344 0.242188
0 0.385742 0.881836 0.381836 0.886719 0.381836 0.891602 0.385742 0.890625
0 0.131836 0.970703 0.127930 0.973633 0.127930 0.979492 0.131836 0.977539
0 0.680664 0.869141 0.673828 0.873047 0.672852 0.878906 0.674805 0.879883 0.679688 0.875977
0 0.548828 0.385742 0.547852 0.393555 0.550781 0.395508 0.552734 0.387695
0 0.524414 0.141602 0.527344 0.151367 0.528320 0.143555
0 0.873047 0.946289 0.874023 0.953125 0.878906 0.956055 0.879883 0.951172 0.877930 0.947266
0 0.079102 0.832031 0.074219 0.833008 0.071289 0.838867 0.076172 0.838867
0 0.186523 0.151367 0.179688 0.151367 0.175781 0.157227 0.183594 0.156250
0 0.807617 0.465820 0.800781 0.469727 0.799805 0.475586 0.806641 0.472656
0 0.517578 0.336914 0.515625 0.338867 0.516602 0.343750 0.520508 0.347656 0.522461 0.346680 0.521484 0.340820
0 0.807617 0.952148 0.810547 0.956055 0.819336 0.954102 0.819336 0.952148 0.814453 0.950195
0 0.643555 0.864258 0.637695 0.865234 0.634766 0.871094 0.642578 0.870117
0 0.389648 0.751953 0.387695 0.750000 0.381836 0.750977 0.377930 0.757812 0.382812 0.757812
0 0.068359 0.408203 0.066406 0.416992 0.067383 0.420898 0.071289 0.421875 0.072266 0.412109
0 0.053711 0.491211 0.053711 0.498047 0.057617 0.500977 0.057617 0.492188
0 0.249023 0.922852 0.250977 0.926758 0.257812 0.927734 0.254883 0.922852
0 0.338867 0.103516 0.339844 0.109375 0.345703 0.112305 0.345703 0.107422
0 0.218750 0.429688 0.221680 0.435547 0.228516 0.435547 0.225586 0.430664
0 0.059570 0.881836 0.054688 0.884766 0.053711 0.888672 0.057617 0.888672
0 0.542969 0.200195 0.541992 0.207031 0.544922 0.212891 0.546875 0.203125
0 0.664062 0.496094 0.665039 0.502930 0.668945 0.504883 0.667969 0.497070
0 0.417969 0.641602 0.409180 0.641602 0.406250 0.645508 0.414062 0.646484
0 0.269531 0.328125 0.264648 0.329102 0.262695 0.334961 0.268555 0.333008
0 0.131836 0.643555 0.127930 0.643555 0.126953 0.653320 0.130859 0.650391
0 0.239258 0.278320 0.239258 0.281250 0.243164 0.282227 0.251953 0.281250 0.250000 0.277344
0 0.136719 0.550781 0.131836 0.555664 0.131836 0.562500 0.137695 0.556641
0 0.198242 0.157227 0.200195 0.162109 0.208008 0.163086 0.207031 0.159180
0 0.326172 0.676758 0.321289 0.674805 0.317383 0.675781 0.314453 0.679688 0.320312 0.680664
0 0.813477 0.703125 0.816406 0.709961 0.824219 0.711914 0.819336 0.704102
0 0.417969 0.827148 0.422852 0.829102 0.427734 0.827148 0.428711 0.824219 0.421875 0.823242
0 0.572266 0.379883 0.576172 0.383789 0.583008 0.382812 0.580078 0.378906
0 0.951172 0.450195 0.954102 0.454102 0.960938 0.453125 0.956055 0.449219
0 0.944336 0.473633 0.933594 0.473633 0.931641 0.478516 0.942383 0.478516
0 0.354492 0.252930 0.349609 0.258789 0.348633 0.264648 0.350586 0.266602 0.357422 0.257812 0.357422 0.254883
0 0.763672 0.973633 0.756836 0.975586 0.754883 0.982422 0.759766 0.981445
0 0.798828 0.507812 0.795898 0.507812 0.793945 0.510742 0.794922 0.517578 0.797852 0.515625
0 0.089844 0.816406 0.094727 0.820312 0.101562 0.819336 0.100586 0.816406 0.094727 0.814453
0 0.550781 0.497070 0.546875 0.499023 0.547852 0.508789 0.550781 0.505859
0 0.369141 0.253906 0.371094 0.261719 0.375977 0.263672 0.375000 0.256836
0 0.978516 0.131836 0.977539 0.137695 0.982422 0.142578 0.982422 0.134766
0 0.591797 0.117188 0.592773 0.123047 0.598633 0.125977 0.596680 0.118164
0 0.533203 0.578125 0.532227 0.585938 0.536133 0.589844 0.537109 0.581055 0.536133 0.578125
0 0.954102 0.065430 0.948242 0.066406 0.945312 0.069336 0.945312 0.073242 0.950195 0.072266
0 0.795898 0.573242 0.800781 0.573242 0.803711 0.569336 0.797852 0.569336
0 0.385742 0.916016 0.378906 0.917969 0.375977 0.922852 0.378906 0.923828 0.384766 0.920898
0 0.318359 0.615234 0.312500 0.618164 0.311523 0.624023 0.317383 0.621094
0 0.776367 0.257812 0.779297 0.263672 0.785156 0.264648 0.781250 0.258789
0 0.554688 0.671875 0.553711 0.675781 0.561523 0.679688 0.560547 0.675781
0 0.559570 0.696289 0.552734 0.700195 0.552734 0.705078 0.558594 0.701172
0 0.362305 0.043945 0.358398 0.043945 0.355469 0.049805 0.360352 0.048828
0 0.309570 0.717773 0.311523 0.721680 0.321289 0.719727 0.321289 0.716797
0 0.862305 0.222656 0.856445 0.226562 0.855469 0.234375 0.858398 0.234375 0.863281 0.229492 0.864258 0.224609
0 0.647461 0.329102 0.640625 0.333984 0.639648 0.338867 0.648438 0.333984
0 0.583008 0.282227 0.583008 0.285156 0.589844 0.286133 0.592773 0.284180 0.592773 0.281250
0 0.987305 0.356445 0.987305 0.362305 0.993164 0.365234 0.991211 0.357422
0 0.216797 0.458008 0.211914 0.459961 0.211914 0.469727 0.216797 0.462891
0 0.212891 0.114258 0.211914 0.119141 0.214844 0.124023 0.216797 0.118164
0 0.087891 0.397461 0.086914 0.403320 0.089844 0.405273 0.090820 0.400391
0 0.233398 0.491211 0.234375 0.497070 0.239258 0.500000 0.238281 0.493164
0 0.983398 0.952148 0.984375 0.958984 0.989258 0.961914 0.988281 0.954102