0 0.575195 0.315430 0.579102 0.321289 0.586914 0.321289 0.583008 0.316406
0 0.482422 0.524414 0.477539 0.526367 0.476562 0.535156 0.481445 0.532227
0 0.496094 0.168945 0.500000 0.173828 0.506836 0.172852 0.503906 0.168945
0 0.094727 0.242188 0.086914 0.244141 0.084961 0.250000 0.090820 0.249023
0 0.912109 0.362305 0.914062 0.369141 0.919922 0.372070 0.918945 0.365234
0 0.540039 0.661133 0.541016 0.664062 0.548828 0.663086 0.548828 0.660156
0 0.684570 0.625977 0.674805 0.627930 0.673828 0.632812 0.681641 0.631836
0 0.273438 0.344727 0.277344 0.349609 0.282227 0.348633 0.280273 0.344727
0 0.105469 0.564453 0.103516 0.566406 0.104492 0.571289 0.107422 0.575195 0.110352 0.575195 0.110352 0.569336
0 0.619141 0.666992 0.613281 0.669922 0.613281 0.675781 0.618164 0.673828
0 0.967773 0.362305 0.967773 0.372070 0.971680 0.373047 0.971680 0.364258
0 0.810547 0.569336 0.818359 0.574219 0.823242 0.572266 0.820312 0.568359 0.814453 0.567383
0 0.578125 0.195312 0.580078 0.198242 0.587891 0.198242 0.585938 0.194336
0 0.668945 0.172852 0.664062 0.174805 0.663086 0.180664 0.668945 0.176758
0 0.797852 0.377930 0.797852 0.380859 0.800781 0.382812 0.808594 0.382812 0.802734 0.376953
0 0.818359 0.957031 0.820312 0.964844 0.824219 0.965820 0.823242 0.958984
0 0.419922 0.417969 0.422852 0.423828 0.428711 0.424805 0.425781 0.418945
0 0.467773 0.138672 0.465820 0.148438 0.468750 0.152344 0.470703 0.143555
0 0.375977 0.019531 0.370117 0.020508 0.367188 0.026367 0.375000 0.024414
0 0.541992 0.377930 0.541992 0.381836 0.544922 0.384766 0.550781 0.385742 0.550781 0.382812 0.545898 0.377930
0 0.088867 0.345703 0.085938 0.349609 0.086914 0.357422 0.089844 0.356445 0.090820 0.351562
0 0.471680 0.818359 0.465820 0.818359 0.460938 0.823242 0.468750 0.823242 0.471680 0.821289
0 0.138672 0.109375 0.138672 0.116211 0.142578 0.120117 0.144531 0.118164 0.143555 0.112305
0 0.031250 0.820312 0.027344 0.824219 0.028320 0.832031 0.032227 0.830078 0.033203 0.823242
0 0.383789 0.320312 0.386719 0.326172 0.393555 0.328125 0.389648 0.321289
0 0.061523 0.862305 0.053711 0.862305 0.049805 0.870117 0.058594 0.868164
0 0.030273 0.353516 0.031250 0.355469 0.039062 0.356445 0.041016 0.351562 0.035156 0.350586
0 0.901367 0.686523 0.901367 0.691406 0.906250 0.695312 0.906250 0.689453
0 0.896484 0.291992 0.898438 0.295898 0.907227 0.293945 0.904297 0.291016
0 0.787109 0.625977 0.783203 0.628906 0.785156 0.637695 0.788086 0.632812
0 0.511719 0.091797 0.506836 0.095703 0.506836 0.102539 0.512695 0.097656
0 0.897461 0.753906 0.891602 0.756836 0.889648 0.765625 0.896484 0.762695
0 0.573242 0.891602 0.573242 0.899414 0.578125 0.903320 0.580078 0.898438 0.577148 0.892578
0 0.224609 0.708984 0.228516 0.715820 0.234375 0.716797 0.231445 0.709961
0 0.124023 0.054688 0.118164 0.052734 0.112305 0.054688 0.111328 0.057617 0.118164 0.058594
0 0.818359 0.827148 0.811523 0.829102 0.809570 0.834961 0.814453 0.834961
0 0.294922 0.512695 0.294922 0.515625 0.297852 0.517578 0.307617 0.516602 0.303711 0.512695
0 0.739258 0.943359 0.732422 0.945312 0.728516 0.953125 0.736328 0.952148
0 0.599609 0.873047 0.603516 0.877930 0.609375 0.878906 0.607422 0.874023
0 0.177734 0.063477 0.174805 0.063477 0.172852 0.066406 0.174805 0.073242
0 0.505859 0.126953 0.504883 0.134766 0.507812 0.137695 0.509766 0.128906
0 0.833008 0.298828 0.834961 0.302734 0.842773 0.303711 0.836914 0.297852
0 0.757812 0.467773 0.761719 0.470703 0.766602 0.469727 0.761719 0.465820
0 0.199219 0.590820 0.197266 0.597656 0.201172 0.601562 0.202148 0.593750
0 0.424805 0.916016 0.425781 0.918945 0.435547 0.916992 0.435547 0.915039 0.428711 0.914062
0 0.897461 0.109375 0.896484 0.115234 0.898438 0.121094 0.900391 0.121094 0.902344 0.113281 0.900391 0.109375
0 0.510742 0.934570 0.506836 0.935547 0.505859 0.942383 0.510742 0.939453
0 0.094727 0.642578 0.095703 0.645508 0.103516 0.643555 0.100586 0.640625
0 0.488281 0.411133 0.483398 0.413086 0.482422 0.421875 0.488281 0.417969
0 0.971680 0.591797 0.968750 0.589844 0.964844 0.590820 0.960938 0.596680 0.966797 0.596680
0 0.045898 0.701172 0.040039 0.702148 0.039062 0.705078 0.043945 0.705078
0 0.435547 0.849609 0.442383 0.849609 0.445312 0.845703 0.437500 0.845703
0 0.776367 0.708008 0.777344 0.712891 0.786133 0.714844 0.783203 0.708984
0 0.568359 0.823242 0.560547 0.823242 0.556641 0.830078 0.564453 0.828125
0 0.733398 0.090820 0.738281 0.096680 0.743164 0.096680 0.740234 0.091797
0 0.660156 0.783203 0.651367 0.785156 0.650391 0.790039 0.656250 0.789062
0 0.599609 0.565430 0.590820 0.567383 0.589844 0.571289 0.594727 0.571289
0 0.144531 0.395508 0.138672 0.395508 0.136719 0.401367 0.141602 0.400391
0 0.318359 0.955078 0.319336 0.958008 0.325195 0.957031 0.327148 0.953125 0.320312 0.953125
0 0.569336 0.026367 0.573242 0.031250 0.581055 0.030273 0.578125 0.026367
0 0.214844 0.555664 0.212891 0.564453 0.214844 0.569336 0.219727 0.571289 0.220703 0.565430
0 0.677734 0.851562 0.674805 0.852539 0.671875 0.858398 0.674805 0.864258 0.678711 0.859375