0 0.565430 0.490234 0.562500 0.490234 0.561523 0.493164 0.562500 0.500000 0.565430 0.497070
0 0.458008 0.489258 0.453125 0.492188 0.452148 0.498047 0.458984 0.494141
0 0.483398 0.960938 0.483398 0.964844 0.486328 0.966797 0.498047 0.964844 0.498047 0.961914 0.493164 0.959961
0 0.068359 0.933594 0.063477 0.936523 0.062500 0.942383 0.069336 0.938477
0 0.386719 0.503906 0.388672 0.506836 0.396484 0.505859 0.395508 0.501953
0 0.163086 0.495117 0.159180 0.496094 0.158203 0.501953 0.163086 0.500000
0 0.661133 0.159180 0.665039 0.163086 0.671875 0.162109 0.669922 0.158203
0 0.790039 0.680664 0.783203 0.682617 0.781250 0.687500 0.787109 0.686523
0 0.540039 0.959961 0.544922 0.964844 0.549805 0.963867 0.546875 0.958984
0 0.980469 0.115234 0.976562 0.116211 0.976562 0.125000 0.980469 0.122070
0 0.207031 0.141602 0.206055 0.148438 0.209961 0.152344 0.210938 0.143555
0 0.510742 0.376953 0.509766 0.387695 0.512695 0.389648 0.514648 0.377930
0 0.889648 0.851562 0.885742 0.853516 0.886719 0.863281 0.890625 0.859375
0 0.267578 0.811523 0.263672 0.812500 0.264648 0.822266 0.267578 0.819336
0 0.530273 0.374023 0.530273 0.380859 0.536133 0.384766 0.535156 0.376953
0 0.283203 0.709961 0.279297 0.711914 0.279297 0.721680 0.282227 0.721680
0 0.173828 0.022461 0.178711 0.027344 0.184570 0.027344 0.184570 0.024414 0.181641 0.022461
0 0.927734 0.444336 0.920898 0.447266 0.918945 0.456055 0.925781 0.453125
0 0.364258 0.114258 0.360352 0.113281 0.354492 0.116211 0.351562 0.124023 0.360352 0.122070 0.364258 0.118164
0 0.485352 0.371094 0.488281 0.375000 0.496094 0.375000 0.492188 0.370117
0 0.955078 0.649414 0.955078 0.652344 0.958008 0.654297 0.966797 0.653320 0.963867 0.649414
0 0.127930 0.516602 0.127930 0.522461 0.131836 0.526367 0.135742 0.526367 0.132812 0.518555
0 0.977539 0.297852 0.976562 0.305664 0.981445 0.309570 0.982422 0.302734
0 0.506836 0.972656 0.502930 0.975586 0.502930 0.980469 0.505859 0.984375 0.508789 0.978516
0 0.279297 0.597656 0.279297 0.604492 0.283203 0.607422 0.284180 0.602539
0 0.489258 0.306641 0.485352 0.309570 0.488281 0.318359 0.491211 0.312500
0 0.680664 0.161133 0.679688 0.169922 0.682617 0.171875 0.684570 0.162109
0 0.127930 0.656250 0.132812 0.660156 0.139648 0.659180 0.140625 0.657227 0.136719 0.654297
0 0.058594 0.674805 0.058594 0.677734 0.061523 0.679688 0.071289 0.679688 0.067383 0.674805