0 0.646484 0.537109 0.648438 0.541992 0.657227 0.542969 0.656250 0.539062
0 0.392578 0.571289 0.389648 0.573242 0.388672 0.581055 0.393555 0.579102
0 0.179688 0.196289 0.174805 0.201172 0.175781 0.208984 0.179688 0.208008 0.181641 0.204102
0 0.834961 0.459961 0.838867 0.465820 0.843750 0.466797 0.843750 0.463867 0.838867 0.458984
0 0.449219 0.979492 0.452148 0.982422 0.460938 0.982422 0.458984 0.978516
0 0.985352 0.611328 0.985352 0.615234 0.991211 0.620117 0.991211 0.614258
0 0.185547 0.156250 0.184570 0.159180 0.187500 0.165039 0.192383 0.166992 0.192383 0.160156
0 0.127930 0.658203 0.130859 0.667969 0.132812 0.666992 0.132812 0.662109
0 0.595703 0.893555 0.595703 0.897461 0.598633 0.900391 0.606445 0.902344 0.602539 0.895508
0 0.074219 0.594727 0.068359 0.597656 0.067383 0.603516 0.072266 0.601562
0 0.642578 0.879883 0.633789 0.881836 0.630859 0.888672 0.637695 0.887695
0 0.038086 0.629883 0.039062 0.634766 0.045898 0.637695 0.044922 0.632812
0 0.611328 0.059570 0.605469 0.060547 0.600586 0.069336 0.608398 0.067383
0 0.687500 0.628906 0.689453 0.635742 0.694336 0.636719 0.693359 0.631836
0 0.053711 0.880859 0.049805 0.882812 0.048828 0.889648 0.052734 0.887695
0 0.552734 0.514648 0.552734 0.523438 0.556641 0.526367 0.557617 0.517578
0 0.189453 0.535156 0.193359 0.541016 0.202148 0.541016 0.195312 0.534180
0 0.594727 0.039062 0.588867 0.041992 0.587891 0.047852 0.593750 0.044922
0 0.671875 0.327148 0.674805 0.331055 0.683594 0.331055 0.679688 0.326172 0.673828 0.325195
0 0.236328 0.631836 0.231445 0.630859 0.226562 0.632812 0.226562 0.634766 0.233398 0.635742
0 0.874023 0.069336 0.875000 0.076172 0.879883 0.079102 0.878906 0.071289
0 0.805664 0.489258 0.812500 0.489258 0.814453 0.485352 0.808594 0.485352
0 0.958984 0.432617 0.953125 0.434570 0.950195 0.439453 0.951172 0.442383 0.958008 0.439453
0 0.385742 0.134766 0.387695 0.139648 0.395508 0.142578 0.393555 0.135742
0 0.091797 0.071289 0.092773 0.075195 0.099609 0.077148 0.095703 0.071289
0 0.112305 0.600586 0.105469 0.597656 0.098633 0.601562 0.101562 0.604492 0.107422 0.604492
0 0.569336 0.394531 0.563477 0.396484 0.560547 0.405273 0.563477 0.405273 0.568359 0.400391
0 0.391602 0.706055 0.387695 0.708008 0.387695 0.715820 0.391602 0.712891
0 0.196289 0.087891 0.198242 0.090820 0.206055 0.090820 0.204102 0.086914
0 0.181641 0.047852 0.184570 0.052734 0.193359 0.053711 0.189453 0.047852
0 0.089844 0.537109 0.087891 0.542969 0.091797 0.549805 0.094727 0.549805 0.093750 0.541016
0 0.724609 0.671875 0.733398 0.671875 0.737305 0.666992 0.728516 0.666992
0 0.937500 0.983398 0.944336 0.983398 0.947266 0.980469 0.941406 0.978516
0 0.592773 0.731445 0.587891 0.731445 0.583008 0.737305 0.589844 0.737305
0 0.332031 0.660156 0.333008 0.666016 0.337891 0.668945 0.336914 0.662109
0 0.613281 0.846680 0.612305 0.853516 0.616211 0.858398 0.618164 0.851562
0 0.853516 0.548828 0.859375 0.552734 0.869141 0.550781 0.864258 0.546875
0 0.813477 0.286133 0.822266 0.288086 0.825195 0.285156 0.816406 0.283203
0 0.866211 0.075195 0.861328 0.075195 0.856445 0.081055 0.863281 0.081055
0 0.914062 0.641602 0.917969 0.645508 0.926758 0.643555 0.923828 0.639648
0 0.666016 0.311523 0.666016 0.316406 0.671875 0.320312 0.671875 0.315430
0 0.166992 0.652344 0.161133 0.655273 0.160156 0.663086 0.165039 0.661133
0 0.706055 0.470703 0.698242 0.472656 0.696289 0.477539 0.703125 0.476562
0 0.068359 0.812500 0.072266 0.819336 0.077148 0.818359 0.076172 0.814453
0 0.020508 0.163086 0.020508 0.169922 0.024414 0.173828 0.026367 0.172852 0.025391 0.166992
0 0.976562 0.909180 0.977539 0.915039 0.983398 0.917969 0.983398 0.913086
0 0.621094 0.619141 0.617188 0.621094 0.615234 0.629883 0.621094 0.627930
0 0.800781 0.236328 0.800781 0.238281 0.808594 0.238281 0.810547 0.234375
0 0.327148 0.276367 0.323242 0.278320 0.323242 0.288086 0.327148 0.285156
0 0.092773 0.460938 0.092773 0.467773 0.096680 0.469727 0.097656 0.465820
0 0.163086 0.601562 0.167969 0.606445 0.176758 0.606445 0.173828 0.601562
0 0.424805 0.464844 0.424805 0.473633 0.429688 0.477539 0.429688 0.467773
0 0.696289 0.333984 0.697266 0.340820 0.707031 0.344727 0.704102 0.337891
0 0.119141 0.265625 0.115234 0.266602 0.114258 0.275391 0.117188 0.273438