0 0.784180 0.127930 0.788086 0.135742 0.795898 0.136719 0.792969 0.129883 0.788086 0.126953
0 0.787109 0.686523 0.786133 0.695312 0.789062 0.696289 0.791016 0.688477
0 0.528320 0.409180 0.523438 0.409180 0.520508 0.416016 0.524414 0.415039
0 0.873047 0.267578 0.873047 0.274414 0.875000 0.277344 0.877930 0.277344 0.877930 0.272461
0 0.025391 0.570312 0.017578 0.572266 0.016602 0.577148 0.023438 0.575195
0 0.389648 0.758789 0.389648 0.768555 0.392578 0.772461 0.395508 0.772461 0.395508 0.764648
0 0.613281 0.102539 0.620117 0.101562 0.622070 0.097656 0.614258 0.098633
0 0.255859 0.075195 0.259766 0.080078 0.266602 0.079102 0.263672 0.075195
0 0.245117 0.167969 0.240234 0.170898 0.240234 0.181641 0.246094 0.175781
0 0.641602 0.924805 0.634766 0.928711 0.633789 0.934570 0.639648 0.932617
0 0.349609 0.015625 0.343750 0.015625 0.337891 0.021484 0.345703 0.021484 0.349609 0.018555
0 0.713867 0.581055 0.715820 0.586914 0.722656 0.587891 0.719727 0.582031
0 0.873047 0.230469 0.875000 0.234375 0.881836 0.233398 0.877930 0.229492
0 0.499023 0.796875 0.494141 0.800781 0.495117 0.809570 0.500000 0.803711
0 0.122070 0.602539 0.123047 0.606445 0.128906 0.610352 0.127930 0.604492
0 0.643555 0.776367 0.637695 0.776367 0.635742 0.780273 0.640625 0.780273
0 0.184570 0.360352 0.191406 0.361328 0.195312 0.357422 0.187500 0.356445
0 0.012695 0.498047 0.015625 0.502930 0.020508 0.504883 0.022461 0.502930 0.021484 0.500000
0 0.076172 0.278320 0.071289 0.282227 0.072266 0.290039 0.076172 0.288086
0 0.861328 0.637695 0.853516 0.636719 0.851562 0.640625 0.857422 0.641602
0 0.893555 0.088867 0.900391 0.093750 0.905273 0.092773 0.903320 0.088867
0 0.739258 0.469727 0.733398 0.469727 0.730469 0.474609 0.738281 0.472656
0 0.338867 0.549805 0.335938 0.551758 0.334961 0.559570 0.337891 0.559570 0.339844 0.556641
0 0.716797 0.228516 0.711914 0.230469 0.710938 0.236328 0.716797 0.233398
0 0.524414 0.592773 0.528320 0.596680 0.537109 0.595703 0.532227 0.591797
0 0.362305 0.783203 0.360352 0.790039 0.363281 0.793945 0.365234 0.785156
0 0.442383 0.483398 0.440430 0.491211 0.444336 0.497070 0.446289 0.487305
0 0.478516 0.012695 0.470703 0.011719 0.465820 0.015625 0.465820 0.018555 0.475586 0.017578
0 0.775391 0.444336 0.779297 0.448242 0.786133 0.448242 0.786133 0.445312 0.783203 0.443359
0 0.267578 0.354492 0.267578 0.362305 0.271484 0.364258 0.271484 0.357422
0 0.323242 0.482422 0.318359 0.483398 0.316406 0.489258 0.320312 0.488281
0 0.003906 0.301758 0.006836 0.305664 0.013672 0.304688 0.009766 0.300781
0 0.469727 0.469727 0.470703 0.477539 0.477539 0.481445 0.477539 0.474609
0 0.937500 0.272461 0.939453 0.278320 0.945312 0.280273 0.945312 0.276367
0 0.836914 0.293945 0.833008 0.296875 0.834961 0.304688 0.837891 0.301758
0 0.578125 0.906250 0.576172 0.905273 0.571289 0.909180 0.569336 0.917969 0.573242 0.917969 0.576172 0.915039
0 0.221680 0.924805 0.224609 0.929688 0.230469 0.931641 0.230469 0.927734 0.227539 0.924805
0 0.018555 0.537109 0.017578 0.542969 0.021484 0.545898 0.022461 0.540039
0 0.287109 0.889648 0.285156 0.896484 0.286133 0.900391 0.289062 0.901367 0.291016 0.892578
0 0.710938 0.790039 0.706055 0.792969 0.706055 0.799805 0.709961 0.798828
0 0.818359 0.584961 0.814453 0.583984 0.808594 0.589844 0.816406 0.588867
0 0.336914 0.520508 0.335938 0.526367 0.338867 0.531250 0.341797 0.531250 0.341797 0.521484
0 0.015625 0.678711 0.015625 0.685547 0.018555 0.687500 0.019531 0.680664
0 0.014648 0.889648 0.014648 0.892578 0.018555 0.894531 0.024414 0.893555 0.021484 0.889648
0 0.735352 0.774414 0.734375 0.784180 0.737305 0.788086 0.740234 0.780273 0.738281 0.775391
0 0.247070 0.143555 0.250977 0.149414 0.259766 0.149414 0.252930 0.142578
0 0.037109 0.112305 0.039062 0.115234 0.044922 0.115234 0.044922 0.112305
0 0.320312 0.536133 0.315430 0.540039 0.314453 0.546875 0.321289 0.542969 0.322266 0.538086
0 0.238281 0.384766 0.234375 0.387695 0.235352 0.394531 0.240234 0.389648
0 0.438477 0.774414 0.437500 0.779297 0.442383 0.785156 0.443359 0.779297
0 0.312500 0.730469 0.306641 0.730469 0.303711 0.737305 0.310547 0.735352
0 0.968750 0.842773 0.968750 0.844727 0.972656 0.845703 0.979492 0.844727 0.977539 0.841797
0 0.093750 0.083984 0.088867 0.084961 0.087891 0.091797 0.092773 0.087891
0 0.719727 0.674805 0.723633 0.679688 0.730469 0.679688 0.730469 0.676758 0.727539 0.674805
0 0.697266 0.188477 0.693359 0.192383 0.693359 0.199219 0.698242 0.196289
0 0.091797 0.574219 0.087891 0.577148 0.087891 0.585938 0.089844 0.585938 0.092773 0.580078