0 0.049805 0.973633 0.051758 0.983398 0.060547 0.987305 0.058594 0.978516
0 0.037109 0.734375 0.031250 0.734375 0.028320 0.740234 0.034180 0.739258
0 0.193359 0.603516 0.191406 0.608398 0.194336 0.615234 0.197266 0.608398
0 0.683594 0.173828 0.688477 0.178711 0.693359 0.177734 0.689453 0.173828
0 0.318359 0.317383 0.315430 0.317383 0.313477 0.320312 0.313477 0.330078 0.315430 0.331055 0.319336 0.323242
0 0.513672 0.751953 0.512695 0.757812 0.516602 0.760742 0.517578 0.756836 0.515625 0.751953
0 0.085938 0.891602 0.081055 0.896484 0.082031 0.905273 0.087891 0.899414 0.087891 0.892578
0 0.825195 0.814453 0.824219 0.822266 0.827148 0.825195 0.829102 0.818359
0 0.757812 0.923828 0.756836 0.934570 0.759766 0.937500 0.761719 0.935547 0.761719 0.926758
0 0.790039 0.033203 0.788086 0.038086 0.790039 0.042969 0.792969 0.042969 0.792969 0.036133
0 0.066406 0.868164 0.063477 0.868164 0.061523 0.871094 0.061523 0.878906 0.064453 0.878906 0.066406 0.875000
0 0.116211 0.040039 0.109375 0.040039 0.106445 0.045898 0.114258 0.043945
0 0.486328 0.958008 0.484375 0.965820 0.487305 0.967773 0.488281 0.958984
0 0.085938 0.540039 0.085938 0.545898 0.092773 0.549805 0.091797 0.542969
0 0.563477 0.780273 0.563477 0.786133 0.567383 0.788086 0.566406 0.781250
0 0.293945 0.399414 0.292969 0.405273 0.296875 0.410156 0.297852 0.402344
0 0.910156 0.178711 0.912109 0.183594 0.917969 0.185547 0.915039 0.178711
0 0.363281 0.297852 0.358398 0.300781 0.357422 0.304688 0.363281 0.302734
0 0.428711 0.356445 0.429688 0.364258 0.434570 0.366211 0.433594 0.358398
0 0.956055 0.793945 0.952148 0.791992 0.947266 0.793945 0.947266 0.795898 0.954102 0.796875
0 0.590820 0.159180 0.590820 0.164062 0.598633 0.167969 0.597656 0.162109
0 0.188477 0.700195 0.190430 0.704102 0.199219 0.703125 0.196289 0.699219
0 0.195312 0.450195 0.195312 0.455078 0.201172 0.458984 0.200195 0.453125
0 0.606445 0.803711 0.599609 0.802734 0.594727 0.808594 0.602539 0.808594
0 0.730469 0.269531 0.734375 0.275391 0.741211 0.275391 0.738281 0.270508
0 0.473633 0.573242 0.477539 0.580078 0.483398 0.582031 0.484375 0.580078 0.481445 0.575195
0 0.717773 0.334961 0.711914 0.333984 0.707031 0.339844 0.713867 0.339844
0 0.010742 0.457031 0.013672 0.460938 0.022461 0.460938 0.021484 0.457031
0 0.252930 0.447266 0.253906 0.455078 0.259766 0.458008 0.258789 0.450195
0 0.860352 0.107422 0.852539 0.109375 0.851562 0.113281 0.858398 0.112305
0 0.885742 0.450195 0.880859 0.453125 0.879883 0.461914 0.884766 0.460938 0.886719 0.457031
0 0.299805 0.105469 0.300781 0.111328 0.305664 0.114258 0.304688 0.107422
0 0.464844 0.500977 0.460938 0.502930 0.461914 0.509766 0.465820 0.505859
0 0.064453 0.338867 0.064453 0.343750 0.072266 0.348633 0.071289 0.342773
0 0.549805 0.092773 0.554688 0.100586 0.560547 0.101562 0.558594 0.095703
0 0.077148 0.614258 0.072266 0.617188 0.072266 0.625000 0.077148 0.621094
0 0.300781 0.199219 0.303711 0.203125 0.310547 0.203125 0.306641 0.198242
0 0.583008 0.129883 0.586914 0.134766 0.593750 0.135742 0.590820 0.129883
0 0.737305 0.434570 0.740234 0.442383 0.746094 0.442383 0.744141 0.436523
0 0.649414 0.216797 0.642578 0.217773 0.639648 0.221680 0.647461 0.221680
0 0.941406 0.269531 0.941406 0.274414 0.945312 0.278320 0.946289 0.273438
0 0.560547 0.266602 0.556641 0.269531 0.556641 0.278320 0.558594 0.278320 0.561523 0.272461
0 0.690430 0.874023 0.681641 0.875977 0.678711 0.880859 0.683594 0.881836 0.687500 0.879883
0 0.012695 0.770508 0.013672 0.778320 0.018555 0.780273 0.018555 0.774414
0 0.960938 0.517578 0.957031 0.518555 0.958984 0.528320 0.961914 0.520508
0 0.128906 0.241211 0.124023 0.245117 0.124023 0.251953 0.126953 0.251953 0.129883 0.248047
0 0.553711 0.072266 0.552734 0.080078 0.557617 0.083984 0.558594 0.077148
0 0.402344 0.663086 0.399414 0.664062 0.399414 0.671875 0.402344 0.669922
0 0.803711 0.672852 0.804688 0.675781 0.811523 0.673828 0.810547 0.671875
0 0.941406 0.930664 0.943359 0.934570 0.952148 0.933594 0.948242 0.929688
0 0.496094 0.977539 0.496094 0.979492 0.500000 0.980469 0.504883 0.979492 0.504883 0.976562 0.501953 0.975586
0 0.122070 0.155273 0.119141 0.155273 0.117188 0.158203 0.118164 0.165039 0.121094 0.163086
0 0.491211 0.364258 0.492188 0.370117 0.498047 0.373047 0.496094 0.365234
0 0.819336 0.951172 0.820312 0.957031 0.828125 0.959961 0.825195 0.953125
0 0.550781 0.490234 0.550781 0.495117 0.560547 0.500000 0.558594 0.493164
0 0.577148 0.491211 0.573242 0.491211 0.570312 0.498047 0.575195 0.497070
0 0.726562 0.940430 0.715820 0.940430 0.712891 0.945312 0.723633 0.944336
0 0.735352 0.749023 0.730469 0.749023 0.727539 0.755859 0.731445 0.755859
0 0.538086 0.668945 0.532227 0.669922 0.528320 0.676758 0.535156 0.675781 0.538086 0.672852
0 0.200195 0.108398 0.203125 0.114258 0.210938 0.115234 0.207031 0.109375
0 0.407227 0.503906 0.408203 0.508789 0.414062 0.511719 0.413086 0.506836