0 0.457031 0.850586 0.458008 0.853516 0.469727 0.851562 0.467773 0.848633
0 0.574219 0.807617 0.572266 0.818359 0.576172 0.822266 0.578125 0.813477 0.576172 0.807617
0 0.491211 0.167969 0.492188 0.177734 0.497070 0.178711 0.495117 0.169922
0 0.783203 0.663086 0.790039 0.665039 0.793945 0.661133 0.786133 0.660156
0 0.114258 0.941406 0.114258 0.946289 0.123047 0.951172 0.121094 0.944336
0 0.157227 0.167969 0.156250 0.173828 0.162109 0.179688 0.163086 0.174805
0 0.134766 0.244141 0.135742 0.249023 0.143555 0.250000 0.147461 0.248047 0.142578 0.243164
0 0.578125 0.545898 0.580078 0.548828 0.588867 0.546875 0.585938 0.543945
0 0.376953 0.585938 0.371094 0.589844 0.371094 0.593750 0.375000 0.592773
0 0.808594 0.612305 0.808594 0.617188 0.814453 0.622070 0.814453 0.615234
0 0.201172 0.561523 0.196289 0.566406 0.197266 0.572266 0.202148 0.568359
0 0.338867 0.120117 0.335938 0.122070 0.337891 0.130859 0.339844 0.125977
0 0.711914 0.508789 0.711914 0.512695 0.714844 0.515625 0.723633 0.516602 0.720703 0.510742
0 0.559570 0.244141 0.561523 0.248047 0.569336 0.247070 0.567383 0.243164
0 0.984375 0.400391 0.977539 0.399414 0.972656 0.402344 0.972656 0.405273 0.980469 0.405273
0 0.789062 0.412109 0.791992 0.416016 0.799805 0.416016 0.798828 0.412109
0 0.339844 0.414062 0.339844 0.417969 0.347656 0.422852 0.347656 0.417969
0 0.091797 0.065430 0.083984 0.065430 0.081055 0.071289 0.086914 0.071289
0 0.733398 0.773438 0.727539 0.773438 0.723633 0.779297 0.729492 0.779297
0 0.075195 0.476562 0.070312 0.480469 0.070312 0.488281 0.076172 0.482422
0 0.633789 0.036133 0.634766 0.040039 0.641602 0.041992 0.639648 0.037109
0 0.770508 0.199219 0.766602 0.203125 0.767578 0.211914 0.772461 0.207031
0 0.527344 0.552734 0.522461 0.553711 0.520508 0.561523 0.526367 0.557617
0 0.679688 0.250000 0.686523 0.250000 0.689453 0.247070 0.688477 0.245117 0.683594 0.245117
0 0.760742 0.161133 0.751953 0.164062 0.750977 0.167969 0.757812 0.166992
0 0.233398 0.127930 0.236328 0.130859 0.246094 0.129883 0.245117 0.126953 0.240234 0.125977
0 0.532227 0.593750 0.535156 0.599609 0.539062 0.600586 0.541992 0.598633 0.540039 0.594727
0 0.774414 0.946289 0.774414 0.951172 0.779297 0.955078 0.779297 0.949219 0.777344 0.946289
0 0.227539 0.560547 0.223633 0.562500 0.222656 0.571289 0.228516 0.566406
0 0.453125 0.068359 0.459961 0.068359 0.462891 0.064453 0.455078 0.064453
0 0.734375 0.493164 0.728516 0.493164 0.724609 0.497070 0.724609 0.500977 0.732422 0.498047
0 0.161133 0.574219 0.160156 0.582031 0.163086 0.585938 0.165039 0.575195
0 0.955078 0.019531 0.955078 0.026367 0.959961 0.030273 0.959961 0.023438 0.958008 0.019531
0 0.250977 0.551758 0.241211 0.551758 0.239258 0.555664 0.247070 0.556641 0.250977 0.554688
0 0.939453 0.057617 0.932617 0.060547 0.931641 0.067383 0.937500 0.065430
0 0.923828 0.354492 0.916992 0.356445 0.915039 0.362305 0.922852 0.359375
0 0.242188 0.816406 0.244141 0.820312 0.250977 0.821289 0.250000 0.817383
0 0.236328 0.636719 0.231445 0.639648 0.232422 0.649414 0.236328 0.643555
0 0.295898 0.967773 0.296875 0.971680 0.304688 0.974609 0.306641 0.972656 0.302734 0.967773
0 0.008789 0.335938 0.010742 0.340820 0.019531 0.341797 0.013672 0.335938
0 0.796875 0.500000 0.800781 0.506836 0.806641 0.507812 0.804688 0.501953
0 0.277344 0.246094 0.270508 0.246094 0.266602 0.251953 0.274414 0.250977
0 0.358398 0.691406 0.354492 0.694336 0.354492 0.701172 0.356445 0.703125 0.359375 0.699219
0 0.418945 0.569336 0.413086 0.569336 0.411133 0.574219 0.416992 0.573242
0 0.199219 0.908203 0.200195 0.912109 0.208984 0.913086 0.207031 0.909180