0 0.967773 0.147461 0.961914 0.147461 0.957031 0.154297 0.965820 0.152344
0 0.845703 0.942383 0.841797 0.944336 0.841797 0.954102 0.845703 0.950195
0 0.173828 0.867188 0.167969 0.869141 0.166016 0.875000 0.169922 0.875000
0 0.670898 0.303711 0.666016 0.306641 0.666016 0.313477 0.670898 0.310547
0 0.242188 0.743164 0.244141 0.746094 0.252930 0.745117 0.250000 0.741211
0 0.062500 0.262695 0.061523 0.269531 0.065430 0.272461 0.066406 0.267578
0 0.908203 0.614258 0.903320 0.616211 0.902344 0.625977 0.908203 0.621094
0 0.771484 0.180664 0.773438 0.184570 0.778320 0.185547 0.776367 0.180664
0 0.826172 0.346680 0.820312 0.349609 0.818359 0.356445 0.825195 0.352539
0 0.772461 0.750977 0.768555 0.755859 0.769531 0.760742 0.773438 0.759766
0 0.726562 0.654297 0.722656 0.657227 0.722656 0.665039 0.727539 0.661133
0 0.809570 0.260742 0.812500 0.268555 0.816406 0.269531 0.816406 0.264648
0 0.817383 0.588867 0.812500 0.590820 0.810547 0.594727 0.811523 0.599609 0.816406 0.595703
0 0.814453 0.142578 0.814453 0.145508 0.820312 0.148438 0.825195 0.146484 0.825195 0.143555 0.822266 0.141602
0 0.369141 0.956055 0.371094 0.958984 0.377930 0.958984 0.376953 0.956055
0 0.199219 0.490234 0.193359 0.492188 0.190430 0.498047 0.196289 0.497070
0 0.314453 0.166016 0.309570 0.164062 0.302734 0.167969 0.311523 0.169922
0 0.583008 0.172852 0.590820 0.172852 0.592773 0.169922 0.585938 0.168945
0 0.207031 0.085938 0.209961 0.092773 0.217773 0.094727 0.217773 0.090820 0.213867 0.086914
0 0.814453 0.947266 0.816406 0.951172 0.823242 0.952148 0.822266 0.948242
0 0.484375 0.625000 0.483398 0.631836 0.487305 0.635742 0.488281 0.627930 0.487305 0.625000
0 0.608398 0.504883 0.610352 0.512695 0.614258 0.515625 0.616211 0.514648 0.614258 0.506836
0 0.897461 0.070312 0.900391 0.075195 0.906250 0.075195 0.904297 0.071289
0 0.395508 0.691406 0.390625 0.694336 0.389648 0.703125 0.394531 0.701172
0 0.931641 0.761719 0.933594 0.771484 0.936523 0.774414 0.940430 0.774414 0.937500 0.762695 0.935547 0.760742
0 0.880859 0.172852 0.879883 0.176758 0.882812 0.182617 0.884766 0.175781
0 0.932617 0.062500 0.926758 0.065430 0.926758 0.071289 0.930664 0.070312
0 0.813477 0.113281 0.810547 0.113281 0.809570 0.121094 0.812500 0.120117
0 0.245117 0.958984 0.244141 0.966797 0.248047 0.969727 0.249023 0.962891
0 0.312500 0.937500 0.311523 0.946289 0.315430 0.951172 0.317383 0.943359 0.314453 0.937500
0 0.120117 0.688477 0.115234 0.692383 0.116211 0.699219 0.120117 0.695312
0 0.560547 0.020508 0.555664 0.021484 0.551758 0.028320 0.556641 0.028320
0 0.274414 0.564453 0.269531 0.567383 0.268555 0.573242 0.274414 0.569336
0 0.790039 0.179688 0.787109 0.179688 0.785156 0.182617 0.786133 0.191406 0.790039 0.186523
0 0.029297 0.755859 0.026367 0.757812 0.027344 0.765625 0.030273 0.762695
0 0.486328 0.794922 0.490234 0.801758 0.495117 0.800781 0.492188 0.795898