0 0.131836 0.941406 0.125000 0.942383 0.122070 0.947266 0.128906 0.947266
0 0.410156 0.380859 0.406250 0.384766 0.407227 0.394531 0.409180 0.394531 0.412109 0.387695 0.412109 0.381836
0 0.129883 0.163086 0.125000 0.164062 0.122070 0.169922 0.127930 0.167969
0 0.072266 0.651367 0.068359 0.656250 0.069336 0.663086 0.074219 0.656250
0 0.565430 0.317383 0.561523 0.318359 0.559570 0.327148 0.564453 0.325195
0 0.567383 0.130859 0.570312 0.133789 0.576172 0.133789 0.573242 0.129883
0 0.952148 0.701172 0.946289 0.704102 0.944336 0.712891 0.948242 0.712891 0.951172 0.709961
0 0.523438 0.309570 0.517578 0.313477 0.517578 0.319336 0.522461 0.317383
0 0.135742 0.229492 0.137695 0.237305 0.142578 0.240234 0.144531 0.238281 0.143555 0.234375 0.138672 0.229492
0 0.357422 0.879883 0.358398 0.885742 0.363281 0.887695 0.361328 0.880859
0 0.591797 0.134766 0.588867 0.134766 0.585938 0.138672 0.586914 0.145508 0.591797 0.139648
0 0.302734 0.940430 0.296875 0.940430 0.293945 0.946289 0.299805 0.945312
0 0.409180 0.538086 0.405273 0.541016 0.405273 0.547852 0.410156 0.543945
0 0.539062 0.736328 0.536133 0.738281 0.538086 0.748047 0.540039 0.744141
0 0.887695 0.317383 0.890625 0.322266 0.895508 0.323242 0.893555 0.318359
0 0.755859 0.010742 0.756836 0.015625 0.767578 0.017578 0.765625 0.012695
0 0.510742 0.969727 0.513672 0.972656 0.522461 0.972656 0.520508 0.968750
0 0.780273 0.094727 0.775391 0.096680 0.775391 0.103516 0.780273 0.098633
0 0.108398 0.164062 0.103516 0.165039 0.100586 0.171875 0.104492 0.171875
0 0.008789 0.800781 0.008789 0.805664 0.014648 0.809570 0.013672 0.802734
0 0.146484 0.580078 0.149414 0.587891 0.157227 0.588867 0.152344 0.581055
0 0.701172 0.221680 0.700195 0.227539 0.705078 0.232422 0.705078 0.225586
0 0.133789 0.919922 0.127930 0.921875 0.125977 0.928711 0.133789 0.923828
0 0.060547 0.606445 0.063477 0.615234 0.069336 0.617188 0.068359 0.610352
0 0.581055 0.263672 0.582031 0.268555 0.588867 0.272461 0.589844 0.268555 0.587891 0.265625
0 0.699219 0.647461 0.698242 0.652344 0.703125 0.657227 0.703125 0.649414
0 0.335938 0.405273 0.337891 0.410156 0.347656 0.411133 0.346680 0.407227
0 0.500977 0.441406 0.496094 0.440430 0.491211 0.442383 0.491211 0.444336 0.498047 0.446289
0 0.469727 0.542969 0.462891 0.543945 0.459961 0.548828 0.467773 0.547852
0 0.875000 0.387695 0.875000 0.395508 0.876953 0.398438 0.879883 0.398438 0.879883 0.391602
0 0.694336 0.260742 0.693359 0.265625 0.701172 0.271484 0.701172 0.265625
0 0.341797 0.764648 0.342773 0.770508 0.350586 0.773438 0.347656 0.766602
0 0.102539 0.415039 0.096680 0.415039 0.092773 0.417969 0.092773 0.420898 0.101562 0.419922
0 0.647461 0.848633 0.646484 0.852539 0.654297 0.857422 0.651367 0.850586
0 0.223633 0.389648 0.223633 0.397461 0.227539 0.399414 0.227539 0.392578
0 0.292969 0.658203 0.288086 0.659180 0.286133 0.667969 0.291992 0.664062
0 0.832031 0.082031 0.833008 0.089844 0.837891 0.091797 0.835938 0.082031
0 0.687500 0.638672 0.689453 0.645508 0.696289 0.647461 0.695312 0.641602
0 0.083984 0.061523 0.084961 0.064453 0.093750 0.062500 0.092773 0.059570
0 0.132812 0.882812 0.129883 0.882812 0.126953 0.890625 0.128906 0.892578 0.132812 0.887695
0 0.056641 0.388672 0.057617 0.393555 0.066406 0.396484 0.066406 0.393555 0.061523 0.388672
0 0.137695 0.173828 0.132812 0.176758 0.131836 0.183594 0.137695 0.180664
0 0.805664 0.691406 0.806641 0.697266 0.811523 0.700195 0.810547 0.693359
0 0.590820 0.706055 0.594727 0.710938 0.602539 0.710938 0.602539 0.708008 0.596680 0.705078
0 0.189453 0.453125 0.187500 0.457031 0.192383 0.463867 0.193359 0.455078
0 0.810547 0.928711 0.812500 0.931641 0.818359 0.930664 0.817383 0.927734
0 0.290039 0.150391 0.291992 0.153320 0.300781 0.152344 0.300781 0.149414 0.297852 0.148438
0 0.320312 0.965820 0.316406 0.966797 0.318359 0.976562
0 0.519531 0.512695 0.528320 0.516602 0.527344 0.512695
0 0.719727 0.108398 0.723633 0.113281 0.728516 0.112305 0.726562 0.108398
0 0.846680 0.615234 0.848633 0.619141 0.855469 0.620117 0.851562 0.615234
0 0.317383 0.083984 0.318359 0.090820 0.325195 0.093750 0.322266 0.085938
0 0.498047 0.760742 0.498047 0.763672 0.500977 0.764648 0.507812 0.763672 0.505859 0.759766
0 0.677734 0.195312 0.671875 0.196289 0.667969 0.205078 0.674805 0.203125
0 0.186523 0.309570 0.185547 0.317383 0.186523 0.320312 0.189453 0.320312 0.190430 0.312500
0 0.522461 0.769531 0.517578 0.772461 0.516602 0.779297 0.522461 0.776367
0 0.323242 0.790039 0.325195 0.794922 0.332031 0.794922 0.330078 0.791016
0 0.443359 0.466797 0.444336 0.474609 0.448242 0.477539 0.449219 0.471680
0 0.116211 0.278320 0.117188 0.283203 0.122070 0.287109 0.121094 0.280273
0 0.488281 0.183594 0.489258 0.186523 0.496094 0.187500 0.495117 0.184570
0 0.689453 0.527344 0.691406 0.531250 0.701172 0.531250 0.697266 0.527344
0 0.323242 0.803711 0.326172 0.808594 0.333008 0.809570 0.332031 0.805664
0 0.870117 0.346680 0.874023 0.351562 0.880859 0.351562 0.875977 0.345703
0 0.176758 0.295898 0.177734 0.298828 0.186523 0.296875 0.186523 0.294922
0 0.673828 0.536133 0.668945 0.541016 0.668945 0.547852 0.674805 0.541992 0.675781 0.538086
0 0.833008 0.041016 0.833008 0.047852 0.838867 0.051758 0.837891 0.043945
0 0.166992 0.223633 0.159180 0.226562 0.158203 0.232422 0.164062 0.231445
0 0.422852 0.480469 0.424805 0.484375 0.431641 0.485352 0.431641 0.482422 0.427734 0.479492
0 0.553711 0.050781 0.554688 0.056641 0.561523 0.060547 0.560547 0.053711
0 0.285156 0.066406 0.282227 0.066406 0.277344 0.071289 0.277344 0.076172 0.283203 0.074219
0 0.740234 0.426758 0.735352 0.427734 0.733398 0.436523 0.739258 0.433594