0 0.953125 0.572266 0.949219 0.575195 0.950195 0.583984 0.954102 0.579102
0 0.521484 0.704102 0.523438 0.708008 0.531250 0.707031 0.530273 0.704102
0 0.362305 0.163086 0.364258 0.165039 0.371094 0.165039 0.370117 0.162109
0 0.510742 0.239258 0.510742 0.244141 0.516602 0.249023 0.515625 0.242188
0 0.958008 0.839844 0.955078 0.841797 0.957031 0.851562 0.958984 0.846680
0 0.951172 0.967773 0.953125 0.978516 0.955078 0.968750
0 0.131836 0.564453 0.132812 0.570312 0.138672 0.574219 0.137695 0.566406
0 0.600586 0.319336 0.602539 0.321289 0.610352 0.318359 0.610352 0.315430 0.603516 0.315430
0 0.702148 0.372070 0.702148 0.379883 0.704102 0.383789 0.708008 0.384766 0.708984 0.379883 0.706055 0.374023
0 0.319336 0.052734 0.316406 0.052734 0.314453 0.055664 0.316406 0.066406 0.320312 0.061523
0 0.650391 0.333984 0.650391 0.336914 0.655273 0.337891 0.663086 0.335938 0.663086 0.332031 0.653320 0.332031
0 0.691406 0.583008 0.687500 0.584961 0.687500 0.594727 0.692383 0.587891
0 0.818359 0.530273 0.811523 0.528320 0.804688 0.533203 0.814453 0.535156
0 0.771484 0.379883 0.769531 0.380859 0.769531 0.388672 0.771484 0.392578 0.774414 0.392578 0.775391 0.383789
0 0.046875 0.337891 0.042969 0.337891 0.038086 0.342773 0.038086 0.347656 0.046875 0.342773
0 0.428711 0.686523 0.436523 0.686523 0.439453 0.684570 0.439453 0.681641 0.430664 0.681641
0 0.042969 0.511719 0.042969 0.518555 0.050781 0.522461 0.048828 0.514648
0 0.280273 0.427734 0.275391 0.430664 0.273438 0.438477 0.281250 0.433594 0.282227 0.429688
0 0.741211 0.553711 0.745117 0.560547 0.750000 0.559570 0.747070 0.554688
0 0.739258 0.115234 0.730469 0.117188 0.727539 0.123047 0.735352 0.122070 0.739258 0.119141
0 0.627930 0.042969 0.621094 0.046875 0.621094 0.053711 0.626953 0.049805
0 0.554688 0.165039 0.554688 0.171875 0.558594 0.175781 0.559570 0.167969 0.557617 0.165039
0 0.856445 0.240234 0.850586 0.239258 0.845703 0.242188 0.845703 0.245117 0.852539 0.246094 0.856445 0.243164
0 0.288086 0.596680 0.285156 0.598633 0.286133 0.605469 0.289062 0.603516
0 0.411133 0.522461 0.406250 0.523438 0.402344 0.531250 0.409180 0.529297
0 0.786133 0.958008 0.780273 0.959961 0.778320 0.964844 0.784180 0.963867
0 0.845703 0.211914 0.844727 0.215820 0.846680 0.218750 0.855469 0.222656 0.852539 0.213867