0 0.235352 0.582031 0.235352 0.590820 0.239258 0.595703 0.242188 0.595703 0.242188 0.588867
0 0.348633 0.005859 0.343750 0.007812 0.342773 0.014648 0.347656 0.011719
0 0.334961 0.588867 0.328125 0.588867 0.325195 0.590820 0.325195 0.593750 0.332031 0.592773
0 0.372070 0.792969 0.371094 0.800781 0.375000 0.804688 0.376953 0.795898 0.375000 0.792969
0 0.667969 0.210938 0.673828 0.212891 0.680664 0.208008 0.672852 0.206055
0 0.493164 0.706055 0.488281 0.712891 0.490234 0.719727 0.494141 0.713867
0 0.183594 0.521484 0.185547 0.527344 0.196289 0.529297 0.192383 0.522461
0 0.543945 0.589844 0.541992 0.587891 0.536133 0.589844 0.533203 0.597656 0.540039 0.595703
0 0.572266 0.679688 0.574219 0.683594 0.582031 0.682617 0.582031 0.680664 0.577148 0.678711
0 0.572266 0.918945 0.567383 0.920898 0.565430 0.928711 0.573242 0.922852
0 0.326172 0.126953 0.332031 0.131836 0.337891 0.130859 0.332031 0.125000 0.327148 0.125000
0 0.545898 0.988281 0.548828 0.990234 0.555664 0.988281 0.554688 0.986328 0.546875 0.986328
0 0.198242 0.574219 0.198242 0.580078 0.202148 0.584961 0.204102 0.579102
0 0.908203 0.846680 0.904297 0.847656 0.899414 0.854492 0.905273 0.854492
0 0.778320 0.703125 0.778320 0.712891 0.782227 0.713867 0.782227 0.705078
0 0.235352 0.250977 0.228516 0.254883 0.226562 0.260742 0.234375 0.256836
0 0.821289 0.712891 0.826172 0.714844 0.831055 0.712891 0.831055 0.710938 0.824219 0.709961
0 0.712891 0.633789 0.713867 0.640625 0.718750 0.642578 0.717773 0.636719
0 0.295898 0.067383 0.301758 0.073242 0.310547 0.072266 0.306641 0.067383
0 0.544922 0.391602 0.536133 0.396484 0.535156 0.403320 0.543945 0.397461
0 0.966797 0.624023 0.961914 0.623047 0.956055 0.630859 0.964844 0.628906
0 0.875977 0.326172 0.873047 0.326172 0.871094 0.331055 0.873047 0.337891 0.875977 0.333008
0 0.367188 0.350586 0.368164 0.357422 0.374023 0.360352 0.373047 0.354492
0 0.806641 0.834961 0.810547 0.842773 0.814453 0.844727 0.820312 0.843750 0.817383 0.837891
0 0.610352 0.038086 0.612305 0.042969 0.618164 0.043945 0.616211 0.039062
0 0.451172 0.127930 0.453125 0.134766 0.458984 0.137695 0.456055 0.128906
0 0.927734 0.969727 0.925781 0.972656 0.926758 0.978516 0.931641 0.983398 0.933594 0.980469 0.932617 0.974609
0 0.517578 0.403320 0.518555 0.413086 0.523438 0.414062 0.521484 0.405273
0 0.619141 0.245117 0.615234 0.248047 0.615234 0.255859 0.620117 0.251953
0 0.852539 0.955078 0.848633 0.956055 0.844727 0.961914 0.849609 0.961914
0 0.906250 0.551758 0.911133 0.555664 0.917969 0.554688 0.913086 0.549805 0.907227 0.549805
0 0.589844 0.842773 0.584961 0.843750 0.582031 0.850586 0.588867 0.847656
0 0.903320 0.319336 0.903320 0.326172 0.908203 0.329102 0.907227 0.321289
0 0.465820 0.233398 0.461914 0.235352 0.458984 0.242188 0.459961 0.245117 0.465820 0.240234
0 0.119141 0.786133 0.125977 0.787109 0.131836 0.783203 0.123047 0.781250 0.119141 0.783203
0 0.958008 0.903320 0.958008 0.905273 0.964844 0.909180 0.969727 0.908203 0.969727 0.904297 0.965820 0.902344
0 0.136719 0.907227 0.135742 0.915039 0.138672 0.918945 0.140625 0.916992 0.140625 0.909180
0 0.559570 0.357422 0.566406 0.357422 0.568359 0.353516 0.562500 0.353516
0 0.680664 0.276367 0.679688 0.285156 0.682617 0.287109 0.684570 0.278320
0 0.377930 0.341797 0.377930 0.346680 0.383789 0.350586 0.382812 0.344727
0 0.083008 0.917969 0.086914 0.921875 0.092773 0.922852 0.092773 0.918945
0 0.545898 0.910156 0.547852 0.913086 0.556641 0.912109 0.555664 0.908203
0 0.071289 0.983398 0.073242 0.989258 0.082031 0.992188 0.076172 0.983398
0 0.547852 0.630859 0.550781 0.636719 0.557617 0.637695 0.554688 0.631836
0 0.897461 0.666016 0.893555 0.667969 0.894531 0.676758 0.898438 0.669922
0 0.559570 0.012695 0.553711 0.012695 0.550781 0.018555 0.558594 0.017578
0 0.250000 0.978516 0.243164 0.982422 0.243164 0.989258 0.249023 0.985352
0 0.674805 0.103516 0.671875 0.105469 0.671875 0.112305 0.675781 0.110352
0 0.032227 0.933594 0.024414 0.934570 0.020508 0.941406 0.028320 0.940430
0 0.433594 0.423828 0.434570 0.431641 0.438477 0.434570 0.439453 0.428711
0 0.184570 0.941406 0.185547 0.944336 0.195312 0.942383 0.192383 0.939453
0 0.666992 0.981445 0.666992 0.987305 0.670898 0.991211 0.670898 0.982422
0 0.343750 0.673828 0.338867 0.679688 0.338867 0.685547 0.342773 0.685547 0.344727 0.681641
0 0.269531 0.024414 0.274414 0.025391 0.278320 0.020508 0.272461 0.020508
0 0.391602 0.311523 0.397461 0.312500 0.402344 0.307617 0.395508 0.307617
0 0.544922 0.841797 0.547852 0.845703 0.554688 0.845703 0.553711 0.841797