0 0.710938 0.715820 0.705078 0.717773 0.704102 0.723633 0.710938 0.718750
0 0.368164 0.201172 0.369141 0.211914 0.375977 0.215820 0.375000 0.207031 0.371094 0.201172
0 0.454102 0.341797 0.456055 0.349609 0.461914 0.351562 0.460938 0.344727
0 0.828125 0.492188 0.831055 0.495117 0.837891 0.495117 0.839844 0.493164 0.835938 0.490234
0 0.214844 0.920898 0.221680 0.927734 0.221680 0.923828
0 0.826172 0.644531 0.824219 0.646484 0.826172 0.651367 0.832031 0.653320 0.830078 0.647461
0 0.754883 0.424805 0.755859 0.429688 0.762695 0.432617 0.760742 0.426758
0 0.410156 0.083984 0.406250 0.084961 0.406250 0.092773 0.409180 0.091797
0 0.526367 0.656250 0.527344 0.662109 0.533203 0.665039 0.532227 0.659180
0 0.818359 0.594727 0.818359 0.597656 0.822266 0.599609 0.829102 0.598633 0.826172 0.594727
0 0.539062 0.166016 0.535156 0.166992 0.532227 0.174805 0.537109 0.173828
0 0.185547 0.134766 0.186523 0.142578 0.190430 0.144531 0.190430 0.138672
0 0.128906 0.259766 0.129883 0.266602 0.137695 0.271484 0.135742 0.262695 0.132812 0.259766
0 0.973633 0.218750 0.976562 0.225586 0.983398 0.226562 0.980469 0.220703
0 0.483398 0.133789 0.476562 0.135742 0.476562 0.138672 0.483398 0.137695
0 0.148438 0.164062 0.149414 0.168945 0.153320 0.171875 0.152344 0.165039
0 0.857422 0.308594 0.854492 0.310547 0.855469 0.319336 0.858398 0.315430
0 0.578125 0.282227 0.582031 0.287109 0.588867 0.287109 0.588867 0.284180 0.585938 0.282227
0 0.821289 0.750000 0.816406 0.751953 0.815430 0.757812 0.820312 0.755859
0 0.246094 0.805664 0.246094 0.807617 0.250000 0.808594 0.254883 0.807617 0.252930 0.804688
0 0.540039 0.986328 0.539062 0.991211 0.544922 0.995117 0.545898 0.991211
0 0.107422 0.759766 0.101562 0.762695 0.101562 0.767578 0.107422 0.763672
0 0.948242 0.698242 0.945312 0.698242 0.942383 0.704102 0.943359 0.709961 0.948242 0.707031
0 0.893555 0.466797 0.892578 0.475586 0.895508 0.478516 0.897461 0.468750
0 0.957031 0.322266 0.949219 0.322266 0.948242 0.325195 0.956055 0.325195
0 0.766602 0.614258 0.760742 0.617188 0.759766 0.625000 0.765625 0.621094
0 0.279297 0.779297 0.279297 0.788086 0.284180 0.791992 0.284180 0.782227 0.282227 0.779297
0 0.883789 0.540039 0.886719 0.543945 0.894531 0.543945 0.889648 0.539062
0 0.187500 0.026367 0.185547 0.034180 0.190430 0.039062 0.192383 0.033203
0 0.861328 0.088867 0.865234 0.092773 0.872070 0.092773 0.872070 0.089844 0.869141 0.087891
0 0.727539 0.256836 0.727539 0.264648 0.729492 0.267578 0.732422 0.267578 0.732422 0.260742
0 0.886719 0.233398 0.885742 0.245117 0.888672 0.245117 0.889648 0.236328