0 0.975586 0.128906 0.975586 0.138672 0.978516 0.141602 0.980469 0.139648 0.980469 0.132812
0 0.407227 0.904297 0.402344 0.904297 0.397461 0.912109 0.404297 0.910156
0 0.965820 0.352539 0.969727 0.357422 0.975586 0.358398 0.973633 0.352539
0 0.802734 0.500000 0.802734 0.505859 0.806641 0.509766 0.807617 0.503906 0.805664 0.500000
0 0.159180 0.904297 0.164062 0.909180 0.173828 0.907227 0.169922 0.904297
0 0.964844 0.844727 0.959961 0.846680 0.958984 0.854492 0.961914 0.854492
0 0.319336 0.750000 0.312500 0.753906 0.311523 0.756836 0.313477 0.758789 0.318359 0.755859
0 0.316406 0.103516 0.312500 0.105469 0.312500 0.112305 0.316406 0.109375
0 0.469727 0.579102 0.464844 0.579102 0.460938 0.584961 0.467773 0.583984
0 0.428711 0.405273 0.420898 0.406250 0.418945 0.412109 0.424805 0.411133
0 0.716797 0.163086 0.709961 0.165039 0.706055 0.173828 0.713867 0.171875
0 0.180664 0.148438 0.183594 0.154297 0.189453 0.155273 0.187500 0.150391
0 0.041992 0.182617 0.042969 0.188477 0.050781 0.192383 0.051758 0.190430 0.048828 0.185547
0 0.857422 0.733398 0.856445 0.738281 0.861328 0.745117 0.863281 0.739258
0 0.140625 0.725586 0.140625 0.733398 0.144531 0.735352 0.144531 0.726562
0 0.739258 0.067383 0.740234 0.075195 0.746094 0.076172 0.746094 0.072266
0 0.493164 0.461914 0.494141 0.467773 0.499023 0.470703 0.498047 0.463867
0 0.203125 0.446289 0.197266 0.448242 0.194336 0.454102 0.199219 0.454102
0 0.404297 0.401367 0.397461 0.401367 0.394531 0.403320 0.394531 0.406250 0.401367 0.405273
0 0.165039 0.754883 0.161133 0.757812 0.163086 0.768555 0.166016 0.764648
0 0.646484 0.981445 0.648438 0.989258 0.651367 0.989258 0.650391 0.982422
0 0.963867 0.897461 0.964844 0.906250 0.971680 0.910156 0.970703 0.902344
0 0.633789 0.570312 0.633789 0.579102 0.636719 0.581055 0.637695 0.572266
0 0.380859 0.611328 0.375977 0.614258 0.374023 0.621094 0.380859 0.617188
0 0.288086 0.760742 0.288086 0.766602 0.291992 0.768555 0.291992 0.762695
0 0.165039 0.838867 0.159180 0.841797 0.158203 0.846680 0.161133 0.847656 0.164062 0.844727
0 0.338867 0.295898 0.333008 0.294922 0.329102 0.299805 0.336914 0.298828
0 0.036133 0.741211 0.028320 0.742188 0.025391 0.748047 0.034180 0.746094
0 0.881836 0.502930 0.881836 0.511719 0.885742 0.514648 0.885742 0.503906
0 0.962891 0.250000 0.961914 0.253906 0.970703 0.258789 0.969727 0.252930
0 0.795898 0.390625 0.790039 0.393555 0.789062 0.399414 0.793945 0.397461
0 0.333008 0.718750 0.327148 0.719727 0.325195 0.724609 0.331055 0.722656
0 0.140625 0.686523 0.136719 0.689453 0.137695 0.697266 0.141602 0.693359
0 0.965820 0.486328 0.962891 0.486328 0.960938 0.490234 0.962891 0.497070 0.966797 0.491211
0 0.531250 0.714844 0.534180 0.720703 0.541016 0.721680 0.538086 0.716797
0 0.247070 0.646484 0.250000 0.651367 0.259766 0.651367 0.255859 0.646484
0 0.687500 0.416016 0.687500 0.422852 0.693359 0.427734 0.693359 0.419922 0.690430 0.416016
0 0.835938 0.040039 0.834961 0.047852 0.836914 0.048828 0.837891 0.041016