0 0.582031 0.252930 0.575195 0.256836 0.575195 0.261719 0.581055 0.259766
0 0.705078 0.234375 0.707031 0.237305 0.715820 0.236328 0.715820 0.232422
0 0.072266 0.892578 0.067383 0.894531 0.067383 0.902344 0.069336 0.904297 0.072266 0.899414
0 0.885742 0.880859 0.878906 0.882812 0.875977 0.890625 0.880859 0.889648
0 0.635742 0.240234 0.626953 0.240234 0.623047 0.245117 0.632812 0.245117 0.635742 0.243164
0 0.807617 0.143555 0.804688 0.145508 0.803711 0.155273 0.809570 0.149414 0.809570 0.144531
0 0.686523 0.650391 0.687500 0.655273 0.694336 0.658203 0.694336 0.654297
0 0.193359 0.554688 0.194336 0.562500 0.199219 0.565430 0.199219 0.557617
0 0.553711 0.031250 0.545898 0.032227 0.543945 0.036133 0.550781 0.036133
0 0.853516 0.483398 0.856445 0.489258 0.863281 0.490234 0.860352 0.484375
0 0.080078 0.427734 0.080078 0.435547 0.085938 0.438477 0.084961 0.431641
0 0.288086 0.027344 0.287109 0.036133 0.290039 0.036133 0.291016 0.029297
0 0.915039 0.655273 0.907227 0.657227 0.904297 0.661133 0.913086 0.661133
0 0.730469 0.626953 0.722656 0.629883 0.721680 0.637695 0.729492 0.632812
0 0.375977 0.850586 0.377930 0.858398 0.382812 0.860352 0.382812 0.854492
0 0.555664 0.344727 0.558594 0.348633 0.567383 0.348633 0.566406 0.344727
0 0.099609 0.860352 0.096680 0.860352 0.093750 0.866211 0.094727 0.874023 0.099609 0.869141
0 0.450195 0.369141 0.444336 0.371094 0.442383 0.376953 0.447266 0.375977
0 0.672852 0.252930 0.668945 0.256836 0.669922 0.263672 0.673828 0.259766
0 0.844727 0.340820 0.841797 0.340820 0.839844 0.343750 0.839844 0.351562 0.845703 0.345703
0 0.600586 0.350586 0.599609 0.357422 0.602539 0.363281 0.605469 0.363281 0.605469 0.355469
0 0.584961 0.935547 0.581055 0.937500 0.581055 0.945312 0.584961 0.942383
0 0.391602 0.165039 0.391602 0.170898 0.396484 0.173828 0.397461 0.169922
0 0.429688 0.498047 0.424805 0.504883 0.426758 0.512695 0.430664 0.508789
0 0.478516 0.401367 0.472656 0.403320 0.469727 0.409180 0.474609 0.409180