0 0.739258 0.420898 0.742188 0.426758 0.748047 0.427734 0.744141 0.420898
0 0.459961 0.372070 0.463867 0.376953 0.471680 0.375977 0.468750 0.372070
0 0.685547 0.359375 0.678711 0.363281 0.677734 0.369141 0.684570 0.365234
0 0.055664 0.840820 0.057617 0.845703 0.064453 0.846680 0.061523 0.841797
0 0.068359 0.723633 0.066406 0.731445 0.067383 0.734375 0.070312 0.734375 0.071289 0.726562
0 0.623047 0.736328 0.623047 0.746094 0.625977 0.749023 0.627930 0.747070 0.627930 0.740234
0 0.810547 0.278320 0.806641 0.281250 0.807617 0.288086 0.811523 0.284180
0 0.610352 0.314453 0.611328 0.321289 0.618164 0.324219 0.616211 0.317383
0 0.566406 0.767578 0.561523 0.765625 0.554688 0.769531 0.562500 0.771484
0 0.798828 0.225586 0.792969 0.226562 0.791016 0.231445 0.794922 0.231445
0 0.255859 0.140625 0.257812 0.145508 0.264648 0.147461 0.263672 0.142578
0 0.785156 0.904297 0.785156 0.909180 0.790039 0.914062 0.790039 0.907227 0.788086 0.904297
0 0.500000 0.097656 0.496094 0.100586 0.497070 0.108398 0.500000 0.104492
0 0.446289 0.444336 0.445312 0.453125 0.447266 0.456055 0.450195 0.456055 0.450195 0.446289
0 0.839844 0.473633 0.834961 0.473633 0.831055 0.479492 0.835938 0.479492
0 0.180664 0.437500 0.171875 0.437500 0.169922 0.441406 0.177734 0.441406
0 0.949219 0.471680 0.946289 0.474609 0.947266 0.482422 0.951172 0.478516
0 0.973633 0.662109 0.980469 0.662109 0.984375 0.658203 0.976562 0.657227 0.973633 0.659180
0 0.394531 0.829102 0.402344 0.829102 0.406250 0.827148 0.406250 0.824219 0.399414 0.823242 0.394531 0.826172
0 0.960938 0.713867 0.960938 0.717773 0.967773 0.720703 0.966797 0.716797
0 0.073242 0.421875 0.075195 0.429688 0.080078 0.431641 0.080078 0.425781
0 0.174805 0.203125 0.177734 0.208984 0.188477 0.210938 0.185547 0.205078
0 0.027344 0.612305 0.018555 0.613281 0.014648 0.619141 0.024414 0.618164
0 0.647461 0.783203 0.654297 0.783203 0.656250 0.778320 0.650391 0.778320
0 0.054688 0.202148 0.050781 0.205078 0.050781 0.213867 0.055664 0.208008
0 0.039062 0.139648 0.041016 0.143555 0.048828 0.143555 0.046875 0.140625
0 0.963867 0.922852 0.964844 0.928711 0.969727 0.931641 0.968750 0.924805
0 0.201172 0.017578 0.202148 0.021484 0.212891 0.023438 0.210938 0.018555 0.207031 0.016602
0 0.655273 0.384766 0.653320 0.391602 0.656250 0.395508 0.658203 0.393555 0.658203 0.386719
0 0.530273 0.579102 0.533203 0.583008 0.540039 0.583008 0.540039 0.580078 0.537109 0.578125
0 0.821289 0.122070 0.817383 0.123047 0.818359 0.131836 0.821289 0.128906
0 0.408203 0.070312 0.408203 0.075195 0.414062 0.079102 0.413086 0.072266
0 0.820312 0.831055 0.818359 0.831055 0.816406 0.835938 0.818359 0.842773 0.822266 0.838867
0 0.893555 0.809570 0.895508 0.813477 0.902344 0.813477 0.900391 0.809570
0 0.720703 0.886719 0.714844 0.887695 0.710938 0.895508 0.712891 0.896484 0.718750 0.892578
0 0.496094 0.539062 0.499023 0.548828 0.501953 0.548828 0.501953 0.541992
0 0.420898 0.056641 0.414062 0.057617 0.412109 0.062500 0.417969 0.061523
0 0.932617 0.043945 0.932617 0.045898 0.943359 0.044922 0.942383 0.041992
0 0.081055 0.252930 0.083008 0.256836 0.087891 0.257812 0.086914 0.253906
0 0.049805 0.793945 0.045898 0.797852 0.046875 0.806641 0.049805 0.805664 0.051758 0.800781
0 0.462891 0.867188 0.471680 0.868164 0.475586 0.864258 0.467773 0.862305
0 0.191406 0.866211 0.187500 0.867188 0.185547 0.873047 0.191406 0.870117
0 0.873047 0.461914 0.865234 0.462891 0.862305 0.468750 0.870117 0.466797
0 0.489258 0.017578 0.489258 0.023438 0.495117 0.028320 0.494141 0.019531
0 0.815430 0.518555 0.816406 0.527344 0.821289 0.531250 0.823242 0.530273 0.821289 0.521484
0 0.435547 0.702148 0.443359 0.702148 0.445312 0.698242 0.439453 0.698242
0 0.269531 0.716797 0.265625 0.718750 0.264648 0.725586 0.268555 0.723633
0 0.396484 0.147461 0.398438 0.154297 0.406250 0.157227 0.405273 0.151367 0.402344 0.148438
0 0.258789 0.395508 0.259766 0.402344 0.263672 0.404297 0.262695 0.397461
0 0.090820 0.388672 0.094727 0.394531 0.098633 0.396484 0.103516 0.395508 0.099609 0.389648
0 0.060547 0.051758 0.062500 0.054688 0.070312 0.053711 0.068359 0.049805
0 0.446289 0.157227 0.439453 0.156250 0.433594 0.162109 0.441406 0.162109
0 0.625000 0.012695 0.620117 0.014648 0.619141 0.023438 0.624023 0.019531
0 0.607422 0.540039 0.611328 0.546875 0.617188 0.547852 0.614258 0.541016
0 0.241211 0.610352 0.246094 0.612305 0.250977 0.610352 0.250977 0.608398 0.244141 0.607422
0 0.356445 0.191406 0.353516 0.193359 0.355469 0.201172 0.357422 0.199219
0 0.067383 0.446289 0.063477 0.450195 0.063477 0.455078 0.066406 0.455078 0.068359 0.452148
0 0.872070 0.075195 0.868164 0.080078 0.870117 0.089844 0.874023 0.080078
0 0.622070 0.706055 0.616211 0.705078 0.611328 0.709961 0.618164 0.709961
0 0.780273 0.950195 0.774414 0.953125 0.773438 0.958984 0.780273 0.955078
0 0.977539 0.105469 0.973633 0.107422 0.974609 0.117188 0.978516 0.111328
0 0.448242 0.363281 0.449219 0.369141 0.455078 0.371094 0.453125 0.365234
0 0.375000 0.741211 0.371094 0.742188 0.370117 0.749023 0.375000 0.746094
0 0.635742 0.442383 0.636719 0.452148 0.642578 0.454102 0.640625 0.445312
0 0.036133 0.262695 0.031250 0.263672 0.029297 0.272461 0.035156 0.269531
0 0.490234 0.976562 0.483398 0.976562 0.480469 0.978516 0.480469 0.981445 0.487305 0.980469
0 0.767578 0.570312 0.766602 0.575195 0.771484 0.580078 0.770508 0.572266
0 0.586914 0.852539 0.583984 0.849609 0.576172 0.851562 0.577148 0.854492 0.584961 0.854492
0 0.876953 0.516602 0.873047 0.519531 0.874023 0.527344 0.877930 0.523438
0 0.625977 0.089844 0.626953 0.097656 0.631836 0.098633 0.628906 0.089844
0 0.654297 0.501953 0.648438 0.502930 0.645508 0.508789 0.653320 0.506836