0 0.779297 0.015625 0.779297 0.021484 0.786133 0.026367 0.784180 0.018555
0 0.605469 0.702148 0.605469 0.708008 0.611328 0.712891 0.610352 0.704102
0 0.882812 0.972656 0.881836 0.975586 0.885742 0.979492 0.895508 0.980469 0.896484 0.977539 0.893555 0.974609
0 0.798828 0.049805 0.801758 0.055664 0.808594 0.056641 0.806641 0.051758
0 0.142578 0.318359 0.148438 0.324219 0.157227 0.323242 0.157227 0.320312 0.154297 0.318359
0 0.219727 0.909180 0.221680 0.916016 0.227539 0.918945 0.226562 0.912109
0 0.820312 0.438477 0.825195 0.439453 0.830078 0.436523 0.830078 0.433594 0.824219 0.433594 0.820312 0.435547
0 0.803711 0.253906 0.808594 0.258789 0.816406 0.258789 0.810547 0.252930
0 0.265625 0.058594 0.260742 0.059570 0.258789 0.065430 0.262695 0.065430
0 0.317383 0.456055 0.317383 0.463867 0.321289 0.465820 0.321289 0.457031
0 0.578125 0.855469 0.581055 0.860352 0.587891 0.860352 0.585938 0.856445
0 0.854492 0.577148 0.855469 0.583984 0.861328 0.586914 0.860352 0.580078
0 0.850586 0.771484 0.850586 0.774414 0.853516 0.776367 0.861328 0.774414 0.861328 0.772461 0.856445 0.770508
0 0.114258 0.650391 0.116211 0.655273 0.123047 0.657227 0.120117 0.651367
0 0.416992 0.524414 0.416016 0.531250 0.416992 0.534180 0.419922 0.534180 0.420898 0.528320
0 0.719727 0.050781 0.723633 0.056641 0.729492 0.057617 0.727539 0.051758
0 0.248047 0.713867 0.244141 0.713867 0.240234 0.717773 0.239258 0.722656 0.245117 0.721680
0 0.047852 0.492188 0.049805 0.494141 0.057617 0.494141 0.054688 0.490234
0 0.089844 0.736328 0.089844 0.742188 0.096680 0.746094 0.094727 0.738281
0 0.307617 0.539062 0.302734 0.540039 0.299805 0.549805 0.305664 0.545898
0 0.597656 0.196289 0.601562 0.200195 0.611328 0.197266 0.607422 0.193359
0 0.920898 0.871094 0.916992 0.876953 0.918945 0.884766 0.921875 0.883789 0.923828 0.877930
0 0.665039 0.208008 0.668945 0.211914 0.675781 0.209961 0.674805 0.207031
0 0.457031 0.454102 0.452148 0.454102 0.448242 0.459961 0.454102 0.458984
0 0.859375 0.012695 0.854492 0.010742 0.848633 0.011719 0.845703 0.015625 0.850586 0.017578
0 0.468750 0.854492 0.468750 0.857422 0.471680 0.859375 0.477539 0.859375 0.472656 0.853516
0 0.965820 0.831055 0.965820 0.837891 0.970703 0.842773 0.970703 0.833984 0.968750 0.831055
0 0.343750 0.060547 0.342773 0.065430 0.348633 0.071289 0.348633 0.063477 0.346680 0.060547
0 0.261719 0.010742 0.262695 0.015625 0.270508 0.019531 0.268555 0.012695
0 0.195312 0.099609 0.198242 0.105469 0.205078 0.106445 0.203125 0.101562
0 0.486328 0.577148 0.479492 0.581055 0.479492 0.585938 0.485352 0.583984
0 0.371094 0.438477 0.371094 0.441406 0.374023 0.443359 0.382812 0.444336 0.380859 0.439453
0 0.585938 0.394531 0.587891 0.402344 0.594727 0.404297 0.593750 0.398438
0 0.871094 0.332031 0.871094 0.338867 0.875000 0.340820 0.875000 0.334961
0 0.418945 0.139648 0.420898 0.144531 0.427734 0.146484 0.424805 0.140625
0 0.766602 0.609375 0.758789 0.610352 0.755859 0.616211 0.763672 0.614258
0 0.991211 0.152344 0.987305 0.155273 0.988281 0.163086 0.992188 0.157227
0 0.702148 0.545898 0.700195 0.547852 0.701172 0.556641 0.704102 0.554688 0.704102 0.547852
0 0.647461 0.484375 0.647461 0.491211 0.653320 0.494141 0.652344 0.487305
0 0.750977 0.770508 0.750000 0.778320 0.752930 0.781250 0.754883 0.774414
0 0.455078 0.354492 0.454102 0.363281 0.458984 0.367188 0.458984 0.358398
0 0.870117 0.042969 0.870117 0.048828 0.874023 0.052734 0.875000 0.046875 0.873047 0.042969
0 0.749023 0.636719 0.750000 0.643555 0.753906 0.644531 0.752930 0.638672
0 0.137695 0.608398 0.137695 0.612305 0.143555 0.615234 0.146484 0.614258 0.143555 0.609375
0 0.638672 0.465820 0.629883 0.465820 0.627930 0.470703 0.632812 0.470703
0 0.413086 0.466797 0.408203 0.468750 0.407227 0.474609 0.413086 0.470703
0 0.423828 0.096680 0.422852 0.102539 0.425781 0.106445 0.426758 0.098633
0 0.008789 0.559570 0.010742 0.567383 0.015625 0.568359 0.014648 0.563477
0 0.446289 0.483398 0.448242 0.488281 0.456055 0.490234 0.455078 0.485352
0 0.932617 0.717773 0.932617 0.722656 0.937500 0.727539 0.937500 0.720703 0.935547 0.717773
0 0.719727 0.787109 0.715820 0.790039 0.713867 0.797852 0.719727 0.794922
0 0.426758 0.738281 0.421875 0.740234 0.418945 0.746094 0.419922 0.749023 0.426758 0.745117
0 0.333984 0.918945 0.329102 0.918945 0.325195 0.924805 0.331055 0.923828
0 0.018555 0.838867 0.020508 0.843750 0.028320 0.844727 0.027344 0.840820
0 0.164062 0.576172 0.158203 0.577148 0.155273 0.582031 0.161133 0.582031
0 0.604492 0.799805 0.598633 0.799805 0.595703 0.803711 0.602539 0.803711
0 0.789062 0.156250 0.783203 0.156250 0.779297 0.163086 0.787109 0.162109
0 0.308594 0.853516 0.303711 0.852539 0.297852 0.860352 0.306641 0.858398
0 0.856445 0.803711 0.857422 0.810547 0.862305 0.814453 0.862305 0.807617
0 0.846680 0.469727 0.840820 0.473633 0.839844 0.479492 0.844727 0.478516
0 0.642578 0.387695 0.639648 0.390625 0.640625 0.398438 0.642578 0.398438 0.644531 0.393555
0 0.166992 0.886719 0.174805 0.886719 0.176758 0.883789 0.169922 0.882812
0 0.928711 0.510742 0.929688 0.520508 0.935547 0.523438 0.935547 0.515625
0 0.906250 0.116211 0.904297 0.125000 0.908203 0.128906 0.910156 0.119141 0.909180 0.116211
0 0.836914 0.819336 0.833008 0.820312 0.832031 0.828125 0.835938 0.825195
0 0.838867 0.617188 0.833984 0.620117 0.833984 0.626953 0.839844 0.622070