0 0.558594 0.555664 0.561523 0.560547 0.571289 0.560547 0.566406 0.555664
0 0.593750 0.053711 0.593750 0.059570 0.598633 0.064453 0.599609 0.058594
0 0.098633 0.089844 0.093750 0.088867 0.088867 0.092773 0.095703 0.093750
0 0.934570 0.417969 0.937500 0.421875 0.944336 0.421875 0.942383 0.417969
0 0.471680 0.846680 0.473633 0.849609 0.483398 0.848633 0.483398 0.846680 0.477539 0.844727
0 0.427734 0.565430 0.428711 0.574219 0.433594 0.577148 0.432617 0.568359
0 0.062500 0.815430 0.058594 0.817383 0.057617 0.824219 0.062500 0.821289
0 0.620117 0.103516 0.622070 0.107422 0.628906 0.105469 0.625000 0.102539
0 0.293945 0.404297 0.287109 0.407227 0.286133 0.414062 0.291992 0.412109 0.294922 0.407227
0 0.563477 0.188477 0.555664 0.189453 0.552734 0.195312 0.557617 0.196289 0.562500 0.192383
0 0.961914 0.128906 0.955078 0.128906 0.951172 0.132812 0.960938 0.132812
0 0.249023 0.503906 0.243164 0.507812 0.243164 0.516602 0.249023 0.511719
0 0.463867 0.204102 0.466797 0.208008 0.473633 0.208008 0.469727 0.204102
0 0.701172 0.014648 0.700195 0.021484 0.703125 0.025391 0.705078 0.017578
0 0.184570 0.181641 0.185547 0.185547 0.194336 0.187500 0.191406 0.182617
0 0.448242 0.480469 0.445312 0.484375 0.446289 0.491211 0.450195 0.486328
0 0.491211 0.429688 0.483398 0.431641 0.482422 0.434570 0.490234 0.433594
0 0.176758 0.588867 0.170898 0.590820 0.168945 0.595703 0.174805 0.594727
0 0.363281 0.170898 0.364258 0.179688 0.369141 0.181641 0.369141 0.174805
0 0.785156 0.700195 0.788086 0.704102 0.795898 0.704102 0.793945 0.700195
0 0.717773 0.083008 0.711914 0.083008 0.708984 0.084961 0.708984 0.088867 0.715820 0.086914
0 0.200195 0.583984 0.200195 0.586914 0.203125 0.588867 0.211914 0.588867 0.205078 0.583008
0 0.083008 0.310547 0.083008 0.313477 0.086914 0.315430 0.093750 0.314453 0.090820 0.310547
0 0.455078 0.848633 0.460938 0.851562 0.464844 0.849609 0.461914 0.846680
0 0.534180 0.119141 0.536133 0.122070 0.543945 0.121094 0.541992 0.118164
0 0.084961 0.472656 0.086914 0.476562 0.094727 0.476562 0.093750 0.473633
0 0.305664 0.192383 0.311523 0.199219 0.316406 0.197266 0.313477 0.192383
0 0.853516 0.056641 0.852539 0.061523 0.856445 0.067383 0.857422 0.059570 0.856445 0.056641
0 0.128906 0.818359 0.125000 0.819336 0.123047 0.827148 0.128906 0.823242
0 0.306641 0.785156 0.306641 0.791992 0.312500 0.794922 0.311523 0.788086
0 0.519531 0.812500 0.515625 0.814453 0.515625 0.824219 0.519531 0.820312
0 0.967773 0.574219 0.967773 0.581055 0.969727 0.584961 0.972656 0.584961 0.972656 0.577148 0.970703 0.574219
0 0.713867 0.163086 0.713867 0.168945 0.717773 0.171875 0.718750 0.166016 0.716797 0.163086
0 0.627930 0.573242 0.629883 0.577148 0.637695 0.578125 0.634766 0.573242
0 0.135742 0.303711 0.136719 0.310547 0.141602 0.312500 0.141602 0.307617
0 0.244141 0.569336 0.235352 0.570312 0.231445 0.575195 0.238281 0.576172 0.243164 0.573242
0 0.335938 0.318359 0.335938 0.321289 0.338867 0.323242 0.345703 0.322266 0.342773 0.319336
0 0.987305 0.110352 0.986328 0.115234 0.992188 0.121094 0.992188 0.114258
0 0.652344 0.646484 0.652344 0.652344 0.657227 0.656250 0.657227 0.649414