0 0.680664 0.631836 0.683594 0.639648 0.689453 0.641602 0.689453 0.635742 0.684570 0.631836
0 0.240234 0.108398 0.245117 0.112305 0.250000 0.111328 0.248047 0.107422
0 0.105469 0.189453 0.101562 0.189453 0.097656 0.195312 0.103516 0.193359
0 0.187500 0.965820 0.184570 0.967773 0.183594 0.974609 0.188477 0.972656
0 0.432617 0.135742 0.428711 0.135742 0.424805 0.143555 0.429688 0.142578
0 0.504883 0.894531 0.504883 0.897461 0.510742 0.900391 0.517578 0.898438 0.513672 0.894531
0 0.724609 0.166992 0.719727 0.169922 0.719727 0.179688 0.724609 0.174805
0 0.291016 0.421875 0.292969 0.424805 0.298828 0.422852 0.296875 0.420898
0 0.632812 0.154297 0.625000 0.156250 0.623047 0.161133 0.628906 0.161133
0 0.370117 0.742188 0.365234 0.743164 0.363281 0.750977 0.370117 0.748047
0 0.325195 0.477539 0.326172 0.484375 0.333008 0.488281 0.333008 0.481445
0 0.808594 0.963867 0.809570 0.968750 0.818359 0.971680 0.818359 0.968750 0.813477 0.963867
0 0.351562 0.547852 0.353516 0.551758 0.362305 0.551758 0.364258 0.549805 0.360352 0.546875
0 0.314453 0.579102 0.312500 0.583008 0.316406 0.589844 0.317383 0.583984
0 0.862305 0.875977 0.861328 0.886719 0.864258 0.888672 0.866211 0.876953
0 0.306641 0.397461 0.308594 0.402344 0.318359 0.403320 0.314453 0.398438
0 0.290039 0.619141 0.286133 0.622070 0.288086 0.629883 0.291016 0.625977
0 0.298828 0.049805 0.293945 0.049805 0.290039 0.056641 0.296875 0.054688
0 0.766602 0.075195 0.766602 0.084961 0.770508 0.085938 0.770508 0.077148
0 0.946289 0.190430 0.947266 0.197266 0.953125 0.201172 0.951172 0.193359
0 0.831055 0.300781 0.830078 0.309570 0.833984 0.310547 0.833984 0.301758
0 0.719727 0.679688 0.716797 0.684570 0.718750 0.690430 0.721680 0.691406 0.722656 0.682617
0 0.911133 0.191406 0.907227 0.193359 0.907227 0.201172 0.909180 0.203125 0.912109 0.198242
0 0.180664 0.492188 0.182617 0.499023 0.187500 0.501953 0.188477 0.497070
0 0.406250 0.129883 0.398438 0.129883 0.396484 0.133789 0.403320 0.133789
0 0.067383 0.460938 0.068359 0.466797 0.073242 0.468750 0.072266 0.462891
0 0.200195 0.611328 0.193359 0.611328 0.190430 0.613281 0.190430 0.616211 0.195312 0.616211
0 0.927734 0.328125 0.931641 0.329102 0.937500 0.325195 0.929688 0.324219
0 0.007812 0.820312 0.006836 0.826172 0.011719 0.831055 0.018555 0.832031 0.015625 0.824219
0 0.635742 0.659180 0.636719 0.669922 0.643555 0.673828 0.641602 0.663086 0.638672 0.659180
0 0.799805 0.521484 0.793945 0.524414 0.791992 0.532227 0.799805 0.527344
0 0.642578 0.396484 0.638672 0.398438 0.638672 0.406250 0.642578 0.403320
0 0.823242 0.286133 0.819336 0.286133 0.816406 0.291992 0.821289 0.290039
0 0.137695 0.140625 0.129883 0.141602 0.127930 0.147461 0.136719 0.144531
0 0.490234 0.292969 0.491211 0.299805 0.498047 0.302734 0.496094 0.295898
0 0.815430 0.693359 0.814453 0.701172 0.817383 0.701172 0.818359 0.694336
0 0.597656 0.886719 0.604492 0.886719 0.608398 0.884766 0.608398 0.881836 0.601562 0.881836
0 0.141602 0.570312 0.144531 0.574219 0.153320 0.572266 0.153320 0.570312 0.148438 0.568359
0 0.090820 0.681641 0.090820 0.688477 0.094727 0.691406 0.095703 0.684570 0.093750 0.681641
0 0.458984 0.649414 0.456055 0.649414 0.453125 0.654297 0.454102 0.662109 0.457031 0.662109 0.458984 0.658203
0 0.369141 0.905273 0.368164 0.911133 0.370117 0.916016 0.372070 0.916016 0.373047 0.908203
0 0.166992 0.099609 0.162109 0.101562 0.160156 0.109375 0.167969 0.103516
0 0.700195 0.767578 0.696289 0.768555 0.695312 0.776367 0.699219 0.774414
0 0.041992 0.725586 0.038086 0.726562 0.035156 0.730469 0.035156 0.737305 0.041992 0.732422