0 0.423828 0.095703 0.428711 0.096680 0.433594 0.093750 0.425781 0.092773
0 0.863281 0.442383 0.858398 0.444336 0.855469 0.449219 0.856445 0.451172 0.862305 0.448242
0 0.526367 0.974609 0.520508 0.975586 0.517578 0.980469 0.523438 0.980469
0 0.168945 0.444336 0.169922 0.447266 0.177734 0.448242 0.175781 0.444336
0 0.940430 0.647461 0.935547 0.651367 0.936523 0.661133 0.941406 0.657227
0 0.129883 0.088867 0.129883 0.096680 0.133789 0.098633 0.133789 0.089844
0 0.839844 0.549805 0.838867 0.558594 0.842773 0.562500 0.843750 0.552734
0 0.339844 0.156250 0.343750 0.162109 0.349609 0.163086 0.347656 0.157227 0.344727 0.155273
0 0.795898 0.898438 0.797852 0.907227 0.800781 0.907227 0.800781 0.900391
0 0.657227 0.743164 0.653320 0.744141 0.651367 0.750000 0.656250 0.748047
0 0.722656 0.364258 0.724609 0.368164 0.734375 0.367188 0.729492 0.363281
0 0.472656 0.822266 0.468750 0.824219 0.468750 0.833984 0.472656 0.830078
0 0.347656 0.696289 0.346680 0.706055 0.351562 0.708008 0.352539 0.701172 0.350586 0.696289
0 0.625977 0.404297 0.624023 0.407227 0.630859 0.414062 0.631836 0.410156
0 0.322266 0.256836 0.322266 0.259766 0.325195 0.260742 0.333008 0.258789 0.332031 0.255859 0.328125 0.254883
0 0.793945 0.070312 0.793945 0.077148 0.799805 0.081055 0.798828 0.072266
0 0.365234 0.236328 0.365234 0.244141 0.373047 0.248047 0.371094 0.240234
0 0.170898 0.849609 0.169922 0.858398 0.173828 0.861328 0.175781 0.854492
0 0.016602 0.473633 0.009766 0.474609 0.007812 0.478516 0.013672 0.478516
0 0.763672 0.122070 0.760742 0.122070 0.758789 0.125000 0.760742 0.132812
0 0.038086 0.273438 0.038086 0.281250 0.040039 0.284180 0.042969 0.284180 0.042969 0.277344
0 0.138672 0.655273 0.134766 0.661133 0.136719 0.666992 0.139648 0.661133
0 0.277344 0.280273 0.271484 0.286133 0.272461 0.293945 0.278320 0.288086 0.279297 0.282227
0 0.091797 0.285156 0.091797 0.291992 0.094727 0.296875 0.097656 0.296875 0.096680 0.288086 0.094727 0.285156
0 0.613281 0.685547 0.606445 0.684570 0.600586 0.689453 0.609375 0.690430
0 0.286133 0.716797 0.286133 0.721680 0.292969 0.727539 0.291992 0.719727
0 0.745117 0.508789 0.744141 0.512695 0.747070 0.519531 0.750000 0.514648 0.748047 0.509766
0 0.175781 0.809570 0.168945 0.813477 0.168945 0.818359 0.174805 0.816406
0 0.170898 0.301758 0.165039 0.302734 0.163086 0.307617 0.167969 0.307617
0 0.709961 0.822266 0.708008 0.830078 0.711914 0.834961 0.714844 0.826172 0.712891 0.822266
0 0.813477 0.646484 0.813477 0.651367 0.817383 0.655273 0.822266 0.656250 0.820312 0.649414
0 0.663086 0.010742 0.660156 0.011719 0.662109 0.020508 0.664062 0.016602
0 0.886719 0.509766 0.884766 0.510742 0.885742 0.521484 0.888672 0.521484 0.889648 0.512695
0 0.417969 0.041016 0.417969 0.049805 0.420898 0.053711 0.422852 0.051758 0.422852 0.044922
0 0.933594 0.704102 0.929688 0.704102 0.926758 0.707031 0.925781 0.713867 0.932617 0.708984
0 0.062500 0.489258 0.063477 0.497070 0.067383 0.498047 0.066406 0.490234
0 0.884766 0.839844 0.889648 0.840820 0.895508 0.836914 0.887695 0.835938
0 0.777344 0.110352 0.779297 0.113281 0.788086 0.112305 0.788086 0.108398
0 0.199219 0.880859 0.204102 0.886719 0.208008 0.887695 0.208008 0.883789 0.205078 0.880859
0 0.806641 0.498047 0.808594 0.503906 0.814453 0.503906 0.812500 0.500000
0 0.309570 0.927734 0.310547 0.937500 0.316406 0.940430 0.314453 0.930664
0 0.444336 0.227539 0.440430 0.233398 0.442383 0.243164 0.446289 0.238281
0 0.408203 0.050781 0.409180 0.059570 0.414062 0.062500 0.413086 0.053711
0 0.267578 0.785156 0.262695 0.788086 0.262695 0.797852 0.267578 0.792969
0 0.764648 0.102539 0.766602 0.104492 0.773438 0.104492 0.772461 0.101562
0 0.985352 0.593750 0.978516 0.593750 0.973633 0.599609 0.981445 0.599609 0.985352 0.596680
0 0.403320 0.977539 0.403320 0.983398 0.408203 0.986328 0.408203 0.979492
0 0.794922 0.314453 0.795898 0.318359 0.804688 0.319336 0.803711 0.315430
0 0.597656 0.634766 0.587891 0.634766 0.584961 0.636719 0.584961 0.639648 0.595703 0.638672
0 0.110352 0.198242 0.105469 0.205078 0.107422 0.211914 0.111328 0.206055
0 0.726562 0.976562 0.725586 0.983398 0.729492 0.988281 0.730469 0.979492
0 0.877930 0.181641 0.880859 0.187500 0.885742 0.188477 0.882812 0.182617
0 0.971680 0.639648 0.967773 0.639648 0.963867 0.646484 0.969727 0.645508
0 0.174805 0.305664 0.178711 0.309570 0.183594 0.309570 0.179688 0.304688
0 0.427734 0.689453 0.423828 0.695312 0.424805 0.699219 0.429688 0.695312
0 0.520508 0.374023 0.515625 0.377930 0.514648 0.387695 0.522461 0.378906
0 0.659180 0.174805 0.655273 0.176758 0.655273 0.183594 0.659180 0.180664
0 0.786133 0.032227 0.786133 0.036133 0.792969 0.040039 0.791016 0.034180
0 0.444336 0.827148 0.440430 0.830078 0.442383 0.837891 0.445312 0.833984
0 0.605469 0.538086 0.605469 0.544922 0.609375 0.546875 0.609375 0.541016
0 0.948242 0.820312 0.948242 0.826172 0.956055 0.829102 0.957031 0.826172 0.954102 0.822266
0 0.072266 0.614258 0.067383 0.616211 0.066406 0.623047 0.072266 0.619141
0 0.784180 0.328125 0.782227 0.333984 0.784180 0.339844 0.786133 0.339844 0.787109 0.329102
0 0.097656 0.463867 0.104492 0.463867 0.107422 0.459961 0.099609 0.459961
0 0.564453 0.010742 0.560547 0.012695 0.559570 0.020508 0.564453 0.017578
0 0.341797 0.909180 0.336914 0.910156 0.333008 0.916992 0.337891 0.916992