0 0.942383 0.083008 0.940430 0.093750 0.944336 0.095703 0.946289 0.083984
0 0.248047 0.707031 0.248047 0.715820 0.251953 0.719727 0.252930 0.709961 0.250977 0.707031
0 0.243164 0.343750 0.243164 0.348633 0.250977 0.352539 0.250977 0.347656
0 0.395508 0.936523 0.390625 0.938477 0.389648 0.948242 0.394531 0.944336
0 0.741211 0.770508 0.745117 0.776367 0.753906 0.777344 0.750000 0.771484
0 0.114258 0.019531 0.118164 0.023438 0.125977 0.023438 0.129883 0.020508 0.124023 0.017578
0 0.678711 0.057617 0.677734 0.061523 0.680664 0.066406 0.686523 0.068359 0.684570 0.060547
0 0.429688 0.062500 0.430664 0.067383 0.438477 0.069336 0.433594 0.062500
0 0.143555 0.133789 0.146484 0.138672 0.152344 0.138672 0.150391 0.134766
0 0.930664 0.025391 0.938477 0.025391 0.943359 0.021484 0.935547 0.020508
0 0.772461 0.506836 0.773438 0.510742 0.783203 0.510742 0.780273 0.506836
0 0.660156 0.679688 0.664062 0.686523 0.669922 0.687500 0.666992 0.680664
0 0.054688 0.752930 0.056641 0.757812 0.066406 0.758789 0.062500 0.753906
0 0.144531 0.041016 0.148438 0.045898 0.152344 0.045898 0.151367 0.041992
0 0.617188 0.958008 0.608398 0.959961 0.606445 0.963867 0.614258 0.962891
0 0.334961 0.459961 0.334961 0.465820 0.338867 0.469727 0.339844 0.463867
0 0.591797 0.927734 0.599609 0.932617 0.606445 0.930664 0.605469 0.927734 0.597656 0.924805
0 0.584961 0.244141 0.579102 0.245117 0.575195 0.250000 0.575195 0.253906 0.581055 0.251953
0 0.955078 0.408203 0.953125 0.416016 0.954102 0.418945 0.957031 0.418945 0.958984 0.411133
0 0.505859 0.858398 0.505859 0.861328 0.509766 0.863281 0.518555 0.860352 0.518555 0.858398 0.511719 0.856445
0 0.223633 0.277344 0.226562 0.282227 0.232422 0.282227 0.230469 0.278320
0 0.673828 0.883789 0.668945 0.884766 0.666016 0.887695 0.666016 0.891602 0.669922 0.890625
0 0.018555 0.630859 0.021484 0.637695 0.026367 0.638672 0.026367 0.634766
0 0.109375 0.523438 0.109375 0.530273 0.116211 0.534180 0.115234 0.526367
0 0.570312 0.190430 0.578125 0.190430 0.582031 0.187500 0.581055 0.185547 0.575195 0.185547
0 0.805664 0.926758 0.800781 0.924805 0.795898 0.926758 0.794922 0.929688 0.800781 0.930664
0 0.434570 0.378906 0.428711 0.381836 0.427734 0.388672 0.433594 0.385742
0 0.590820 0.151367 0.594727 0.158203 0.599609 0.157227 0.598633 0.153320
0 0.666992 0.207031 0.666016 0.213867 0.670898 0.220703 0.671875 0.211914
0 0.904297 0.650391 0.905273 0.652344 0.913086 0.651367 0.913086 0.649414
0 0.644531 0.955078 0.644531 0.961914 0.649414 0.964844 0.648438 0.957031
0 0.426758 0.458984 0.420898 0.458984 0.417969 0.463867 0.424805 0.462891
0 0.422852 0.247070 0.418945 0.246094 0.414062 0.250977 0.420898 0.250977
0 0.975586 0.416016 0.970703 0.419922 0.970703 0.426758 0.976562 0.421875 0.977539 0.417969
0 0.429688 0.877930 0.423828 0.878906 0.419922 0.884766 0.425781 0.884766
0 0.817383 0.847656 0.810547 0.849609 0.808594 0.855469 0.814453 0.854492
0 0.718750 0.148438 0.714844 0.149414 0.712891 0.158203 0.718750 0.154297
0 0.202148 0.644531 0.207031 0.649414 0.214844 0.649414 0.208984 0.643555
0 0.138672 0.509766 0.133789 0.512695 0.134766 0.520508
0 0.572266 0.907227 0.565430 0.911133 0.564453 0.916992 0.571289 0.913086
0 0.327148 0.330078 0.327148 0.334961 0.333008 0.336914 0.333008 0.333008
0 0.904297 0.116211 0.897461 0.116211 0.893555 0.119141 0.893555 0.122070 0.901367 0.121094
0 0.898438 0.627930 0.897461 0.631836 0.900391 0.637695 0.903320 0.637695 0.903320 0.631836 0.901367 0.627930
0 0.683594 0.152344 0.678711 0.154297 0.677734 0.160156 0.682617 0.157227
0 0.221680 0.298828 0.221680 0.301758 0.225586 0.304688 0.234375 0.303711 0.227539 0.298828
0 0.095703 0.152344 0.090820 0.154297 0.088867 0.162109 0.094727 0.159180
0 0.703125 0.453125 0.698242 0.456055 0.698242 0.462891 0.703125 0.458984
0 0.673828 0.289062 0.669922 0.289062 0.666992 0.291992 0.665039 0.302734 0.671875 0.298828
0 0.056641 0.236328 0.052734 0.238281 0.051758 0.246094 0.056641 0.242188
0 0.510742 0.460938 0.502930 0.461914 0.500977 0.466797 0.508789 0.464844
0 0.496094 0.887695 0.498047 0.896484 0.503906 0.899414 0.502930 0.891602
0 0.029297 0.833008 0.030273 0.838867 0.036133 0.841797 0.034180 0.833984
0 0.456055 0.816406 0.452148 0.817383 0.451172 0.826172 0.455078 0.824219
0 0.646484 0.376953 0.646484 0.383789 0.650391 0.387695 0.651367 0.379883 0.649414 0.376953
0 0.338867 0.226562 0.330078 0.227539 0.329102 0.232422 0.336914 0.231445
0 0.015625 0.765625 0.014648 0.774414 0.016602 0.777344 0.019531 0.777344 0.020508 0.770508
0 0.727539 0.882812 0.721680 0.883789 0.718750 0.888672 0.723633 0.888672
0 0.979492 0.118164 0.973633 0.120117 0.973633 0.127930 0.978516 0.124023
0 0.888672 0.441406 0.888672 0.446289 0.892578 0.451172 0.893555 0.444336
0 0.659180 0.428711 0.662109 0.433594 0.668945 0.435547 0.666992 0.429688
0 0.333008 0.249023 0.332031 0.255859 0.334961 0.258789 0.336914 0.252930