0 0.305664 0.223633 0.295898 0.226562 0.291992 0.234375 0.301758 0.232422 0.304688 0.229492
0 0.701172 0.003906 0.697266 0.005859 0.696289 0.014648 0.702148 0.009766
0 0.770508 0.899414 0.771484 0.903320 0.775391 0.905273 0.783203 0.903320 0.778320 0.898438
0 0.324219 0.669922 0.318359 0.669922 0.312500 0.675781 0.322266 0.674805
0 0.970703 0.829102 0.970703 0.835938 0.975586 0.839844 0.975586 0.833984
0 0.550781 0.062500 0.552734 0.070312 0.557617 0.072266 0.556641 0.065430
0 0.594727 0.037109 0.595703 0.043945 0.601562 0.046875 0.600586 0.040039
0 0.255859 0.518555 0.250977 0.522461 0.250977 0.529297 0.252930 0.531250 0.256836 0.525391
0 0.754883 0.267578 0.747070 0.271484 0.747070 0.277344 0.752930 0.273438
0 0.908203 0.653320 0.909180 0.656250 0.917969 0.656250 0.917969 0.653320 0.915039 0.652344
0 0.191406 0.346680 0.186523 0.345703 0.182617 0.349609 0.186523 0.350586
0 0.821289 0.875977 0.828125 0.877930 0.832031 0.874023 0.826172 0.873047
0 0.788086 0.817383 0.785156 0.819336 0.786133 0.827148 0.789062 0.823242
0 0.813477 0.270508 0.807617 0.273438 0.806641 0.281250 0.812500 0.278320
0 0.194336 0.556641 0.189453 0.561523 0.188477 0.566406 0.191406 0.571289 0.195312 0.565430
0 0.966797 0.648438 0.966797 0.653320 0.974609 0.657227 0.972656 0.651367
0 0.208008 0.424805 0.211914 0.430664 0.219727 0.429688 0.215820 0.424805
0 0.613281 0.960938 0.611328 0.966797 0.613281 0.972656 0.615234 0.972656 0.616211 0.961914
0 0.852539 0.839844 0.850586 0.837891 0.845703 0.838867 0.841797 0.843750 0.849609 0.842773
0 0.814453 0.476562 0.810547 0.479492 0.810547 0.488281 0.815430 0.484375 0.816406 0.479492
0 0.088867 0.403320 0.090820 0.408203 0.097656 0.410156 0.096680 0.405273
0 0.609375 0.045898 0.619141 0.045898 0.621094 0.041016 0.611328 0.041992
0 0.391602 0.892578 0.388672 0.893555 0.386719 0.898438 0.388672 0.904297 0.392578 0.902344
0 0.342773 0.469727 0.337891 0.472656 0.335938 0.479492 0.342773 0.476562
0 0.726562 0.569336 0.727539 0.576172 0.735352 0.580078 0.732422 0.572266
0 0.981445 0.696289 0.973633 0.697266 0.972656 0.701172 0.979492 0.700195
0 0.936523 0.933594 0.937500 0.935547 0.946289 0.934570 0.944336 0.931641
0 0.421875 0.922852 0.420898 0.930664 0.425781 0.935547 0.426758 0.928711
0 0.295898 0.277344 0.303711 0.277344 0.305664 0.274414 0.297852 0.273438
0 0.747070 0.179688 0.750000 0.183594 0.758789 0.183594 0.755859 0.179688
0 0.845703 0.474609 0.845703 0.479492 0.852539 0.483398 0.851562 0.477539
0 0.924805 0.294922 0.926758 0.299805 0.932617 0.300781 0.931641 0.296875
0 0.188477 0.214844 0.189453 0.224609 0.193359 0.226562 0.193359 0.218750