0 0.240234 0.076172 0.235352 0.077148 0.233398 0.085938 0.239258 0.083008
0 0.919922 0.539062 0.926758 0.540039 0.933594 0.535156 0.924805 0.534180
0 0.605469 0.436523 0.598633 0.437500 0.596680 0.443359 0.603516 0.441406
0 0.853516 0.954102 0.854492 0.960938 0.858398 0.961914 0.857422 0.956055
0 0.326172 0.487305 0.327148 0.490234 0.333984 0.491211 0.337891 0.489258 0.333984 0.485352
0 0.932617 0.169922 0.932617 0.173828 0.939453 0.177734 0.938477 0.172852
0 0.682617 0.080078 0.682617 0.082031 0.690430 0.083008 0.694336 0.081055 0.694336 0.078125 0.687500 0.077148
0 0.796875 0.500000 0.799805 0.504883 0.806641 0.505859 0.804688 0.500977
0 0.779297 0.885742 0.774414 0.883789 0.767578 0.888672 0.773438 0.889648
0 0.802734 0.645508 0.801758 0.655273 0.804688 0.655273 0.805664 0.645508
0 0.395508 0.335938 0.399414 0.336914 0.405273 0.333984 0.405273 0.332031 0.399414 0.331055 0.395508 0.333008
0 0.294922 0.421875 0.295898 0.427734 0.301758 0.430664 0.300781 0.423828
0 0.141602 0.161133 0.143555 0.166016 0.150391 0.165039 0.146484 0.161133
0 0.078125 0.676758 0.074219 0.679688 0.074219 0.688477 0.076172 0.688477 0.079102 0.682617
0 0.697266 0.374023 0.692383 0.375977 0.691406 0.381836 0.696289 0.379883
0 0.726562 0.344727 0.725586 0.349609 0.730469 0.354492 0.730469 0.346680
0 0.164062 0.451172 0.163086 0.453125 0.169922 0.458008 0.170898 0.454102
0 0.872070 0.975586 0.866211 0.978516 0.865234 0.986328 0.871094 0.982422
0 0.973633 0.517578 0.968750 0.519531 0.967773 0.526367 0.973633 0.522461
0 0.823242 0.759766 0.814453 0.761719 0.812500 0.767578 0.820312 0.765625
0 0.983398 0.032227 0.983398 0.037109 0.990234 0.040039 0.989258 0.035156
0 0.785156 0.283203 0.781250 0.285156 0.781250 0.292969 0.785156 0.289062
0 0.239258 0.929688 0.237305 0.937500 0.239258 0.943359 0.241211 0.943359 0.244141 0.934570
0 0.442383 0.360352 0.447266 0.365234 0.452148 0.363281 0.449219 0.359375
0 0.470703 0.295898 0.472656 0.300781 0.479492 0.301758 0.478516 0.297852
0 0.333008 0.923828 0.328125 0.923828 0.325195 0.929688 0.330078 0.928711
0 0.271484 0.691406 0.273438 0.697266 0.281250 0.699219 0.277344 0.691406
0 0.592773 0.486328 0.590820 0.487305 0.590820 0.492188 0.596680 0.499023 0.597656 0.493164
0 0.520508 0.087891 0.511719 0.088867 0.509766 0.092773 0.515625 0.093750 0.520508 0.090820
0 0.041992 0.555664 0.041992 0.558594 0.045898 0.559570 0.052734 0.557617 0.052734 0.554688 0.049805 0.553711
0 0.442383 0.942383 0.442383 0.949219 0.446289 0.953125 0.447266 0.946289
0 0.814453 0.435547 0.813477 0.438477 0.820312 0.444336 0.820312 0.438477
0 0.730469 0.495117 0.728516 0.501953 0.730469 0.506836 0.732422 0.506836 0.733398 0.499023
0 0.830078 0.690430 0.832031 0.695312 0.840820 0.696289 0.834961 0.690430
0 0.274414 0.919922 0.274414 0.926758 0.278320 0.928711 0.278320 0.922852
0 0.921875 0.973633 0.922852 0.981445 0.927734 0.982422 0.926758 0.977539
0 0.536133 0.413086 0.540039 0.419922 0.543945 0.419922 0.541016 0.414062
0 0.611328 0.248047 0.613281 0.256836 0.619141 0.258789 0.619141 0.251953 0.615234 0.248047
0 0.819336 0.149414 0.822266 0.154297 0.832031 0.153320 0.827148 0.149414
0 0.652344 0.301758 0.649414 0.299805 0.644531 0.300781 0.641602 0.305664 0.648438 0.305664
0 0.313477 0.166016 0.315430 0.170898 0.322266 0.174805 0.323242 0.170898 0.321289 0.167969
0 0.774414 0.820312 0.770508 0.826172 0.772461 0.831055 0.776367 0.825195
0 0.059570 0.978516 0.064453 0.984375 0.070312 0.983398 0.066406 0.978516
0 0.571289 0.034180 0.573242 0.041992 0.578125 0.043945 0.577148 0.037109
0 0.425781 0.422852 0.428711 0.426758 0.434570 0.427734 0.433594 0.422852
0 0.828125 0.513672 0.835938 0.514648 0.838867 0.510742 0.832031 0.509766
0 0.660156 0.892578 0.655273 0.894531 0.654297 0.902344 0.659180 0.899414
0 0.076172 0.844727 0.078125 0.852539 0.084961 0.855469 0.083984 0.848633
0 0.116211 0.407227 0.116211 0.414062 0.124023 0.416992 0.122070 0.410156
0 0.825195 0.388672 0.820312 0.387695 0.814453 0.392578 0.820312 0.393555