0 0.147461 0.157227 0.145508 0.160156 0.146484 0.164062 0.152344 0.167969 0.152344 0.162109
0 0.625000 0.671875 0.621094 0.672852 0.621094 0.682617 0.625000 0.678711
0 0.135742 0.799805 0.128906 0.800781 0.125000 0.806641 0.132812 0.804688
0 0.689453 0.609375 0.698242 0.608398 0.700195 0.605469 0.692383 0.604492 0.689453 0.606445
0 0.177734 0.974609 0.174805 0.974609 0.171875 0.979492 0.173828 0.987305 0.178711 0.980469
0 0.934570 0.539062 0.928711 0.538086 0.923828 0.542969 0.931641 0.543945
0 0.009766 0.802734 0.010742 0.806641 0.020508 0.806641 0.016602 0.802734
0 0.649414 0.653320 0.645508 0.656250 0.645508 0.662109 0.649414 0.658203
0 0.067383 0.944336 0.059570 0.945312 0.056641 0.951172 0.065430 0.949219
0 0.574219 0.841797 0.582031 0.842773 0.586914 0.837891 0.578125 0.837891
0 0.596680 0.677734 0.589844 0.677734 0.585938 0.682617 0.593750 0.682617 0.596680 0.680664
0 0.316406 0.943359 0.308594 0.943359 0.306641 0.947266 0.315430 0.947266
0 0.913086 0.415039 0.915039 0.422852 0.920898 0.425781 0.920898 0.418945
0 0.301758 0.682617 0.296875 0.683594 0.292969 0.690430 0.299805 0.689453
0 0.392578 0.143555 0.385742 0.145508 0.382812 0.148438 0.382812 0.152344 0.388672 0.151367 0.393555 0.146484
0 0.181641 0.363281 0.177734 0.366211 0.178711 0.374023 0.180664 0.374023 0.182617 0.369141
0 0.480469 0.952148 0.482422 0.955078 0.489258 0.955078 0.488281 0.952148
0 0.737305 0.541992 0.736328 0.548828 0.739258 0.549805 0.740234 0.544922
0 0.280273 0.204102 0.277344 0.204102 0.275391 0.208008 0.275391 0.214844 0.279297 0.213867
0 0.594727 0.785156 0.598633 0.789062 0.607422 0.788086 0.605469 0.784180
0 0.569336 0.520508 0.565430 0.522461 0.566406 0.532227 0.570312 0.526367
0 0.753906 0.402344 0.753906 0.409180 0.757812 0.411133 0.757812 0.405273
0 0.203125 0.853516 0.199219 0.855469 0.200195 0.864258 0.203125 0.861328
0 0.979492 0.617188 0.981445 0.621094 0.988281 0.622070 0.984375 0.617188
0 0.216797 0.971680 0.219727 0.976562 0.226562 0.978516 0.224609 0.972656
0 0.076172 0.348633 0.081055 0.351562 0.086914 0.350586 0.085938 0.346680
0 0.020508 0.828125 0.020508 0.836914 0.025391 0.840820 0.025391 0.831055
0 0.170898 0.270508 0.170898 0.278320 0.174805 0.280273 0.174805 0.272461
0 0.125000 0.954102 0.118164 0.957031 0.116211 0.964844 0.118164 0.965820 0.123047 0.962891
0 0.340820 0.764648 0.334961 0.763672 0.330078 0.769531 0.336914 0.769531
0 0.024414 0.378906 0.025391 0.381836 0.033203 0.379883 0.030273 0.376953
0 0.577148 0.875977 0.575195 0.885742 0.578125 0.889648 0.580078 0.880859
0 0.942383 0.430664 0.943359 0.436523 0.947266 0.438477 0.947266 0.432617
0 0.811523 0.253906 0.813477 0.261719 0.821289 0.264648 0.820312 0.258789
0 0.167969 0.935547 0.162109 0.934570 0.157227 0.939453 0.165039 0.940430
0 0.141602 0.798828 0.142578 0.804688 0.148438 0.808594 0.146484 0.799805
0 0.175781 0.816406 0.173828 0.824219 0.174805 0.828125 0.177734 0.829102 0.180664 0.820312 0.178711 0.816406
0 0.670898 0.916992 0.669922 0.926758 0.674805 0.932617 0.676758 0.924805 0.673828 0.917969
0 0.569336 0.903320 0.564453 0.905273 0.563477 0.912109 0.568359 0.909180
0 0.118164 0.274414 0.120117 0.280273 0.124023 0.281250 0.124023 0.276367
0 0.487305 0.492188 0.480469 0.493164 0.478516 0.497070 0.484375 0.497070
0 0.618164 0.787109 0.611328 0.788086 0.609375 0.791992 0.617188 0.791016
0 0.375977 0.885742 0.376953 0.888672 0.384766 0.888672 0.382812 0.885742
0 0.873047 0.345703 0.870117 0.344727 0.865234 0.349609 0.872070 0.349609
0 0.840820 0.300781 0.833008 0.300781 0.829102 0.303711 0.829102 0.306641 0.835938 0.306641
0 0.117188 0.854492 0.109375 0.856445 0.107422 0.861328 0.114258 0.860352
0 0.902344 0.183594 0.899414 0.183594 0.897461 0.186523 0.898438 0.195312 0.902344 0.192383
0 0.526367 0.817383 0.522461 0.816406 0.516602 0.822266 0.523438 0.822266 0.526367 0.820312
0 0.198242 0.673828 0.204102 0.679688 0.209961 0.679688 0.213867 0.676758 0.209961 0.673828
0 0.048828 0.940430 0.042969 0.943359 0.041016 0.949219 0.042969 0.952148 0.046875 0.950195
0 0.955078 0.279297 0.948242 0.279297 0.945312 0.283203 0.953125 0.283203
0 0.415039 0.944336 0.412109 0.944336 0.410156 0.949219 0.413086 0.958008 0.416016 0.954102
0 0.048828 0.519531 0.041992 0.521484 0.039062 0.524414 0.039062 0.528320 0.045898 0.526367
0 0.109375 0.528320 0.110352 0.531250 0.119141 0.529297 0.118164 0.526367
0 0.599609 0.708008 0.599609 0.713867 0.601562 0.717773 0.604492 0.717773 0.605469 0.712891 0.602539 0.708008
0 0.320312 0.576172 0.312500 0.576172 0.310547 0.580078 0.317383 0.580078
0 0.276367 0.120117 0.277344 0.125000 0.283203 0.127930 0.282227 0.122070
0 0.766602 0.718750 0.760742 0.719727 0.757812 0.725586 0.764648 0.723633
0 0.496094 0.014648 0.498047 0.018555 0.507812 0.016602 0.506836 0.013672 0.502930 0.012695
0 0.701172 0.696289 0.703125 0.699219 0.709961 0.699219 0.707031 0.695312
0 0.256836 0.133789 0.254883 0.139648 0.258789 0.143555 0.260742 0.136719
0 0.931641 0.370117 0.926758 0.375000 0.927734 0.382812 0.932617 0.377930
0 0.140625 0.411133 0.134766 0.411133 0.129883 0.418945 0.137695 0.416992
0 0.497070 0.542969 0.491211 0.542969 0.488281 0.547852 0.496094 0.545898
0 0.351562 0.678711 0.352539 0.682617 0.359375 0.684570 0.357422 0.679688
0 0.042969 0.106445 0.037109 0.106445 0.034180 0.111328 0.039062 0.111328
0 0.533203 0.333984 0.536133 0.339844 0.541992 0.340820 0.541016 0.335938
0 0.035156 0.429688 0.030273 0.428711 0.025391 0.431641 0.031250 0.433594
0 0.267578 0.401367 0.268555 0.405273 0.277344 0.406250 0.275391 0.403320
0 0.672852 0.302734 0.674805 0.306641 0.682617 0.307617 0.682617 0.304688 0.679688 0.302734