0 0.817383 0.754883 0.822266 0.763672 0.827148 0.762695 0.822266 0.755859
0 0.444336 0.350586 0.447266 0.355469 0.454102 0.356445 0.452148 0.351562
0 0.168945 0.427734 0.167969 0.433594 0.171875 0.436523 0.172852 0.432617 0.170898 0.427734
0 0.958984 0.967773 0.959961 0.975586 0.965820 0.978516 0.964844 0.970703
0 0.716797 0.106445 0.721680 0.113281 0.727539 0.114258 0.728516 0.111328 0.725586 0.107422
0 0.759766 0.803711 0.759766 0.811523 0.763672 0.813477 0.763672 0.804688
0 0.505859 0.220703 0.513672 0.221680 0.516602 0.218750 0.509766 0.216797
0 0.577148 0.646484 0.574219 0.648438 0.575195 0.656250 0.579102 0.654297
0 0.623047 0.284180 0.618164 0.283203 0.613281 0.287109 0.620117 0.288086
0 0.655273 0.636719 0.657227 0.645508 0.661133 0.646484 0.660156 0.639648
0 0.589844 0.074219 0.583984 0.077148 0.583008 0.083008 0.589844 0.079102
0 0.795898 0.529297 0.787109 0.530273 0.784180 0.536133 0.792969 0.535156
0 0.551758 0.465820 0.551758 0.468750 0.554688 0.470703 0.563477 0.469727 0.557617 0.464844
0 0.080078 0.330078 0.083008 0.335938 0.090820 0.335938 0.087891 0.332031
0 0.421875 0.672852 0.422852 0.677734 0.427734 0.681641 0.426758 0.674805
0 0.625000 0.541016 0.625977 0.542969 0.632812 0.541992 0.631836 0.539062
0 0.625000 0.133789 0.618164 0.134766 0.616211 0.138672 0.624023 0.137695
0 0.348633 0.123047 0.348633 0.125977 0.351562 0.127930 0.359375 0.127930 0.353516 0.122070
0 0.379883 0.194336 0.379883 0.199219 0.387695 0.203125 0.386719 0.198242
0 0.551758 0.601562 0.549805 0.607422 0.551758 0.612305 0.553711 0.612305 0.554688 0.603516
0 0.392578 0.654297 0.386719 0.657227 0.385742 0.664062 0.391602 0.660156
0 0.547852 0.484375 0.546875 0.489258 0.551758 0.494141 0.551758 0.486328
0 0.585938 0.860352 0.589844 0.865234 0.597656 0.865234 0.592773 0.860352
0 0.378906 0.270508 0.379883 0.276367 0.387695 0.281250 0.386719 0.274414
0 0.458008 0.583008 0.456055 0.584961 0.457031 0.587891 0.462891 0.592773 0.461914 0.584961
0 0.674805 0.517578 0.668945 0.519531 0.666992 0.528320 0.672852 0.525391
0 0.676758 0.485352 0.674805 0.484375 0.669922 0.487305 0.666992 0.496094 0.673828 0.493164
0 0.330078 0.341797 0.320312 0.342773 0.317383 0.348633 0.325195 0.348633
0 0.577148 0.834961 0.576172 0.841797 0.580078 0.845703 0.581055 0.837891
0 0.631836 0.183594 0.633789 0.186523 0.639648 0.187500 0.637695 0.183594
0 0.506836 0.551758 0.505859 0.562500 0.508789 0.564453 0.510742 0.552734
0 0.918945 0.598633 0.918945 0.601562 0.922852 0.603516 0.927734 0.602539 0.922852 0.598633
0 0.864258 0.059570 0.864258 0.064453 0.869141 0.069336 0.870117 0.063477
0 0.751953 0.034180 0.751953 0.040039 0.758789 0.043945 0.757812 0.036133
0 0.124023 0.507812 0.124023 0.515625 0.126953 0.516602 0.127930 0.512695
0 0.839844 0.501953 0.844727 0.502930 0.849609 0.498047 0.841797 0.498047
0 0.402344 0.041992 0.405273 0.048828 0.410156 0.048828 0.409180 0.043945
0 0.583008 0.676758 0.583984 0.682617 0.588867 0.684570 0.587891 0.676758
0 0.537109 0.125000 0.539062 0.132812 0.543945 0.136719 0.543945 0.128906
0 0.069336 0.853516 0.069336 0.863281 0.072266 0.866211 0.074219 0.864258 0.074219 0.857422
0 0.828125 0.762695 0.833984 0.769531 0.839844 0.769531 0.837891 0.763672
0 0.296875 0.220703 0.297852 0.228516 0.302734 0.230469 0.300781 0.222656
0 0.261719 0.386719 0.266602 0.391602 0.272461 0.390625 0.268555 0.385742
0 0.692383 0.520508 0.694336 0.525391 0.703125 0.525391 0.698242 0.520508