0 0.275391 0.982422 0.272461 0.982422 0.270508 0.985352 0.270508 0.995117 0.274414 0.993164 0.276367 0.988281
0 0.776367 0.589844 0.774414 0.600586 0.778320 0.602539 0.780273 0.591797
0 0.973633 0.136719 0.975586 0.144531 0.980469 0.147461 0.978516 0.137695
0 0.329102 0.772461 0.327148 0.780273 0.331055 0.782227 0.332031 0.772461
0 0.526367 0.913086 0.522461 0.911133 0.518555 0.912109 0.517578 0.915039 0.524414 0.916016
0 0.586914 0.515625 0.589844 0.520508 0.596680 0.521484 0.594727 0.516602
0 0.423828 0.023438 0.417969 0.026367 0.417969 0.032227 0.422852 0.029297
0 0.747070 0.380859 0.749023 0.387695 0.754883 0.390625 0.752930 0.382812
0 0.189453 0.278320 0.192383 0.283203 0.199219 0.284180 0.197266 0.279297
0 0.832031 0.130859 0.826172 0.131836 0.824219 0.135742 0.831055 0.134766
0 0.953125 0.510742 0.951172 0.517578 0.953125 0.521484 0.956055 0.521484 0.957031 0.515625
0 0.494141 0.757812 0.490234 0.758789 0.490234 0.768555 0.494141 0.764648
0 0.915039 0.665039 0.907227 0.666016 0.905273 0.670898 0.913086 0.669922
0 0.659180 0.414062 0.662109 0.416992 0.669922 0.416016 0.666992 0.412109
0 0.944336 0.532227 0.943359 0.534180 0.946289 0.538086 0.953125 0.538086 0.949219 0.533203
0 0.329102 0.965820 0.322266 0.966797 0.319336 0.973633 0.327148 0.972656
0 0.009766 0.916992 0.007812 0.924805 0.011719 0.930664 0.014648 0.927734 0.014648 0.923828
0 0.837891 0.372070 0.839844 0.378906 0.844727 0.379883 0.843750 0.375000
0 0.624023 0.835938 0.632812 0.837891 0.635742 0.833984 0.628906 0.832031
0 0.948242 0.935547 0.956055 0.936523 0.961914 0.932617 0.954102 0.930664
0 0.787109 0.721680 0.782227 0.720703 0.777344 0.726562 0.785156 0.725586
0 0.085938 0.970703 0.085938 0.976562 0.090820 0.979492 0.089844 0.971680
0 0.083984 0.649414 0.082031 0.647461 0.077148 0.649414 0.074219 0.657227 0.081055 0.655273
0 0.071289 0.252930 0.074219 0.256836 0.082031 0.256836 0.081055 0.252930
0 0.782227 0.060547 0.776367 0.062500 0.774414 0.068359 0.778320 0.068359
0 0.352539 0.093750 0.347656 0.096680 0.347656 0.103516 0.352539 0.100586