0 0.309570 0.735352 0.305664 0.740234 0.306641 0.748047 0.311523 0.744141
0 0.234375 0.708984 0.232422 0.713867 0.235352 0.719727 0.237305 0.712891
0 0.603516 0.637695 0.606445 0.643555 0.612305 0.644531 0.610352 0.639648
0 0.510742 0.948242 0.516602 0.951172 0.523438 0.950195 0.521484 0.946289
0 0.847656 0.175781 0.841797 0.174805 0.834961 0.182617 0.844727 0.180664
0 0.788086 0.504883 0.791992 0.508789 0.798828 0.507812 0.795898 0.503906
0 0.972656 0.020508 0.967773 0.021484 0.963867 0.029297 0.970703 0.027344
0 0.807617 0.156250 0.803711 0.157227 0.802734 0.165039 0.807617 0.163086
0 0.646484 0.465820 0.645508 0.470703 0.651367 0.477539 0.651367 0.468750
0 0.289062 0.341797 0.283203 0.343750 0.282227 0.353516 0.289062 0.347656
0 0.433594 0.511719 0.426758 0.511719 0.422852 0.516602 0.430664 0.516602 0.433594 0.514648
0 0.774414 0.853516 0.778320 0.857422 0.785156 0.856445 0.785156 0.853516 0.782227 0.851562
0 0.886719 0.444336 0.881836 0.443359 0.875977 0.449219 0.881836 0.449219
0 0.048828 0.754883 0.050781 0.763672 0.054688 0.765625 0.054688 0.758789
0 0.116211 0.480469 0.118164 0.486328 0.126953 0.489258 0.124023 0.482422
0 0.263672 0.046875 0.263672 0.055664 0.266602 0.057617 0.267578 0.047852
0 0.973633 0.223633 0.975586 0.226562 0.982422 0.224609 0.982422 0.222656
0 0.356445 0.648438 0.355469 0.655273 0.358398 0.658203 0.359375 0.649414
0 0.349609 0.160156 0.351562 0.167969 0.360352 0.171875 0.359375 0.166016
0 0.406250 0.661133 0.401367 0.666016 0.402344 0.671875 0.406250 0.667969
0 0.747070 0.951172 0.746094 0.957031 0.750000 0.960938 0.750977 0.955078
0 0.270508 0.794922 0.265625 0.794922 0.261719 0.802734 0.268555 0.800781
0 0.668945 0.745117 0.665039 0.748047 0.666016 0.755859 0.667969 0.755859 0.669922 0.750977
0 0.903320 0.305664 0.899414 0.308594 0.901367 0.318359 0.904297 0.314453
0 0.538086 0.060547 0.533203 0.062500 0.531250 0.068359 0.537109 0.066406
0 0.346680 0.214844 0.344727 0.212891 0.339844 0.213867 0.335938 0.218750 0.343750 0.217773
0 0.041016 0.343750 0.041016 0.347656 0.047852 0.351562 0.047852 0.347656
0 0.070312 0.727539 0.066406 0.730469 0.067383 0.738281 0.069336 0.738281 0.071289 0.733398
0 0.375000 0.942383 0.369141 0.943359 0.367188 0.947266 0.374023 0.946289
0 0.243164 0.743164 0.239258 0.744141 0.240234 0.753906 0.243164 0.750000
0 0.095703 0.244141 0.091797 0.248047 0.093750 0.254883 0.096680 0.248047
0 0.804688 0.441406 0.809570 0.442383 0.814453 0.439453 0.806641 0.438477
0 0.882812 0.822266 0.884766 0.827148 0.895508 0.826172 0.895508 0.823242
0 0.677734 0.842773 0.669922 0.842773 0.666016 0.846680 0.675781 0.846680
0 0.106445 0.746094 0.105469 0.755859 0.108398 0.759766 0.111328 0.751953 0.109375 0.747070
0 0.226562 0.253906 0.224609 0.253906 0.221680 0.260742 0.223633 0.263672 0.226562 0.260742
0 0.844727 0.091797 0.847656 0.094727 0.856445 0.092773 0.854492 0.089844
0 0.280273 0.283203 0.287109 0.284180 0.291016 0.280273 0.282227 0.279297
0 0.795898 0.060547 0.794922 0.065430 0.798828 0.068359 0.798828 0.061523
0 0.807617 0.750000 0.799805 0.750000 0.797852 0.753906 0.805664 0.753906
0 0.678711 0.917969 0.679688 0.921875 0.689453 0.921875 0.685547 0.917969
0 0.022461 0.029297 0.017578 0.028320 0.011719 0.034180 0.017578 0.034180
0 0.029297 0.274414 0.024414 0.273438 0.018555 0.281250 0.024414 0.281250
0 0.452148 0.657227 0.449219 0.664062 0.453125 0.669922 0.454102 0.662109
0 0.229492 0.065430 0.224609 0.066406 0.221680 0.073242 0.224609 0.073242 0.229492 0.068359
0 0.627930 0.758789 0.627930 0.766602 0.632812 0.769531 0.632812 0.762695
0 0.141602 0.328125 0.134766 0.328125 0.130859 0.330078 0.129883 0.333984 0.136719 0.334961 0.141602 0.331055