0 0.606445 0.793945 0.614258 0.796875 0.617188 0.795898 0.618164 0.791016 0.612305 0.790039
0 0.378906 0.303711 0.380859 0.307617 0.388672 0.307617 0.386719 0.303711
0 0.877930 0.597656 0.874023 0.598633 0.873047 0.606445 0.876953 0.604492
0 0.506836 0.469727 0.499023 0.473633 0.498047 0.480469 0.502930 0.479492 0.507812 0.474609
0 0.582031 0.682617 0.577148 0.681641 0.572266 0.686523 0.580078 0.685547
0 0.607422 0.488281 0.607422 0.494141 0.613281 0.500000 0.614258 0.494141
0 0.603516 0.516602 0.605469 0.520508 0.615234 0.519531 0.614258 0.516602 0.608398 0.514648
0 0.619141 0.620117 0.613281 0.621094 0.610352 0.626953 0.618164 0.625977
0 0.658203 0.932617 0.650391 0.931641 0.647461 0.936523 0.654297 0.936523
0 0.962891 0.865234 0.964844 0.870117 0.970703 0.871094 0.966797 0.865234
0 0.392578 0.340820 0.391602 0.343750 0.398438 0.348633 0.398438 0.343750
0 0.019531 0.944336 0.017578 0.954102 0.018555 0.957031 0.021484 0.957031 0.023438 0.946289
0 0.412109 0.924805 0.415039 0.929688 0.424805 0.929688 0.419922 0.924805
0 0.110352 0.538086 0.118164 0.538086 0.120117 0.533203 0.114258 0.533203 0.110352 0.535156
0 0.944336 0.503906 0.944336 0.510742 0.949219 0.514648 0.949219 0.505859
0 0.253906 0.927734 0.256836 0.933594 0.265625 0.935547 0.262695 0.929688
0 0.958008 0.351562 0.961914 0.356445 0.968750 0.356445 0.964844 0.351562
0 0.178711 0.010742 0.173828 0.014648 0.174805 0.023438 0.179688 0.018555
0 0.311523 0.509766 0.312500 0.512695 0.321289 0.512695 0.317383 0.508789
0 0.848633 0.724609 0.849609 0.733398 0.853516 0.735352 0.854492 0.729492 0.851562 0.724609
0 0.197266 0.569336 0.203125 0.570312 0.208008 0.566406 0.200195 0.565430
0 0.312500 0.377930 0.312500 0.387695 0.316406 0.388672 0.316406 0.379883
0 0.547852 0.217773 0.548828 0.228516 0.552734 0.231445 0.552734 0.220703
0 0.925781 0.420898 0.919922 0.421875 0.917969 0.427734 0.921875 0.426758
0 0.915039 0.153320 0.915039 0.159180 0.919922 0.163086 0.920898 0.157227
0 0.430664 0.147461 0.430664 0.154297 0.433594 0.157227 0.434570 0.148438
0 0.376953 0.620117 0.369141 0.622070 0.368164 0.626953 0.375977 0.624023
0 0.170898 0.915039 0.166992 0.919922 0.167969 0.927734 0.170898 0.927734 0.172852 0.923828
0 0.674805 0.108398 0.676758 0.111328 0.686523 0.111328 0.685547 0.107422
0 0.508789 0.018555 0.512695 0.023438 0.516602 0.023438 0.515625 0.019531
0 0.175781 0.466797 0.176758 0.474609 0.182617 0.477539 0.180664 0.467773
0 0.814453 0.675781 0.816406 0.683594 0.823242 0.685547 0.822266 0.679688
0 0.971680 0.010742 0.967773 0.012695 0.968750 0.022461 0.971680 0.018555
0 0.695312 0.790039 0.689453 0.791992 0.688477 0.800781 0.692383 0.798828
0 0.207031 0.747070 0.201172 0.747070 0.198242 0.753906 0.205078 0.751953
0 0.052734 0.415039 0.048828 0.417969 0.049805 0.425781 0.053711 0.419922
0 0.172852 0.586914 0.166992 0.586914 0.163086 0.593750 0.170898 0.591797
0 0.898438 0.348633 0.895508 0.349609 0.897461 0.360352 0.899414 0.356445
0 0.156250 0.106445 0.156250 0.109375 0.159180 0.111328 0.166992 0.111328 0.163086 0.106445
0 0.207031 0.642578 0.214844 0.647461 0.220703 0.646484 0.219727 0.642578 0.214844 0.640625
0 0.729492 0.033203 0.730469 0.036133 0.739258 0.034180 0.738281 0.031250
0 0.460938 0.843750 0.463867 0.847656 0.470703 0.847656 0.468750 0.843750
0 0.593750 0.087891 0.595703 0.094727 0.602539 0.096680 0.598633 0.088867
0 0.442383 0.479492 0.440430 0.485352 0.441406 0.489258 0.444336 0.490234 0.446289 0.482422 0.445312 0.479492
0 0.384766 0.500000 0.379883 0.503906 0.380859 0.511719 0.384766 0.506836
0 0.623047 0.901367 0.616211 0.902344 0.612305 0.909180 0.620117 0.908203
0 0.516602 0.265625 0.510742 0.269531 0.509766 0.275391 0.515625 0.273438
0 0.500977 0.974609 0.496094 0.977539 0.495117 0.983398 0.500000 0.981445
0 0.694336 0.912109 0.694336 0.917969 0.697266 0.920898 0.698242 0.915039
0 0.833008 0.079102 0.828125 0.081055 0.828125 0.090820 0.833008 0.085938
0 0.884766 0.408203 0.887695 0.414062 0.896484 0.415039 0.893555 0.410156
0 0.635742 0.012695 0.628906 0.011719 0.623047 0.016602 0.632812 0.017578
0 0.115234 0.839844 0.112305 0.840820 0.111328 0.847656 0.114258 0.846680
0 0.246094 0.969727 0.250000 0.974609 0.254883 0.973633 0.251953 0.969727
0 0.448242 0.217773 0.441406 0.218750 0.439453 0.222656 0.446289 0.222656
0 0.484375 0.682617 0.480469 0.683594 0.478516 0.689453 0.483398 0.687500
0 0.565430 0.541992 0.564453 0.546875 0.572266 0.550781 0.570312 0.544922
0 0.735352 0.679688 0.736328 0.682617 0.743164 0.683594 0.747070 0.681641 0.743164 0.677734
0 0.510742 0.238281 0.518555 0.239258 0.523438 0.235352 0.512695 0.234375
0 0.222656 0.238281 0.218750 0.243164 0.219727 0.250000 0.221680 0.250000 0.224609 0.243164
0 0.903320 0.968750 0.903320 0.975586 0.907227 0.978516 0.907227 0.969727
0 0.111328 0.196289 0.104492 0.197266 0.102539 0.201172 0.110352 0.200195
0 0.667969 0.157227 0.661133 0.160156 0.659180 0.167969 0.667969 0.163086
0 0.672852 0.689453 0.666992 0.689453 0.663086 0.696289 0.669922 0.695312
0 0.223633 0.202148 0.216797 0.205078 0.216797 0.210938 0.221680 0.208008
0 0.714844 0.110352 0.710938 0.111328 0.708984 0.117188 0.713867 0.115234
0 0.605469 0.096680 0.604492 0.104492 0.606445 0.107422 0.609375 0.107422 0.608398 0.098633