0 0.175781 0.936523 0.185547 0.937500 0.188477 0.933594 0.180664 0.932617
0 0.499023 0.626953 0.497070 0.633789 0.500977 0.637695 0.501953 0.628906
0 0.034180 0.335938 0.033203 0.342773 0.036133 0.346680 0.039062 0.346680 0.038086 0.338867
0 0.942383 0.939453 0.945312 0.944336 0.953125 0.944336 0.949219 0.939453
0 0.721680 0.804688 0.713867 0.804688 0.711914 0.809570 0.716797 0.809570
0 0.504883 0.335938 0.498047 0.338867 0.496094 0.341797 0.497070 0.345703 0.503906 0.342773
0 0.858398 0.165039 0.858398 0.169922 0.863281 0.173828 0.863281 0.167969 0.861328 0.165039
0 0.679688 0.377930 0.677734 0.379883 0.677734 0.386719 0.680664 0.389648 0.682617 0.380859
0 0.834961 0.892578 0.828125 0.893555 0.825195 0.901367 0.832031 0.899414 0.834961 0.896484
0 0.356445 0.636719 0.352539 0.636719 0.348633 0.644531 0.352539 0.643555
0 0.736328 0.056641 0.730469 0.057617 0.727539 0.064453 0.734375 0.061523
0 0.479492 0.073242 0.474609 0.072266 0.469727 0.077148 0.476562 0.078125
0 0.374023 0.674805 0.369141 0.677734 0.368164 0.681641 0.370117 0.684570 0.374023 0.679688
0 0.062500 0.812500 0.056641 0.814453 0.055664 0.822266 0.061523 0.818359
0 0.625000 0.360352 0.625000 0.363281 0.627930 0.365234 0.637695 0.363281 0.632812 0.359375
0 0.574219 0.539062 0.570312 0.539062 0.568359 0.542969 0.569336 0.548828 0.573242 0.545898
0 0.832031 0.640625 0.829102 0.641602 0.829102 0.649414 0.832031 0.647461
0 0.958008 0.022461 0.954102 0.027344 0.954102 0.033203 0.957031 0.037109 0.959961 0.030273
0 0.015625 0.061523 0.016602 0.069336 0.023438 0.073242 0.022461 0.065430
0 0.669922 0.010742 0.668945 0.016602 0.672852 0.021484 0.674805 0.016602 0.672852 0.011719
0 0.551758 0.038086 0.546875 0.040039 0.545898 0.047852 0.550781 0.044922
0 0.599609 0.681641 0.604492 0.685547 0.613281 0.686523 0.613281 0.682617 0.607422 0.679688
0 0.966797 0.484375 0.967773 0.492188 0.972656 0.495117 0.971680 0.487305
0 0.284180 0.697266 0.285156 0.703125 0.291992 0.707031 0.290039 0.699219
0 0.359375 0.283203 0.353516 0.282227 0.349609 0.287109 0.355469 0.287109
0 0.616211 0.954102 0.620117 0.958984 0.625977 0.958008 0.623047 0.954102
0 0.687500 0.821289 0.683594 0.823242 0.682617 0.831055 0.685547 0.830078 0.688477 0.824219
0 0.798828 0.377930 0.791992 0.377930 0.789062 0.383789 0.796875 0.381836
0 0.311523 0.445312 0.311523 0.452148 0.315430 0.456055 0.315430 0.446289
0 0.213867 0.198242 0.211914 0.206055 0.216797 0.210938 0.217773 0.202148
0 0.844727 0.398438 0.834961 0.399414 0.832031 0.406250 0.838867 0.406250
0 0.830078 0.572266 0.837891 0.574219 0.842773 0.571289 0.839844 0.568359 0.835938 0.568359
0 0.733398 0.715820 0.734375 0.720703 0.739258 0.723633 0.738281 0.716797
0 0.499023 0.131836 0.495117 0.134766 0.495117 0.141602 0.498047 0.141602 0.500000 0.137695
0 0.289062 0.641602 0.285156 0.642578 0.284180 0.651367 0.288086 0.649414
0 0.802734 0.084961 0.796875 0.084961 0.794922 0.087891 0.801758 0.087891
0 0.475586 0.937500 0.479492 0.941406 0.487305 0.939453 0.487305 0.937500 0.482422 0.935547
0 0.177734 0.715820 0.173828 0.718750 0.173828 0.726562 0.178711 0.722656
0 0.501953 0.795898 0.503906 0.798828 0.510742 0.796875 0.509766 0.793945
0 0.025391 0.122070 0.028320 0.125977 0.035156 0.125000 0.033203 0.121094
0 0.458984 0.379883 0.460938 0.386719 0.466797 0.389648 0.465820 0.382812
0 0.059570 0.866211 0.055664 0.868164 0.054688 0.875977 0.058594 0.875000
0 0.529297 0.270508 0.522461 0.270508 0.519531 0.276367 0.525391 0.275391
0 0.382812 0.682617 0.386719 0.685547 0.393555 0.684570 0.391602 0.681641
0 0.011719 0.637695 0.012695 0.646484 0.016602 0.650391 0.019531 0.649414 0.017578 0.640625
0 0.144531 0.233398 0.141602 0.231445 0.136719 0.232422 0.132812 0.235352 0.132812 0.238281 0.141602 0.237305
0 0.542969 0.577148 0.547852 0.577148 0.550781 0.573242 0.544922 0.573242
0 0.455078 0.077148 0.458008 0.082031 0.464844 0.083008 0.463867 0.079102
0 0.071289 0.157227 0.076172 0.158203 0.081055 0.153320 0.075195 0.153320