0 0.623047 0.211914 0.618164 0.212891 0.615234 0.218750 0.622070 0.216797
0 0.126953 0.966797 0.125000 0.969727 0.125977 0.975586 0.130859 0.980469 0.131836 0.970703
0 0.213867 0.170898 0.210938 0.174805 0.212891 0.181641 0.215820 0.176758
0 0.589844 0.702148 0.596680 0.704102 0.601562 0.700195 0.594727 0.698242
0 0.928711 0.619141 0.923828 0.620117 0.919922 0.624023 0.919922 0.627930 0.926758 0.625977
0 0.697266 0.936523 0.693359 0.939453 0.693359 0.948242 0.698242 0.944336
0 0.169922 0.734375 0.170898 0.738281 0.179688 0.738281 0.174805 0.734375
0 0.523438 0.097656 0.525391 0.104492 0.533203 0.107422 0.531250 0.100586
0 0.771484 0.901367 0.764648 0.902344 0.762695 0.909180 0.768555 0.907227
0 0.616211 0.822266 0.612305 0.824219 0.612305 0.832031 0.614258 0.833984 0.617188 0.829102
0 0.977539 0.728516 0.976562 0.735352 0.980469 0.741211 0.983398 0.741211 0.982422 0.731445 0.980469 0.728516
0 0.243164 0.218750 0.246094 0.223633 0.252930 0.224609 0.250000 0.218750
0 0.887695 0.496094 0.891602 0.501953 0.898438 0.501953 0.895508 0.497070
0 0.478516 0.315430 0.478516 0.318359 0.482422 0.321289 0.490234 0.320312 0.485352 0.315430
0 0.081055 0.636719 0.077148 0.637695 0.074219 0.641602 0.074219 0.647461 0.079102 0.646484
0 0.513672 0.970703 0.513672 0.977539 0.516602 0.981445 0.520508 0.982422 0.519531 0.974609
0 0.396484 0.594727 0.396484 0.597656 0.400391 0.600586 0.408203 0.599609 0.403320 0.594727
0 0.548828 0.469727 0.547852 0.477539 0.550781 0.480469 0.552734 0.472656 0.551758 0.469727
0 0.629883 0.874023 0.630859 0.877930 0.636719 0.878906 0.639648 0.876953 0.633789 0.873047
0 0.831055 0.259766 0.832031 0.262695 0.840820 0.261719 0.839844 0.258789
0 0.230469 0.566406 0.222656 0.566406 0.217773 0.572266 0.226562 0.572266
0 0.512695 0.531250 0.512695 0.538086 0.518555 0.541016 0.517578 0.535156
0 0.136719 0.288086 0.141602 0.291992 0.148438 0.291016 0.141602 0.286133
0 0.178711 0.218750 0.180664 0.221680 0.188477 0.219727 0.188477 0.216797
0 0.232422 0.020508 0.224609 0.020508 0.222656 0.025391 0.227539 0.025391
0 0.674805 0.608398 0.669922 0.608398 0.666016 0.614258 0.672852 0.613281
0 0.513672 0.483398 0.512695 0.491211 0.516602 0.494141 0.517578 0.488281
0 0.652344 0.476562 0.647461 0.476562 0.643555 0.483398 0.651367 0.480469
0 0.761719 0.977539 0.756836 0.979492 0.756836 0.986328 0.761719 0.982422
0 0.049805 0.601562 0.043945 0.602539 0.041016 0.607422 0.048828 0.605469
0 0.866211 0.096680 0.866211 0.100586 0.869141 0.103516 0.877930 0.105469 0.876953 0.100586 0.871094 0.096680
0 0.917969 0.656250 0.916992 0.664062 0.920898 0.666016 0.921875 0.660156
0 0.388672 0.794922 0.384766 0.796875 0.385742 0.804688 0.389648 0.800781
0 0.187500 0.270508 0.182617 0.272461 0.181641 0.279297 0.187500 0.275391
0 0.577148 0.530273 0.576172 0.541016 0.579102 0.541992 0.581055 0.531250
0 0.634766 0.557617 0.631836 0.557617 0.629883 0.560547 0.629883 0.569336 0.633789 0.566406
0 0.520508 0.638672 0.515625 0.640625 0.515625 0.647461 0.519531 0.644531
0 0.371094 0.702148 0.369141 0.704102 0.371094 0.709961 0.377930 0.713867 0.376953 0.706055
0 0.566406 0.965820 0.560547 0.966797 0.557617 0.971680 0.566406 0.970703
0 0.848633 0.814453 0.849609 0.822266 0.854492 0.823242 0.853516 0.818359
0 0.766602 0.319336 0.766602 0.324219 0.771484 0.327148 0.771484 0.322266
0 0.254883 0.014648 0.246094 0.014648 0.244141 0.020508 0.252930 0.018555
0 0.696289 0.402344 0.691406 0.403320 0.687500 0.410156 0.695312 0.407227
0 0.424805 0.484375 0.424805 0.487305 0.428711 0.489258 0.435547 0.488281 0.431641 0.484375
0 0.321289 0.085938 0.315430 0.087891 0.312500 0.092773 0.313477 0.095703 0.321289 0.090820
0 0.775391 0.681641 0.769531 0.681641 0.766602 0.684570 0.766602 0.688477 0.771484 0.687500
0 0.577148 0.255859 0.570312 0.258789 0.568359 0.266602 0.572266 0.266602 0.576172 0.262695
0 0.387695 0.510742 0.393555 0.510742 0.396484 0.506836 0.390625 0.505859 0.387695 0.507812
0 0.666992 0.139648 0.666992 0.146484 0.670898 0.150391 0.671875 0.142578
0 0.073242 0.403320 0.066406 0.409180 0.067383 0.417969 0.072266 0.414062
0 0.106445 0.045898 0.099609 0.047852 0.095703 0.054688 0.103516 0.052734
0 0.625977 0.541992 0.620117 0.545898 0.619141 0.551758 0.625000 0.549805 0.626953 0.546875
0 0.261719 0.082031 0.267578 0.087891 0.273438 0.086914 0.268555 0.082031
0 0.579102 0.218750 0.580078 0.221680 0.588867 0.221680 0.588867 0.217773
0 0.690430 0.809570 0.684570 0.812500 0.683594 0.818359 0.688477 0.816406
0 0.811523 0.905273 0.806641 0.907227 0.805664 0.913086 0.810547 0.911133
0 0.716797 0.407227 0.718750 0.412109 0.724609 0.413086 0.722656 0.408203
0 0.168945 0.839844 0.171875 0.843750 0.178711 0.843750 0.176758 0.839844
0 0.583008 0.948242 0.585938 0.952148 0.592773 0.952148 0.587891 0.947266
0 0.963867 0.048828 0.962891 0.050781 0.965820 0.054688 0.975586 0.056641 0.975586 0.053711 0.970703 0.049805
0 0.345703 0.930664 0.347656 0.938477 0.352539 0.941406 0.351562 0.933594
0 0.327148 0.145508 0.328125 0.154297 0.332031 0.157227 0.332031 0.148438
0 0.972656 0.511719 0.974609 0.516602 0.980469 0.517578 0.978516 0.512695
0 0.910156 0.916992 0.906250 0.917969 0.905273 0.927734 0.910156 0.923828