0 0.127930 0.079102 0.122070 0.078125 0.117188 0.083984 0.123047 0.083984
0 0.488281 0.298828 0.492188 0.303711 0.500000 0.303711 0.494141 0.297852
0 0.989258 0.105469 0.983398 0.110352 0.983398 0.119141 0.988281 0.116211
0 0.241211 0.908203 0.245117 0.915039 0.251953 0.915039 0.248047 0.909180
0 0.589844 0.771484 0.594727 0.776367 0.599609 0.774414 0.596680 0.770508
0 0.457031 0.230469 0.458984 0.239258 0.463867 0.241211 0.462891 0.233398
0 0.679688 0.723633 0.677734 0.732422 0.681641 0.735352 0.682617 0.725586
0 0.359375 0.541016 0.355469 0.541992 0.352539 0.547852 0.357422 0.545898
0 0.124023 0.858398 0.118164 0.861328 0.117188 0.870117 0.122070 0.867188
0 0.720703 0.090820 0.722656 0.099609 0.728516 0.103516 0.727539 0.094727
0 0.140625 0.033203 0.142578 0.038086 0.149414 0.040039 0.146484 0.034180
0 0.770508 0.786133 0.764648 0.791016 0.764648 0.796875 0.766602 0.797852 0.770508 0.793945
0 0.582031 0.688477 0.583984 0.692383 0.592773 0.694336 0.590820 0.689453
0 0.795898 0.575195 0.796875 0.579102 0.805664 0.579102 0.803711 0.575195
0 0.376953 0.767578 0.380859 0.773438 0.386719 0.774414 0.383789 0.768555
0 0.692383 0.361328 0.699219 0.361328 0.702148 0.357422 0.695312 0.357422
0 0.943359 0.508789 0.950195 0.508789 0.955078 0.505859 0.955078 0.502930 0.947266 0.502930 0.943359 0.504883
0 0.576172 0.260742 0.577148 0.268555 0.583984 0.272461 0.583984 0.265625
0 0.770508 0.958984 0.775391 0.963867 0.781250 0.963867 0.781250 0.960938 0.778320 0.958984
0 0.330078 0.975586 0.333984 0.979492 0.339844 0.980469 0.339844 0.976562
0 0.499023 0.083008 0.496094 0.083008 0.494141 0.086914 0.495117 0.093750 0.500000 0.087891
0 0.550781 0.871094 0.547852 0.871094 0.544922 0.875000 0.543945 0.885742 0.550781 0.878906
0 0.856445 0.594727 0.851562 0.597656 0.851562 0.604492 0.855469 0.602539
0 0.261719 0.068359 0.263672 0.073242 0.270508 0.075195 0.266602 0.068359
0 0.621094 0.969727 0.624023 0.975586 0.628906 0.976562 0.625977 0.969727