0 0.716797 0.981445 0.724609 0.981445 0.729492 0.977539 0.721680 0.976562
0 0.817383 0.772461 0.817383 0.778320 0.821289 0.783203 0.824219 0.783203 0.822266 0.774414
0 0.292969 0.235352 0.291016 0.242188 0.293945 0.248047 0.295898 0.248047 0.296875 0.240234
0 0.981445 0.885742 0.985352 0.891602 0.991211 0.893555 0.993164 0.891602 0.991211 0.886719 0.987305 0.884766
0 0.051758 0.968750 0.050781 0.977539 0.052734 0.981445 0.055664 0.981445 0.056641 0.973633
0 0.553711 0.327148 0.549805 0.329102 0.547852 0.335938 0.552734 0.334961
0 0.936523 0.652344 0.930664 0.656250 0.929688 0.664062 0.931641 0.665039 0.937500 0.658203
0 0.930664 0.118164 0.922852 0.119141 0.919922 0.125000 0.927734 0.124023
0 0.640625 0.827148 0.644531 0.833008 0.650391 0.833984 0.649414 0.829102
0 0.039062 0.197266 0.040039 0.203125 0.045898 0.207031 0.044922 0.199219
0 0.597656 0.168945 0.589844 0.169922 0.585938 0.176758 0.595703 0.174805
0 0.697266 0.293945 0.696289 0.298828 0.701172 0.304688 0.702148 0.298828
0 0.066406 0.083984 0.068359 0.089844 0.075195 0.091797 0.070312 0.083984
0 0.082031 0.336914 0.078125 0.336914 0.075195 0.339844 0.073242 0.346680 0.080078 0.342773
0 0.721680 0.245117 0.715820 0.250977 0.715820 0.257812 0.721680 0.254883
0 0.831055 0.813477 0.838867 0.813477 0.840820 0.808594 0.834961 0.808594 0.831055 0.810547
0 0.929688 0.080078 0.922852 0.083984 0.920898 0.091797 0.928711 0.087891
0 0.485352 0.339844 0.479492 0.341797 0.476562 0.350586 0.484375 0.346680
0 0.830078 0.361328 0.828125 0.363281 0.828125 0.371094 0.832031 0.374023 0.833008 0.363281
0 0.744141 0.703125 0.748047 0.715820 0.750977 0.715820 0.749023 0.704102
0 0.705078 0.036133 0.705078 0.040039 0.710938 0.044922 0.710938 0.039062
0 0.952148 0.495117 0.951172 0.500977 0.956055 0.505859 0.956055 0.499023
0 0.096680 0.107422 0.092773 0.108398 0.090820 0.115234 0.095703 0.113281
0 0.350586 0.667969 0.352539 0.673828 0.358398 0.674805 0.355469 0.668945
0 0.655273 0.966797 0.656250 0.971680 0.663086 0.975586 0.663086 0.970703
0 0.588867 0.824219 0.596680 0.825195 0.602539 0.820312 0.593750 0.819336
0 0.137695 0.638672 0.137695 0.641602 0.147461 0.644531 0.145508 0.639648
0 0.683594 0.320312 0.685547 0.327148 0.691406 0.330078 0.690430 0.323242
0 0.144531 0.881836 0.153320 0.881836 0.157227 0.876953 0.146484 0.876953
0 0.758789 0.824219 0.759766 0.827148 0.768555 0.829102 0.766602 0.824219
0 0.277344 0.803711 0.271484 0.803711 0.267578 0.810547 0.275391 0.808594
0 0.118164 0.625000 0.110352 0.625000 0.108398 0.629883 0.113281 0.629883
0 0.199219 0.307617 0.194336 0.302734 0.188477 0.304688 0.192383 0.308594
0 0.104492 0.944336 0.103516 0.948242 0.105469 0.953125 0.107422 0.953125 0.108398 0.947266
0 0.196289 0.929688 0.190430 0.932617 0.189453 0.940430 0.195312 0.937500
0 0.250000 0.091797 0.245117 0.095703 0.246094 0.103516 0.250000 0.099609
0 0.176758 0.194336 0.176758 0.199219 0.182617 0.203125 0.181641 0.197266
0 0.983398 0.329102 0.984375 0.338867 0.987305 0.338867 0.987305 0.331055
0 0.820312 0.756836 0.825195 0.761719 0.832031 0.761719 0.832031 0.758789 0.828125 0.755859
0 0.833984 0.165039 0.831055 0.165039 0.828125 0.169922 0.829102 0.175781 0.833984 0.170898
0 0.209961 0.929688 0.204102 0.932617 0.203125 0.937500 0.208984 0.935547
0 0.431641 0.603516 0.425781 0.604492 0.424805 0.609375 0.428711 0.608398
0 0.696289 0.151367 0.694336 0.153320 0.694336 0.161133 0.698242 0.163086 0.699219 0.153320
0 0.143555 0.574219 0.146484 0.578125 0.152344 0.579102 0.151367 0.575195
0 0.915039 0.905273 0.916992 0.909180 0.925781 0.909180 0.920898 0.904297
0 0.898438 0.267578 0.893555 0.271484 0.894531 0.280273 0.896484 0.280273 0.899414 0.274414
0 0.508789 0.466797 0.514648 0.472656 0.519531 0.471680 0.515625 0.466797
0 0.082031 0.812500 0.086914 0.820312 0.087891 0.814453
0 0.371094 0.651367 0.372070 0.655273 0.380859 0.656250 0.379883 0.653320
0 0.527344 0.442383 0.529297 0.449219 0.535156 0.452148 0.534180 0.445312
0 0.241211 0.629883 0.241211 0.634766 0.249023 0.639648 0.248047 0.633789
0 0.214844 0.337891 0.210938 0.337891 0.208008 0.340820 0.208008 0.349609 0.212891 0.346680
0 0.859375 0.577148 0.860352 0.582031 0.867188 0.585938 0.868164 0.582031 0.866211 0.579102
0 0.815430 0.357422 0.815430 0.365234 0.819336 0.367188 0.819336 0.360352
0 0.314453 0.162109 0.314453 0.164062 0.320312 0.166992 0.328125 0.165039 0.327148 0.162109 0.322266 0.160156
0 0.495117 0.686523 0.496094 0.689453 0.504883 0.688477 0.502930 0.685547
0 0.766602 0.796875 0.766602 0.798828 0.770508 0.799805 0.776367 0.798828 0.774414 0.794922
0 0.522461 0.368164 0.522461 0.374023 0.527344 0.376953 0.525391 0.368164
0 0.100586 0.804688 0.102539 0.809570 0.110352 0.810547 0.107422 0.805664
0 0.229492 0.945312 0.222656 0.943359 0.214844 0.947266 0.214844 0.949219 0.222656 0.950195
0 0.759766 0.225586 0.754883 0.230469 0.754883 0.237305 0.760742 0.231445
0 0.751953 0.276367 0.754883 0.282227 0.760742 0.282227 0.757812 0.277344