0 0.758789 0.136719 0.754883 0.136719 0.751953 0.141602 0.755859 0.141602
0 0.692383 0.701172 0.701172 0.702148 0.704102 0.699219 0.692383 0.698242
0 0.886719 0.468750 0.881836 0.469727 0.878906 0.475586 0.879883 0.478516 0.885742 0.475586
0 0.146484 0.805664 0.146484 0.813477 0.152344 0.818359 0.152344 0.809570 0.149414 0.805664
0 0.207031 0.633789 0.208984 0.637695 0.218750 0.637695 0.219727 0.635742 0.215820 0.632812
0 0.573242 0.672852 0.572266 0.679688 0.576172 0.683594 0.576172 0.675781
0 0.787109 0.160156 0.790039 0.163086 0.798828 0.163086 0.796875 0.159180
0 0.084961 0.065430 0.088867 0.073242 0.095703 0.074219 0.093750 0.067383
0 0.053711 0.209961 0.049805 0.213867 0.049805 0.218750 0.054688 0.215820
0 0.911133 0.153320 0.913086 0.158203 0.921875 0.160156 0.919922 0.155273
0 0.944336 0.882812 0.943359 0.889648 0.948242 0.893555 0.948242 0.886719
0 0.839844 0.641602 0.841797 0.648438 0.846680 0.650391 0.845703 0.644531
0 0.625977 0.106445 0.629883 0.110352 0.638672 0.110352 0.638672 0.107422 0.635742 0.105469
0 0.384766 0.161133 0.387695 0.165039 0.394531 0.165039 0.394531 0.162109 0.391602 0.160156
0 0.468750 0.328125 0.475586 0.329102 0.480469 0.325195 0.473633 0.323242
0 0.323242 0.143555 0.323242 0.149414 0.326172 0.155273 0.329102 0.155273 0.328125 0.145508
0 0.183594 0.210938 0.175781 0.212891 0.173828 0.216797 0.182617 0.215820
0 0.083984 0.470703 0.077148 0.468750 0.071289 0.473633 0.079102 0.474609
0 0.225586 0.368164 0.225586 0.375000 0.229492 0.378906 0.231445 0.375977 0.230469 0.371094
0 0.407227 0.700195 0.408203 0.708008 0.415039 0.711914 0.412109 0.702148
0 0.602539 0.554688 0.598633 0.557617 0.598633 0.564453 0.603516 0.560547 0.604492 0.556641
0 0.097656 0.120117 0.104492 0.121094 0.107422 0.117188 0.101562 0.116211
0 0.896484 0.135742 0.897461 0.141602 0.904297 0.145508 0.902344 0.137695
0 0.626953 0.704102 0.626953 0.706055 0.632812 0.708008 0.638672 0.706055 0.634766 0.703125
0 0.334961 0.275391 0.337891 0.285156 0.341797 0.286133 0.342773 0.281250 0.340820 0.277344
0 0.092773 0.038086 0.086914 0.039062 0.084961 0.042969 0.092773 0.041016
0 0.782227 0.540039 0.783203 0.545898 0.789062 0.548828 0.789062 0.543945
0 0.321289 0.919922 0.316406 0.925781 0.317383 0.931641 0.323242 0.925781 0.323242 0.920898
0 0.043945 0.558594 0.036133 0.559570 0.033203 0.565430 0.041016 0.564453
0 0.279297 0.369141 0.274414 0.370117 0.272461 0.377930 0.278320 0.374023
0 0.979492 0.164062 0.982422 0.167969 0.989258 0.168945 0.987305 0.164062
0 0.549805 0.236328 0.550781 0.243164 0.558594 0.247070 0.555664 0.238281
0 0.365234 0.684570 0.362305 0.684570 0.359375 0.689453 0.360352 0.697266 0.365234 0.695312
0 0.741211 0.503906 0.735352 0.505859 0.733398 0.511719 0.737305 0.511719
0 0.963867 0.883789 0.962891 0.891602 0.965820 0.892578 0.967773 0.889648 0.966797 0.883789
0 0.025391 0.295898 0.025391 0.301758 0.030273 0.304688 0.030273 0.298828
0 0.123047 0.585938 0.117188 0.586914 0.114258 0.591797 0.119141 0.591797
0 0.622070 0.214844 0.614258 0.214844 0.612305 0.219727 0.617188 0.219727
0 0.837891 0.830078 0.841797 0.834961 0.848633 0.834961 0.848633 0.832031 0.845703 0.830078
0 0.929688 0.125000 0.929688 0.127930 0.933594 0.129883 0.942383 0.127930 0.942383 0.125000 0.937500 0.123047
0 0.445312 0.890625 0.439453 0.892578 0.436523 0.899414 0.437500 0.903320 0.444336 0.899414 0.446289 0.895508
0 0.631836 0.901367 0.628906 0.902344 0.628906 0.910156 0.631836 0.908203
0 0.436523 0.168945 0.436523 0.171875 0.439453 0.173828 0.446289 0.172852 0.443359 0.169922
0 0.426758 0.915039 0.423828 0.915039 0.421875 0.918945 0.422852 0.923828 0.426758 0.918945
0 0.863281 0.680664 0.873047 0.681641 0.875000 0.676758 0.867188 0.676758
0 0.701172 0.197266 0.701172 0.205078 0.704102 0.205078 0.704102 0.198242
0 0.673828 0.052734 0.672852 0.062500 0.675781 0.062500 0.677734 0.053711
0 0.939453 0.567383 0.936523 0.566406 0.930664 0.569336 0.928711 0.575195 0.938477 0.572266
0 0.164062 0.704102 0.166016 0.712891 0.172852 0.715820 0.170898 0.708008
0 0.636719 0.286133 0.637695 0.291016 0.644531 0.293945 0.642578 0.288086
0 0.495117 0.251953 0.489258 0.251953 0.485352 0.256836 0.491211 0.256836
0 0.788086 0.937500 0.782227 0.938477 0.779297 0.943359 0.785156 0.943359
0 0.950195 0.517578 0.949219 0.526367 0.952148 0.527344 0.953125 0.518555
0 0.226562 0.145508 0.225586 0.152344 0.229492 0.155273 0.229492 0.146484
0 0.126953 0.744141 0.127930 0.750000 0.133789 0.752930 0.133789 0.748047
0 0.956055 0.304688 0.955078 0.309570 0.958984 0.314453 0.958984 0.306641
0 0.400391 0.871094 0.403320 0.875977 0.411133 0.876953 0.405273 0.870117
0 0.801758 0.481445 0.794922 0.482422 0.791992 0.488281 0.799805 0.486328
0 0.135742 0.842773 0.137695 0.850586 0.141602 0.851562 0.140625 0.844727
0 0.464844 0.684570 0.467773 0.688477 0.474609 0.688477 0.471680 0.684570
0 0.808594 0.578125 0.807617 0.586914 0.810547 0.588867 0.812500 0.580078
0 0.729492 0.766602 0.736328 0.766602 0.741211 0.761719 0.733398 0.760742 0.729492 0.762695
0 0.326172 0.765625 0.328125 0.772461 0.336914 0.776367 0.334961 0.768555
0 0.930664 0.680664 0.924805 0.684570 0.924805 0.692383 0.929688 0.688477
0 0.278320 0.547852 0.280273 0.551758 0.290039 0.550781 0.286133 0.546875
0 0.184570 0.238281 0.186523 0.246094 0.191406 0.249023 0.190430 0.241211
0 0.675781 0.115234 0.677734 0.119141 0.685547 0.119141 0.682617 0.115234
0 0.027344 0.170898 0.027344 0.173828 0.030273 0.175781 0.040039 0.174805 0.033203 0.169922
0 0.828125 0.269531 0.824219 0.271484 0.822266 0.278320 0.824219 0.279297 0.828125 0.276367
0 0.971680 0.344727 0.962891 0.346680 0.962891 0.349609 0.969727 0.349609