0 0.036133 0.244141 0.036133 0.248047 0.039062 0.250977 0.044922 0.251953 0.041992 0.245117
0 0.825195 0.053711 0.821289 0.054688 0.820312 0.062500 0.823242 0.062500
0 0.133789 0.716797 0.128906 0.717773 0.128906 0.728516 0.132812 0.725586
0 0.225586 0.759766 0.221680 0.760742 0.222656 0.769531 0.225586 0.766602
0 0.684570 0.475586 0.685547 0.480469 0.691406 0.483398 0.690430 0.478516
0 0.644531 0.777344 0.653320 0.777344 0.655273 0.774414 0.647461 0.773438
0 0.831055 0.959961 0.829102 0.965820 0.832031 0.972656 0.834961 0.972656 0.834961 0.963867
0 0.112305 0.418945 0.114258 0.425781 0.119141 0.427734 0.119141 0.422852
0 0.288086 0.551758 0.289062 0.557617 0.294922 0.560547 0.292969 0.552734
0 0.624023 0.935547 0.617188 0.936523 0.614258 0.941406 0.623047 0.939453
0 0.829102 0.174805 0.831055 0.183594 0.833984 0.183594 0.833008 0.175781
0 0.691406 0.567383 0.686523 0.567383 0.681641 0.574219 0.690430 0.573242
0 0.161133 0.267578 0.157227 0.270508 0.159180 0.278320 0.162109 0.275391
0 0.388672 0.379883 0.388672 0.387695 0.390625 0.390625 0.393555 0.390625 0.393555 0.381836
0 0.095703 0.365234 0.097656 0.370117 0.108398 0.370117 0.108398 0.367188 0.103516 0.364258
0 0.387695 0.211914 0.395508 0.211914 0.398438 0.208984 0.391602 0.207031
0 0.493164 0.391602 0.486328 0.394531 0.485352 0.402344 0.493164 0.397461
0 0.019531 0.718750 0.019531 0.723633 0.024414 0.727539 0.022461 0.719727
0 0.490234 0.775391 0.491211 0.781250 0.497070 0.784180 0.496094 0.778320
0 0.584961 0.915039 0.590820 0.916016 0.595703 0.911133 0.588867 0.911133
0 0.158203 0.969727 0.154297 0.967773 0.148438 0.969727 0.148438 0.971680 0.153320 0.972656
0 0.627930 0.966797 0.624023 0.969727 0.624023 0.978516 0.626953 0.978516 0.628906 0.974609
0 0.284180 0.034180 0.286133 0.037109 0.292969 0.037109 0.291016 0.034180
0 0.724609 0.828125 0.729492 0.833984 0.736328 0.832031 0.733398 0.828125
0 0.409180 0.426758 0.401367 0.427734 0.398438 0.432617 0.408203 0.430664
0 0.615234 0.405273 0.620117 0.406250 0.625000 0.401367 0.617188 0.401367
0 0.653320 0.859375 0.649414 0.861328 0.650391 0.870117 0.654297 0.863281
0 0.514648 0.700195 0.517578 0.707031 0.522461 0.708008 0.521484 0.703125
0 0.372070 0.656250 0.375977 0.663086 0.381836 0.664062 0.378906 0.657227
0 0.413086 0.410156 0.413086 0.416016 0.418945 0.421875 0.418945 0.414062 0.416016 0.410156
0 0.732422 0.935547 0.732422 0.937500 0.739258 0.939453 0.744141 0.937500 0.738281 0.933594
0 0.090820 0.707031 0.097656 0.708984 0.102539 0.705078 0.094727 0.703125
0 0.666016 0.631836 0.666992 0.636719 0.671875 0.639648 0.669922 0.633789
0 0.301758 0.236328 0.304688 0.240234 0.312500 0.241211 0.307617 0.235352 0.303711 0.234375
0 0.806641 0.855469 0.807617 0.857422 0.816406 0.857422 0.818359 0.853516 0.811523 0.852539
0 0.372070 0.246094 0.367188 0.249023 0.366211 0.255859 0.372070 0.250977
0 0.239258 0.875977 0.231445 0.877930 0.229492 0.883789 0.236328 0.882812
0 0.895508 0.170898 0.895508 0.172852 0.900391 0.174805 0.907227 0.173828 0.904297 0.169922 0.898438 0.168945
0 0.229492 0.188477 0.230469 0.194336 0.238281 0.198242 0.238281 0.193359
0 0.862305 0.924805 0.862305 0.931641 0.866211 0.934570 0.866211 0.926758