0 0.046875 0.146484 0.054688 0.146484 0.056641 0.142578 0.047852 0.142578
0 0.194336 0.339844 0.187500 0.340820 0.185547 0.345703 0.191406 0.344727
0 0.624023 0.630859 0.626953 0.634766 0.633789 0.634766 0.633789 0.631836 0.629883 0.629883
0 0.707031 0.333984 0.701172 0.334961 0.699219 0.340820 0.704102 0.339844
0 0.016602 0.257812 0.020508 0.264648 0.027344 0.264648 0.023438 0.258789
0 0.950195 0.817383 0.949219 0.823242 0.951172 0.828125 0.954102 0.829102 0.954102 0.819336
0 0.759766 0.660156 0.751953 0.661133 0.750977 0.665039 0.758789 0.663086
0 0.089844 0.759766 0.090820 0.765625 0.094727 0.769531 0.095703 0.763672 0.093750 0.759766
0 0.260742 0.976562 0.260742 0.981445 0.268555 0.985352 0.266602 0.978516
0 0.043945 0.715820 0.040039 0.716797 0.039062 0.722656 0.043945 0.719727
0 0.457031 0.443359 0.457031 0.445312 0.463867 0.446289 0.467773 0.445312 0.468750 0.441406 0.461914 0.440430
0 0.641602 0.858398 0.636719 0.856445 0.631836 0.858398 0.630859 0.861328 0.636719 0.862305
0 0.170898 0.212891 0.170898 0.214844 0.175781 0.216797 0.180664 0.215820 0.180664 0.212891 0.177734 0.211914
0 0.399414 0.600586 0.392578 0.601562 0.388672 0.608398 0.396484 0.607422
0 0.163086 0.152344 0.166016 0.157227 0.172852 0.157227 0.169922 0.152344
0 0.467773 0.857422 0.463867 0.859375 0.462891 0.866211 0.465820 0.866211 0.468750 0.862305
0 0.028320 0.172852 0.032227 0.178711 0.038086 0.179688 0.035156 0.172852
0 0.981445 0.622070 0.980469 0.628906 0.984375 0.632812 0.985352 0.625000
0 0.601562 0.176758 0.595703 0.179688 0.593750 0.187500 0.601562 0.182617
0 0.393555 0.954102 0.394531 0.959961 0.400391 0.962891 0.401367 0.958984 0.399414 0.956055
0 0.397461 0.905273 0.391602 0.908203 0.390625 0.914062 0.397461 0.909180
0 0.380859 0.624023 0.384766 0.626953 0.390625 0.625977 0.390625 0.623047 0.386719 0.622070
0 0.376953 0.975586 0.379883 0.979492 0.387695 0.979492 0.383789 0.974609
0 0.526367 0.380859 0.529297 0.385742 0.535156 0.386719 0.533203 0.381836
0 0.841797 0.934570 0.838867 0.934570 0.835938 0.940430 0.837891 0.947266 0.842773 0.940430
0 0.549805 0.035156 0.541016 0.036133 0.539062 0.041016 0.544922 0.041016
0 0.788086 0.289062 0.781250 0.291016 0.778320 0.299805 0.785156 0.296875
0 0.374023 0.672852 0.370117 0.671875 0.364258 0.677734 0.373047 0.677734
0 0.994141 0.604492 0.987305 0.604492 0.983398 0.610352 0.993164 0.608398
0 0.623047 0.510742 0.625000 0.514648 0.633789 0.512695 0.633789 0.509766 0.629883 0.508789
0 0.058594 0.474609 0.058594 0.482422 0.063477 0.485352 0.063477 0.478516
0 0.683594 0.442383 0.683594 0.450195 0.686523 0.451172 0.687500 0.444336
0 0.963867 0.509766 0.966797 0.513672 0.972656 0.513672 0.970703 0.509766
0 0.028320 0.567383 0.022461 0.569336 0.022461 0.575195 0.026367 0.573242
0 0.679688 0.356445 0.680664 0.360352 0.688477 0.361328 0.684570 0.356445
0 0.250977 0.062500 0.250000 0.071289 0.252930 0.074219 0.254883 0.065430
0 0.487305 0.166992 0.491211 0.171875 0.497070 0.170898 0.493164 0.166992
0 0.065430 0.557617 0.068359 0.562500 0.078125 0.562500 0.074219 0.557617
0 0.694336 0.970703 0.700195 0.970703 0.704102 0.966797 0.698242 0.965820 0.694336 0.967773
0 0.769531 0.606445 0.774414 0.612305 0.780273 0.613281 0.779297 0.608398