0 0.098633 0.089844 0.095703 0.092773 0.097656 0.101562 0.099609 0.101562 0.100586 0.095703
0 0.135742 0.343750 0.130859 0.346680 0.130859 0.352539 0.134766 0.350586
0 0.364258 0.130859 0.365234 0.136719 0.371094 0.139648 0.371094 0.134766
0 0.970703 0.901367 0.966797 0.904297 0.964844 0.912109 0.968750 0.911133 0.971680 0.907227
0 0.876953 0.018555 0.871094 0.021484 0.870117 0.025391 0.872070 0.027344 0.875977 0.024414
0 0.069336 0.360352 0.071289 0.362305 0.079102 0.361328 0.076172 0.358398
0 0.676758 0.075195 0.671875 0.075195 0.666992 0.080078 0.672852 0.081055 0.676758 0.078125
0 0.713867 0.564453 0.724609 0.565430 0.729492 0.561523 0.719727 0.559570 0.714844 0.561523
0 0.204102 0.142578 0.203125 0.147461 0.206055 0.154297 0.208008 0.154297 0.208984 0.146484 0.207031 0.142578
0 0.725586 0.961914 0.726562 0.964844 0.732422 0.963867 0.734375 0.959961
0 0.783203 0.349609 0.785156 0.354492 0.791016 0.355469 0.787109 0.349609
0 0.775391 0.833984 0.777344 0.837891 0.785156 0.837891 0.784180 0.834961
0 0.528320 0.377930 0.520508 0.378906 0.516602 0.385742 0.524414 0.384766
0 0.239258 0.142578 0.235352 0.144531 0.237305 0.155273 0.240234 0.152344
0 0.539062 0.549805 0.542969 0.557617 0.549805 0.557617 0.546875 0.551758
0 0.658203 0.428711 0.657227 0.439453 0.661133 0.444336 0.663086 0.434570 0.661133 0.429688
0 0.409180 0.546875 0.409180 0.554688 0.412109 0.556641 0.414062 0.551758
0 0.446289 0.304688 0.445312 0.311523 0.448242 0.315430 0.451172 0.315430 0.450195 0.307617
0 0.307617 0.942383 0.311523 0.947266 0.318359 0.947266 0.314453 0.942383
0 0.030273 0.354492 0.021484 0.355469 0.017578 0.359375 0.018555 0.362305 0.027344 0.360352
0 0.854492 0.469727 0.847656 0.473633 0.845703 0.479492 0.853516 0.475586
0 0.659180 0.362305 0.658203 0.371094 0.661133 0.375000 0.663086 0.373047 0.663086 0.364258
0 0.302734 0.574219 0.302734 0.577148 0.306641 0.579102 0.313477 0.577148 0.308594 0.573242
0 0.813477 0.200195 0.805664 0.201172 0.802734 0.206055 0.811523 0.205078
0 0.393555 0.949219 0.385742 0.950195 0.382812 0.956055 0.392578 0.953125
0 0.389648 0.801758 0.391602 0.812500 0.396484 0.814453 0.396484 0.806641 0.392578 0.801758
0 0.723633 0.118164 0.715820 0.119141 0.712891 0.125000 0.717773 0.125977 0.722656 0.122070
0 0.532227 0.358398 0.526367 0.359375 0.525391 0.364258 0.529297 0.363281
0 0.022461 0.429688 0.023438 0.435547 0.028320 0.437500 0.028320 0.432617
0 0.237305 0.506836 0.233398 0.508789 0.232422 0.515625 0.236328 0.513672
0 0.945312 0.502930 0.941406 0.500977 0.935547 0.502930 0.935547 0.504883 0.940430 0.505859
0 0.410156 0.523438 0.406250 0.523438 0.401367 0.529297 0.407227 0.529297
0 0.746094 0.254883 0.746094 0.257812 0.749023 0.259766 0.758789 0.257812 0.753906 0.253906
0 0.724609 0.780273 0.717773 0.781250 0.715820 0.788086 0.721680 0.786133
0 0.818359 0.454102 0.819336 0.458984 0.825195 0.462891 0.825195 0.458008
0 0.048828 0.789062 0.043945 0.791016 0.041992 0.799805 0.047852 0.796875
0 0.699219 0.087891 0.698242 0.091797 0.701172 0.096680 0.703125 0.089844
0 0.581055 0.131836 0.583984 0.136719 0.591797 0.136719 0.586914 0.131836
0 0.081055 0.852539 0.083008 0.855469 0.091797 0.855469 0.090820 0.851562