0 0.692383 0.202148 0.683594 0.203125 0.681641 0.207031 0.687500 0.208008 0.692383 0.205078
0 0.161133 0.130859 0.162109 0.137695 0.166992 0.139648 0.165039 0.131836
0 0.515625 0.569336 0.512695 0.569336 0.508789 0.575195 0.512695 0.575195
0 0.860352 0.568359 0.859375 0.578125 0.862305 0.579102 0.864258 0.572266
0 0.796875 0.684570 0.797852 0.689453 0.805664 0.691406 0.802734 0.685547
0 0.568359 0.271484 0.562500 0.272461 0.560547 0.276367 0.566406 0.275391
0 0.557617 0.056641 0.556641 0.063477 0.560547 0.069336 0.562500 0.061523
0 0.713867 0.265625 0.708984 0.265625 0.706055 0.273438 0.711914 0.271484
0 0.266602 0.427734 0.264648 0.425781 0.258789 0.427734 0.255859 0.435547 0.262695 0.433594
0 0.136719 0.284180 0.129883 0.286133 0.126953 0.291016 0.132812 0.291016
0 0.597656 0.585938 0.592773 0.587891 0.591797 0.595703 0.596680 0.591797
0 0.541992 0.214844 0.534180 0.213867 0.532227 0.217773 0.541016 0.217773
0 0.456055 0.670898 0.454102 0.671875 0.454102 0.679688 0.458008 0.684570 0.459961 0.674805
0 0.523438 0.352539 0.528320 0.359375 0.531250 0.359375 0.529297 0.353516
0 0.304688 0.725586 0.299805 0.725586 0.296875 0.729492 0.302734 0.729492
0 0.619141 0.890625 0.620117 0.894531 0.625977 0.897461 0.624023 0.891602
0 0.648438 0.397461 0.649414 0.407227 0.655273 0.410156 0.655273 0.402344
0 0.682617 0.410156 0.675781 0.411133 0.671875 0.414062 0.670898 0.417969 0.678711 0.416992
0 0.839844 0.380859 0.836914 0.380859 0.833008 0.386719 0.836914 0.386719
0 0.676758 0.220703 0.677734 0.225586 0.690430 0.224609 0.690430 0.221680 0.686523 0.219727
0 0.191406 0.804688 0.185547 0.808594 0.184570 0.818359 0.190430 0.813477
0 0.344727 0.095703 0.343750 0.100586 0.350586 0.103516 0.348633 0.097656
0 0.114258 0.609375 0.117188 0.615234 0.126953 0.616211 0.125000 0.611328
0 0.797852 0.662109 0.794922 0.666016 0.796875 0.672852 0.799805 0.667969
0 0.339844 0.656250 0.334961 0.658203 0.333984 0.664062 0.338867 0.662109
0 0.506836 0.114258 0.509766 0.120117 0.515625 0.121094 0.513672 0.116211
0 0.544922 0.649414 0.539062 0.650391 0.537109 0.655273 0.542969 0.653320
0 0.409180 0.406250 0.404297 0.411133 0.404297 0.418945 0.406250 0.420898 0.410156 0.415039
0 0.401367 0.676758 0.403320 0.680664 0.412109 0.680664 0.407227 0.675781
0 0.730469 0.801758 0.733398 0.806641 0.742188 0.807617 0.740234 0.802734 0.736328 0.800781
0 0.291016 0.621094 0.291992 0.624023 0.301758 0.622070 0.299805 0.619141
0 0.923828 0.794922 0.916992 0.799805 0.916016 0.804688 0.923828 0.800781
0 0.608398 0.007812 0.602539 0.007812 0.597656 0.012695 0.604492 0.012695
0 0.750977 0.438477 0.747070 0.438477 0.743164 0.443359 0.747070 0.444336
0 0.511719 0.260742 0.511719 0.262695 0.519531 0.263672 0.522461 0.261719 0.522461 0.258789 0.516602 0.257812