0 0.205078 0.363281 0.200195 0.365234 0.199219 0.374023 0.204102 0.371094
0 0.083984 0.085938 0.080078 0.090820 0.081055 0.095703 0.084961 0.092773
0 0.393555 0.801758 0.390625 0.801758 0.387695 0.807617 0.389648 0.815430 0.393555 0.811523
0 0.457031 0.488281 0.457031 0.491211 0.459961 0.492188 0.467773 0.491211 0.465820 0.487305
0 0.410156 0.069336 0.416992 0.075195 0.422852 0.074219 0.418945 0.069336
0 0.941406 0.696289 0.945312 0.702148 0.950195 0.701172 0.948242 0.697266
0 0.331055 0.122070 0.323242 0.122070 0.322266 0.125000 0.329102 0.125977
0 0.342773 0.161133 0.338867 0.160156 0.332031 0.166016 0.336914 0.166992
0 0.782227 0.762695 0.779297 0.762695 0.777344 0.765625 0.777344 0.773438 0.782227 0.768555
0 0.103516 0.084961 0.098633 0.087891 0.097656 0.094727 0.102539 0.093750
0 0.687500 0.501953 0.687500 0.511719 0.691406 0.512695 0.691406 0.503906
0 0.846680 0.744141 0.849609 0.750977 0.857422 0.752930 0.857422 0.749023 0.853516 0.745117
0 0.441406 0.635742 0.444336 0.637695 0.450195 0.636719 0.456055 0.630859 0.446289 0.629883 0.441406 0.632812
0 0.073242 0.937500 0.066406 0.938477 0.064453 0.943359 0.070312 0.942383
0 0.880859 0.061523 0.875977 0.065430 0.876953 0.073242 0.880859 0.070312
0 0.349609 0.510742 0.345703 0.510742 0.344727 0.520508 0.348633 0.517578
0 0.821289 0.710938 0.827148 0.711914 0.832031 0.708008 0.824219 0.707031
0 0.264648 0.487305 0.266602 0.491211 0.272461 0.491211 0.269531 0.487305
0 0.234375 0.792969 0.233398 0.799805 0.239258 0.804688 0.239258 0.797852
0 0.851562 0.069336 0.846680 0.068359 0.842773 0.072266 0.847656 0.073242
0 0.634766 0.719727 0.630859 0.722656 0.630859 0.731445 0.632812 0.731445 0.635742 0.725586
0 0.637695 0.816406 0.640625 0.822266 0.646484 0.822266 0.643555 0.817383
0 0.375000 0.758789 0.369141 0.760742 0.366211 0.765625 0.367188 0.768555 0.374023 0.765625
0 0.060547 0.609375 0.062500 0.614258 0.071289 0.615234 0.068359 0.610352
0 0.639648 0.917969 0.642578 0.922852 0.649414 0.922852 0.645508 0.917969
0 0.659180 0.771484 0.659180 0.777344 0.664062 0.781250 0.666016 0.780273 0.664062 0.774414
0 0.255859 0.918945 0.259766 0.923828 0.269531 0.920898 0.262695 0.916992
0 0.691406 0.577148 0.688477 0.579102 0.688477 0.588867 0.692383 0.585938 0.693359 0.581055
0 0.982422 0.795898 0.984375 0.802734 0.992188 0.805664 0.991211 0.799805 0.988281 0.796875
0 0.480469 0.592773 0.481445 0.602539 0.486328 0.603516 0.484375 0.594727
0 0.962891 0.820312 0.969727 0.820312 0.973633 0.815430 0.966797 0.815430
0 0.136719 0.366211 0.140625 0.372070 0.145508 0.373047 0.144531 0.368164
0 0.624023 0.487305 0.626953 0.492188 0.636719 0.492188 0.631836 0.487305
0 0.244141 0.029297 0.238281 0.030273 0.234375 0.037109 0.242188 0.035156
0 0.979492 0.601562 0.971680 0.601562 0.968750 0.605469 0.976562 0.606445 0.979492 0.604492
0 0.550781 0.412109 0.551758 0.415039 0.560547 0.413086 0.558594 0.410156
0 0.432617 0.675781 0.433594 0.681641 0.440430 0.685547 0.438477 0.677734
0 0.963867 0.120117 0.957031 0.121094 0.954102 0.125000 0.960938 0.125000 0.963867 0.123047
0 0.674805 0.826172 0.673828 0.828125 0.677734 0.835938 0.683594 0.837891 0.681641 0.830078
0 0.758789 0.614258 0.756836 0.615234 0.756836 0.621094 0.761719 0.625977 0.761719 0.618164
0 0.561523 0.078125 0.554688 0.078125 0.550781 0.082031 0.556641 0.083008
0 0.953125 0.519531 0.948242 0.522461 0.948242 0.528320 0.951172 0.528320
0 0.069336 0.760742 0.068359 0.766602 0.072266 0.771484 0.073242 0.763672
0 0.738281 0.065430 0.733398 0.070312 0.733398 0.077148 0.739258 0.071289
0 0.665039 0.256836 0.657227 0.257812 0.654297 0.263672 0.663086 0.261719
0 0.206055 0.211914 0.208984 0.215820 0.216797 0.214844 0.213867 0.210938
0 0.094727 0.351562 0.087891 0.351562 0.083984 0.355469 0.089844 0.356445
0 0.029297 0.669922 0.022461 0.671875 0.019531 0.678711 0.025391 0.677734 0.029297 0.673828
0 0.299805 0.978516 0.295898 0.979492 0.294922 0.986328 0.299805 0.983398
0 0.291992 0.949219 0.294922 0.955078 0.302734 0.955078 0.298828 0.950195
0 0.283203 0.498047 0.286133 0.502930 0.293945 0.502930 0.291992 0.499023
0 0.304688 0.106445 0.300781 0.108398 0.298828 0.117188 0.303711 0.116211
0 0.814453 0.335938 0.814453 0.341797 0.821289 0.345703 0.820312 0.337891
0 0.625977 0.347656 0.620117 0.347656 0.617188 0.351562 0.624023 0.351562
0 0.666992 0.352539 0.660156 0.351562 0.655273 0.354492 0.655273 0.357422 0.665039 0.356445
0 0.039062 0.028320 0.035156 0.030273 0.036133 0.040039 0.040039 0.036133
0 0.326172 0.890625 0.322266 0.890625 0.319336 0.897461 0.323242 0.896484
0 0.715820 0.825195 0.712891 0.826172 0.713867 0.835938 0.716797 0.830078
0 0.714844 0.038086 0.707031 0.039062 0.704102 0.042969 0.709961 0.043945 0.714844 0.041016
0 0.125977 0.118164 0.119141 0.121094 0.118164 0.126953 0.124023 0.125000
0 0.346680 0.297852 0.337891 0.297852 0.335938 0.302734 0.342773 0.302734
0 0.321289 0.215820 0.324219 0.219727 0.333008 0.219727 0.329102 0.214844 0.323242 0.213867
0 0.110352 0.623047 0.115234 0.625977 0.121094 0.625000 0.115234 0.621094
0 0.366211 0.981445 0.369141 0.986328 0.376953 0.986328 0.375000 0.982422
0 0.914062 0.051758 0.916992 0.056641 0.923828 0.057617 0.921875 0.052734
0 0.091797 0.937500 0.092773 0.945312 0.097656 0.947266 0.095703 0.939453
0 0.636719 0.123047 0.631836 0.122070 0.626953 0.127930 0.631836 0.127930