0 0.028320 0.305664 0.023438 0.307617 0.021484 0.311523 0.022461 0.316406 0.026367 0.314453
0 0.796875 0.756836 0.801758 0.761719 0.809570 0.761719 0.811523 0.759766 0.805664 0.755859
0 0.406250 0.455078 0.406250 0.463867 0.409180 0.467773 0.412109 0.467773 0.412109 0.458984
0 0.305664 0.929688 0.309570 0.935547 0.317383 0.935547 0.313477 0.930664
0 0.672852 0.472656 0.674805 0.480469 0.681641 0.483398 0.678711 0.474609
0 0.067383 0.640625 0.068359 0.644531 0.076172 0.645508 0.074219 0.641602
0 0.289062 0.443359 0.284180 0.443359 0.279297 0.450195 0.288086 0.449219
0 0.290039 0.469727 0.291016 0.476562 0.294922 0.479492 0.294922 0.472656 0.292969 0.469727
0 0.440430 0.896484 0.439453 0.900391 0.443359 0.908203 0.445312 0.906250 0.444336 0.898438
0 0.193359 0.787109 0.201172 0.787109 0.204102 0.785156 0.204102 0.782227 0.195312 0.782227
0 0.127930 0.242188 0.123047 0.240234 0.114258 0.243164 0.114258 0.246094 0.123047 0.246094
0 0.393555 0.752930 0.390625 0.754883 0.389648 0.761719 0.392578 0.761719 0.394531 0.758789
0 0.526367 0.207031 0.527344 0.214844 0.532227 0.216797 0.530273 0.208984
0 0.735352 0.927734 0.730469 0.930664 0.728516 0.939453 0.735352 0.935547
0 0.951172 0.505859 0.949219 0.504883 0.944336 0.507812 0.942383 0.513672 0.947266 0.512695
0 0.770508 0.053711 0.766602 0.056641 0.767578 0.065430 0.771484 0.060547
0 0.619141 0.583984 0.626953 0.583008 0.629883 0.578125 0.623047 0.578125 0.619141 0.581055
0 0.512695 0.051758 0.514648 0.059570 0.519531 0.061523 0.519531 0.055664
0 0.643555 0.536133 0.643555 0.541992 0.652344 0.545898 0.652344 0.541016 0.648438 0.537109
0 0.012695 0.198242 0.016602 0.206055 0.024414 0.207031 0.024414 0.203125 0.021484 0.200195
0 0.328125 0.034180 0.324219 0.036133 0.323242 0.042969 0.327148 0.041992
0 0.106445 0.298828 0.113281 0.300781 0.117188 0.296875 0.111328 0.295898
0 0.295898 0.527344 0.295898 0.536133 0.299805 0.538086 0.300781 0.531250
0 0.623047 0.513672 0.624023 0.521484 0.628906 0.523438 0.628906 0.517578
0 0.228516 0.112305 0.223633 0.113281 0.220703 0.118164 0.221680 0.121094 0.227539 0.118164
0 0.718750 0.222656 0.714844 0.224609 0.713867 0.231445 0.716797 0.231445 0.718750 0.228516
0 0.283203 0.297852 0.278320 0.298828 0.276367 0.307617 0.281250 0.305664
0 0.777344 0.844727 0.781250 0.851562 0.788086 0.851562 0.784180 0.845703
0 0.168945 0.781250 0.167969 0.789062 0.169922 0.793945 0.172852 0.794922 0.173828 0.787109
0 0.825195 0.388672 0.823242 0.396484 0.824219 0.399414 0.827148 0.399414 0.828125 0.391602
0 0.522461 0.647461 0.517578 0.646484 0.512695 0.648438 0.512695 0.650391 0.519531 0.652344
0 0.334961 0.752930 0.343750 0.754883 0.341797 0.750977
0 0.972656 0.172852 0.974609 0.180664 0.979492 0.182617 0.979492 0.176758
0 0.662109 0.283203 0.653320 0.283203 0.652344 0.287109 0.657227 0.287109
0 0.107422 0.503906 0.109375 0.507812 0.119141 0.507812 0.117188 0.503906
0 0.282227 0.418945 0.278320 0.421875 0.278320 0.428711 0.282227 0.425781
0 0.423828 0.232422 0.422852 0.236328 0.430664 0.240234 0.431641 0.237305
0 0.752930 0.809570 0.753906 0.813477 0.762695 0.814453 0.761719 0.810547
0 0.588867 0.377930 0.582031 0.378906 0.578125 0.384766 0.585938 0.384766 0.589844 0.379883
0 0.913086 0.711914 0.907227 0.719727 0.910156 0.725586 0.914062 0.720703
0 0.626953 0.367188 0.623047 0.369141 0.623047 0.377930 0.626953 0.375000
0 0.741211 0.364258 0.731445 0.366211 0.729492 0.372070 0.737305 0.370117
0 0.871094 0.549805 0.864258 0.550781 0.863281 0.553711 0.869141 0.553711
0 0.556641 0.294922 0.559570 0.298828 0.567383 0.296875 0.564453 0.293945
0 0.365234 0.518555 0.361328 0.524414 0.363281 0.531250 0.367188 0.524414
0 0.985352 0.306641 0.989258 0.310547 0.995117 0.309570 0.990234 0.305664
0 0.299805 0.719727 0.292969 0.721680 0.291016 0.727539 0.297852 0.725586
0 0.183594 0.160156 0.176758 0.161133 0.172852 0.167969 0.180664 0.166992
0 0.405273 0.953125 0.405273 0.960938 0.411133 0.965820 0.411133 0.957031 0.408203 0.953125
0 0.265625 0.244141 0.275391 0.247070 0.275391 0.244141 0.271484 0.242188
0 0.847656 0.834961 0.848633 0.836914 0.858398 0.836914 0.859375 0.833008
0 0.270508 0.786133 0.265625 0.790039 0.265625 0.796875 0.270508 0.794922
0 0.118164 0.424805 0.113281 0.426758 0.112305 0.432617 0.117188 0.430664
0 0.734375 0.310547 0.734375 0.312500 0.744141 0.311523 0.743164 0.308594
0 0.867188 0.928711 0.868164 0.934570 0.873047 0.936523 0.872070 0.930664
0 0.211914 0.066406 0.206055 0.067383 0.202148 0.074219 0.208984 0.073242 0.211914 0.070312
0 0.286133 0.389648 0.288086 0.397461 0.291016 0.400391 0.296875 0.401367 0.295898 0.395508