0 0.414062 0.854492 0.415039 0.857422 0.421875 0.858398 0.425781 0.856445 0.421875 0.852539
0 0.242188 0.653320 0.247070 0.657227 0.257812 0.655273 0.252930 0.651367
0 0.703125 0.124023 0.708008 0.128906 0.712891 0.126953 0.709961 0.123047
0 0.355469 0.739258 0.349609 0.742188 0.347656 0.746094 0.348633 0.750977 0.354492 0.746094
0 0.942383 0.280273 0.933594 0.280273 0.931641 0.286133 0.940430 0.284180
0 0.726562 0.416992 0.721680 0.418945 0.719727 0.426758 0.726562 0.422852
0 0.351562 0.582031 0.343750 0.583984 0.341797 0.590820 0.348633 0.588867
0 0.424805 0.299805 0.425781 0.307617 0.432617 0.310547 0.430664 0.302734
0 0.952148 0.279297 0.948242 0.281250 0.950195 0.290039 0.952148 0.288086
0 0.272461 0.259766 0.267578 0.264648 0.268555 0.270508 0.273438 0.266602
0 0.250977 0.501953 0.245117 0.501953 0.241211 0.507812 0.249023 0.505859
0 0.026367 0.232422 0.025391 0.238281 0.031250 0.242188 0.031250 0.236328
0 0.858398 0.609375 0.854492 0.612305 0.855469 0.620117 0.859375 0.613281
0 0.486328 0.432617 0.488281 0.437500 0.496094 0.438477 0.495117 0.434570
0 0.091797 0.976562 0.085938 0.977539 0.083008 0.983398 0.087891 0.982422
0 0.650391 0.352539 0.649414 0.358398 0.652344 0.362305 0.654297 0.355469 0.653320 0.352539
0 0.032227 0.339844 0.027344 0.341797 0.026367 0.348633 0.030273 0.346680
0 0.520508 0.926758 0.516602 0.928711 0.516602 0.935547 0.520508 0.932617
0 0.594727 0.751953 0.591797 0.752930 0.593750 0.762695 0.595703 0.758789
0 0.249023 0.292969 0.249023 0.295898 0.251953 0.297852 0.258789 0.296875 0.255859 0.293945
0 0.333984 0.210938 0.335938 0.213867 0.343750 0.211914 0.341797 0.208984
0 0.671875 0.133789 0.667969 0.134766 0.667969 0.144531 0.671875 0.141602
0 0.274414 0.636719 0.275391 0.639648 0.283203 0.639648 0.282227 0.635742
0 0.099609 0.199219 0.095703 0.202148 0.095703 0.208984 0.098633 0.208984 0.100586 0.206055
0 0.328125 0.034180 0.322266 0.032227 0.316406 0.035156 0.315430 0.038086 0.324219 0.038086
0 0.640625 0.897461 0.641602 0.904297 0.646484 0.907227 0.646484 0.900391
0 0.899414 0.201172 0.903320 0.206055 0.910156 0.205078 0.906250 0.200195
0 0.360352 0.081055 0.363281 0.085938 0.372070 0.086914 0.368164 0.081055
0 0.252930 0.448242 0.251953 0.453125 0.255859 0.458008 0.257812 0.453125
0 0.074219 0.592773 0.064453 0.594727 0.064453 0.598633 0.072266 0.597656
0 0.662109 0.806641 0.655273 0.806641 0.651367 0.810547 0.657227 0.811523
0 0.533203 0.421875 0.528320 0.423828 0.526367 0.432617 0.533203 0.428711
0 0.129883 0.634766 0.125000 0.632812 0.119141 0.634766 0.119141 0.636719 0.126953 0.638672 0.129883 0.637695
0 0.493164 0.083008 0.497070 0.087891 0.503906 0.088867 0.501953 0.083984 0.495117 0.081055
0 0.732422 0.541992 0.727539 0.549805 0.729492 0.556641 0.735352 0.548828 0.735352 0.543945
0 0.837891 0.136719 0.840820 0.140625 0.849609 0.139648 0.849609 0.137695 0.842773 0.134766
0 0.877930 0.790039 0.885742 0.790039 0.888672 0.787109 0.881836 0.786133
0 0.361328 0.429688 0.354492 0.430664 0.351562 0.436523 0.358398 0.435547
0 0.647461 0.789062 0.648438 0.794922 0.653320 0.797852 0.652344 0.791016
0 0.416992 0.015625 0.417969 0.020508 0.426758 0.022461 0.423828 0.016602
0 0.488281 0.808594 0.481445 0.807617 0.475586 0.810547 0.475586 0.813477 0.483398 0.813477
0 0.626953 0.677734 0.623047 0.679688 0.623047 0.686523 0.627930 0.682617
0 0.811523 0.464844 0.814453 0.470703 0.824219 0.471680 0.822266 0.466797
0 0.168945 0.805664 0.164062 0.805664 0.160156 0.812500 0.166992 0.810547
0 0.093750 0.461914 0.094727 0.468750 0.100586 0.471680 0.100586 0.466797
0 0.072266 0.821289 0.065430 0.825195 0.065430 0.831055 0.071289 0.828125
0 0.720703 0.573242 0.722656 0.578125 0.730469 0.579102 0.727539 0.574219
0 0.831055 0.614258 0.825195 0.615234 0.823242 0.621094 0.829102 0.620117
0 0.301758 0.021484 0.303711 0.030273 0.307617 0.031250 0.306641 0.024414
0 0.310547 0.300781 0.306641 0.303711 0.306641 0.311523 0.311523 0.306641
0 0.339844 0.681641 0.341797 0.686523 0.348633 0.686523 0.346680 0.683594
0 0.074219 0.701172 0.066406 0.703125 0.064453 0.707031 0.072266 0.706055
0 0.483398 0.836914 0.478516 0.834961 0.473633 0.839844 0.478516 0.840820
0 0.288086 0.147461 0.284180 0.150391 0.284180 0.157227 0.288086 0.154297