0 0.993164 0.622070 0.987305 0.623047 0.984375 0.628906 0.990234 0.627930
0 0.800781 0.170898 0.794922 0.171875 0.791016 0.178711 0.798828 0.176758
0 0.770508 0.264648 0.763672 0.268555 0.762695 0.274414 0.768555 0.272461
0 0.461914 0.527344 0.461914 0.530273 0.464844 0.532227 0.472656 0.532227 0.472656 0.529297 0.468750 0.527344
0 0.626953 0.180664 0.628906 0.190430 0.633789 0.193359 0.631836 0.181641
0 0.411133 0.844727 0.414062 0.849609 0.418945 0.850586 0.414062 0.843750
0 0.528320 0.811523 0.534180 0.817383 0.540039 0.816406 0.535156 0.811523
0 0.801758 0.143555 0.801758 0.148438 0.805664 0.152344 0.810547 0.153320 0.808594 0.146484
0 0.581055 0.362305 0.577148 0.361328 0.571289 0.367188 0.579102 0.366211
0 0.295898 0.857422 0.289062 0.861328 0.288086 0.867188 0.294922 0.864258
0 0.311523 0.812500 0.308594 0.815430 0.308594 0.822266 0.310547 0.824219 0.313477 0.819336
0 0.798828 0.903320 0.790039 0.903320 0.786133 0.907227 0.795898 0.908203 0.798828 0.906250
0 0.666016 0.604492 0.659180 0.606445 0.656250 0.614258 0.662109 0.613281
0 0.499023 0.686523 0.506836 0.685547 0.507812 0.682617 0.500000 0.682617
0 0.336914 0.575195 0.338867 0.580078 0.347656 0.581055 0.343750 0.575195
0 0.306641 0.978516 0.311523 0.979492 0.315430 0.974609 0.309570 0.974609
0 0.532227 0.968750 0.527344 0.966797 0.521484 0.967773 0.521484 0.970703 0.527344 0.972656 0.531250 0.971680
0 0.618164 0.774414 0.616211 0.780273 0.620117 0.785156 0.621094 0.777344
0 0.610352 0.193359 0.606445 0.196289 0.607422 0.205078 0.611328 0.200195
0 0.132812 0.697266 0.129883 0.697266 0.127930 0.700195 0.128906 0.708984 0.132812 0.706055
0 0.628906 0.925781 0.629883 0.933594 0.635742 0.936523 0.635742 0.929688
0 0.513672 0.452148 0.511719 0.450195 0.506836 0.451172 0.502930 0.456055 0.510742 0.455078
0 0.092773 0.414062 0.085938 0.415039 0.082031 0.420898 0.087891 0.420898 0.092773 0.416992
0 0.228516 0.144531 0.226562 0.151367 0.229492 0.155273 0.230469 0.146484
0 0.584961 0.244141 0.583008 0.246094 0.583008 0.252930 0.588867 0.257812 0.588867 0.249023
0 0.345703 0.453125 0.344727 0.459961 0.348633 0.462891 0.348633 0.454102
0 0.245117 0.702148 0.241211 0.703125 0.239258 0.710938 0.244141 0.708984
0 0.197266 0.180664 0.201172 0.186523 0.209961 0.187500 0.206055 0.181641
0 0.505859 0.920898 0.507812 0.927734 0.512695 0.930664 0.511719 0.922852
0 0.672852 0.297852 0.676758 0.303711 0.682617 0.304688 0.681641 0.299805
0 0.985352 0.147461 0.980469 0.142578 0.974609 0.144531 0.978516 0.148438
0 0.702148 0.801758 0.698242 0.803711 0.699219 0.811523 0.703125 0.805664
0 0.528320 0.629883 0.532227 0.635742 0.537109 0.636719 0.534180 0.629883