0 0.616211 0.624023 0.611328 0.624023 0.607422 0.630859 0.615234 0.627930
0 0.960938 0.330078 0.963867 0.333984 0.971680 0.332031 0.968750 0.329102
0 0.807617 0.073242 0.807617 0.079102 0.814453 0.083008 0.812500 0.076172
0 0.079102 0.375000 0.071289 0.376953 0.068359 0.382812 0.077148 0.380859
0 0.435547 0.281250 0.428711 0.280273 0.422852 0.285156 0.430664 0.286133
0 0.315430 0.720703 0.320312 0.724609 0.324219 0.724609 0.321289 0.719727
0 0.583008 0.698242 0.582031 0.703125 0.590820 0.708984 0.589844 0.702148
0 0.436523 0.524414 0.429688 0.525391 0.426758 0.531250 0.434570 0.529297
0 0.670898 0.357422 0.667969 0.357422 0.666016 0.360352 0.666016 0.369141 0.671875 0.361328
0 0.142578 0.232422 0.151367 0.231445 0.153320 0.228516 0.145508 0.227539 0.142578 0.229492
0 0.469727 0.392578 0.477539 0.392578 0.480469 0.389648 0.479492 0.387695 0.472656 0.387695 0.469727 0.389648
0 0.838867 0.910156 0.833008 0.913086 0.832031 0.918945 0.838867 0.915039
0 0.198242 0.758789 0.193359 0.759766 0.191406 0.767578 0.198242 0.762695
0 0.416016 0.148438 0.413086 0.148438 0.411133 0.151367 0.411133 0.158203 0.413086 0.160156 0.416016 0.156250
0 0.818359 0.259766 0.814453 0.263672 0.816406 0.274414 0.820312 0.265625
0 0.708008 0.614258 0.702148 0.615234 0.699219 0.623047 0.705078 0.621094
0 0.813477 0.750977 0.806641 0.750977 0.803711 0.754883 0.811523 0.754883
0 0.523438 0.663086 0.525391 0.669922 0.530273 0.671875 0.529297 0.666016
0 0.468750 0.826172 0.462891 0.826172 0.458984 0.830078 0.458984 0.833984 0.466797 0.831055
0 0.922852 0.453125 0.923828 0.458984 0.928711 0.460938 0.927734 0.455078
0 0.692383 0.572266 0.687500 0.574219 0.685547 0.583008 0.692383 0.579102
0 0.558594 0.125000 0.558594 0.129883 0.566406 0.133789 0.564453 0.126953
0 0.739258 0.658203 0.743164 0.664062 0.750000 0.664062 0.748047 0.660156
0 0.123047 0.275391 0.124023 0.281250 0.128906 0.283203 0.127930 0.278320
0 0.513672 0.546875 0.507812 0.548828 0.505859 0.552734 0.512695 0.551758
0 0.690430 0.807617 0.685547 0.810547 0.684570 0.817383 0.690430 0.814453
0 0.626953 0.442383 0.622070 0.444336 0.621094 0.451172 0.626953 0.447266
0 0.026367 0.209961 0.026367 0.215820 0.031250 0.220703 0.031250 0.212891
0 0.314453 0.021484 0.309570 0.028320 0.310547 0.034180 0.313477 0.034180 0.316406 0.029297
0 0.321289 0.750000 0.324219 0.753906 0.333984 0.752930 0.333008 0.749023
0 0.006836 0.798828 0.006836 0.803711 0.013672 0.806641 0.012695 0.801758
0 0.071289 0.869141 0.067383 0.871094 0.067383 0.878906 0.071289 0.875977
0 0.082031 0.812500 0.073242 0.815430 0.072266 0.819336 0.078125 0.819336
0 0.210938 0.034180 0.208008 0.034180 0.204102 0.042969 0.206055 0.044922 0.210938 0.041016
0 0.985352 0.076172 0.980469 0.078125 0.979492 0.083984 0.986328 0.080078
0 0.677734 0.292969 0.671875 0.295898 0.670898 0.301758 0.677734 0.297852
0 0.555664 0.348633 0.560547 0.353516 0.565430 0.351562 0.562500 0.347656
0 0.490234 0.453125 0.482422 0.453125 0.479492 0.458984 0.487305 0.458008
0 0.734375 0.702148 0.733398 0.705078 0.737305 0.710938 0.738281 0.705078
0 0.890625 0.933594 0.886719 0.936523 0.886719 0.943359 0.891602 0.937500
0 0.813477 0.163086 0.813477 0.170898 0.817383 0.172852 0.818359 0.166016
0 0.571289 0.215820 0.573242 0.222656 0.577148 0.223633 0.576172 0.217773
0 0.093750 0.316406 0.085938 0.317383 0.083984 0.322266 0.091797 0.320312
0 0.893555 0.154297 0.892578 0.157227 0.897461 0.162109 0.897461 0.155273