0 0.211914 0.367188 0.207031 0.365234 0.201172 0.367188 0.201172 0.369141 0.209961 0.371094
0 0.091797 0.433594 0.090820 0.441406 0.092773 0.444336 0.095703 0.444336 0.095703 0.437500
0 0.337891 0.665039 0.331055 0.665039 0.327148 0.668945 0.336914 0.668945
0 0.527344 0.168945 0.522461 0.176758 0.527344 0.174805
0 0.467773 0.721680 0.471680 0.728516 0.477539 0.729492 0.474609 0.722656
0 0.946289 0.076172 0.949219 0.081055 0.957031 0.083008 0.957031 0.080078 0.951172 0.075195
0 0.937500 0.547852 0.940430 0.553711 0.949219 0.554688 0.946289 0.549805
0 0.601562 0.349609 0.601562 0.355469 0.606445 0.360352 0.606445 0.352539 0.604492 0.349609
0 0.324219 0.437500 0.326172 0.440430 0.333008 0.441406 0.333008 0.438477 0.330078 0.436523
0 0.973633 0.606445 0.975586 0.613281 0.983398 0.616211 0.982422 0.610352 0.979492 0.607422
0 0.158203 0.158203 0.153320 0.159180 0.150391 0.166016 0.151367 0.171875 0.154297 0.171875 0.158203 0.166992
0 0.410156 0.511719 0.408203 0.518555 0.415039 0.524414 0.414062 0.514648
0 0.736328 0.626953 0.729492 0.629883 0.727539 0.638672 0.734375 0.635742
0 0.110352 0.394531 0.112305 0.398438 0.122070 0.397461 0.118164 0.393555
0 0.901367 0.942383 0.898438 0.942383 0.896484 0.946289 0.897461 0.951172 0.901367 0.948242
0 0.569336 0.620117 0.562500 0.624023 0.561523 0.631836 0.568359 0.628906
0 0.907227 0.260742 0.904297 0.259766 0.898438 0.264648 0.903320 0.265625
0 0.500977 0.640625 0.495117 0.636719 0.487305 0.639648 0.493164 0.643555 0.500000 0.642578
0 0.241211 0.163086 0.241211 0.166992 0.249023 0.171875 0.249023 0.166992 0.245117 0.163086
0 0.641602 0.627930 0.644531 0.632812 0.650391 0.633789 0.648438 0.628906
0 0.825195 0.817383 0.824219 0.822266 0.826172 0.828125 0.828125 0.828125 0.829102 0.819336
0 0.600586 0.224609 0.599609 0.228516 0.602539 0.234375 0.604492 0.227539
0 0.888672 0.906250 0.888672 0.909180 0.900391 0.910156 0.898438 0.906250
0 0.308594 0.668945 0.311523 0.673828 0.318359 0.674805 0.316406 0.669922
0 0.083008 0.650391 0.078125 0.653320 0.077148 0.660156 0.083008 0.655273
0 0.227539 0.654297 0.222656 0.652344 0.215820 0.658203 0.220703 0.659180
0 0.875977 0.840820 0.875977 0.850586 0.879883 0.850586 0.879883 0.842773
0 0.482422 0.875000 0.482422 0.876953 0.489258 0.878906 0.494141 0.876953 0.492188 0.873047
0 0.722656 0.600586 0.721680 0.606445 0.728516 0.610352 0.727539 0.603516
0 0.013672 0.704102 0.009766 0.704102 0.005859 0.708008 0.004883 0.711914 0.006836 0.713867 0.010742 0.711914
0 0.938477 0.782227 0.940430 0.786133 0.950195 0.786133 0.951172 0.784180 0.947266 0.781250
0 0.047852 0.842773 0.050781 0.847656 0.059570 0.848633 0.058594 0.844727
0 0.254883 0.334961 0.250977 0.340820 0.252930 0.347656 0.256836 0.340820
0 0.958008 0.094727 0.953125 0.094727 0.950195 0.097656 0.948242 0.105469 0.957031 0.100586
0 0.537109 0.475586 0.538086 0.483398 0.543945 0.486328 0.542969 0.478516
0 0.246094 0.025391 0.250977 0.034180 0.258789 0.034180 0.254883 0.027344
0 0.851562 0.367188 0.851562 0.370117 0.855469 0.372070 0.864258 0.369141 0.864258 0.367188 0.857422 0.365234
0 0.346680 0.691406 0.347656 0.697266 0.355469 0.701172 0.356445 0.699219 0.353516 0.694336
0 0.148438 0.671875 0.149414 0.676758 0.153320 0.680664 0.158203 0.681641 0.158203 0.676758
0 0.105469 0.280273 0.101562 0.283203 0.102539 0.290039 0.107422 0.285156
0 0.731445 0.485352 0.731445 0.487305 0.740234 0.486328 0.739258 0.483398
0 0.029297 0.219727 0.033203 0.225586 0.040039 0.226562 0.035156 0.219727
0 0.178711 0.105469 0.181641 0.108398 0.188477 0.106445 0.184570 0.103516
0 0.435547 0.460938 0.427734 0.462891 0.426758 0.466797 0.433594 0.465820
0 0.420898 0.472656 0.418945 0.476562 0.419922 0.481445 0.422852 0.483398 0.423828 0.475586
0 0.551758 0.102539 0.555664 0.110352 0.562500 0.110352 0.559570 0.104492
0 0.055664 0.662109 0.048828 0.666016 0.047852 0.674805 0.054688 0.669922
0 0.426758 0.077148 0.427734 0.083008 0.433594 0.084961 0.431641 0.079102
0 0.188477 0.930664 0.189453 0.937500 0.196289 0.941406 0.196289 0.934570
0 0.923828 0.524414 0.928711 0.530273 0.939453 0.530273 0.934570 0.524414
0 0.709961 0.204102 0.707031 0.204102 0.705078 0.207031 0.706055 0.213867 0.708984 0.210938
0 0.900391 0.014648 0.898438 0.022461 0.903320 0.027344 0.905273 0.021484
0 0.412109 0.787109 0.411133 0.794922 0.414062 0.796875 0.415039 0.790039
0 0.789062 0.667969 0.790039 0.671875 0.796875 0.671875 0.798828 0.669922 0.793945 0.666992
0 0.529297 0.959961 0.534180 0.960938 0.541016 0.958008 0.541016 0.956055 0.533203 0.955078 0.529297 0.957031
0 0.014648 0.281250 0.009766 0.282227 0.006836 0.288086 0.011719 0.288086
0 0.579102 0.521484 0.578125 0.528320 0.582031 0.534180 0.583984 0.525391 0.582031 0.521484
0 0.586914 0.367188 0.581055 0.371094 0.581055 0.375000 0.586914 0.372070
0 0.176758 0.450195 0.177734 0.458008 0.182617 0.459961 0.181641 0.452148
0 0.176758 0.949219 0.177734 0.956055 0.180664 0.959961 0.183594 0.959961 0.181641 0.950195
0 0.739258 0.827148 0.740234 0.834961 0.746094 0.837891 0.747070 0.833008 0.743164 0.828125
0 0.907227 0.074219 0.901367 0.075195 0.898438 0.081055 0.904297 0.080078
0 0.071289 0.746094 0.072266 0.752930 0.080078 0.756836 0.077148 0.748047