0 0.399414 0.057617 0.403320 0.062500 0.411133 0.061523 0.407227 0.057617
0 0.030273 0.983398 0.030273 0.989258 0.037109 0.994141 0.035156 0.985352
0 0.812500 0.515625 0.810547 0.521484 0.814453 0.525391 0.816406 0.518555
0 0.660156 0.835938 0.661133 0.841797 0.666016 0.844727 0.665039 0.835938
0 0.257812 0.125000 0.251953 0.126953 0.250000 0.132812 0.253906 0.132812
0 0.661133 0.908203 0.661133 0.916016 0.666016 0.920898 0.666992 0.914062
0 0.376953 0.876953 0.385742 0.877930 0.390625 0.874023 0.388672 0.872070 0.380859 0.872070 0.376953 0.874023
0 0.905273 0.461914 0.904297 0.466797 0.906250 0.470703 0.911133 0.472656 0.910156 0.464844
0 0.692383 0.333008 0.685547 0.335938 0.684570 0.341797 0.690430 0.338867
0 0.813477 0.552734 0.807617 0.554688 0.805664 0.563477 0.812500 0.559570
0 0.292969 0.613281 0.289062 0.613281 0.286133 0.620117 0.291016 0.619141
0 0.292969 0.321289 0.291992 0.328125 0.295898 0.332031 0.295898 0.324219
0 0.937500 0.470703 0.937500 0.476562 0.944336 0.479492 0.942383 0.471680
0 0.256836 0.632812 0.259766 0.638672 0.266602 0.639648 0.263672 0.633789
0 0.530273 0.289062 0.525391 0.289062 0.521484 0.296875 0.529297 0.294922
0 0.502930 0.150391 0.503906 0.157227 0.508789 0.160156 0.507812 0.152344
0 0.815430 0.068359 0.811523 0.071289 0.811523 0.078125 0.814453 0.082031 0.817383 0.077148 0.817383 0.070312
0 0.161133 0.214844 0.161133 0.219727 0.166992 0.224609 0.166992 0.217773
0 0.377930 0.937500 0.381836 0.942383 0.387695 0.942383 0.386719 0.938477
0 0.303711 0.235352 0.300781 0.245117 0.303711 0.245117 0.305664 0.241211 0.305664 0.236328
0 0.153320 0.171875 0.156250 0.176758 0.162109 0.178711 0.158203 0.171875
0 0.225586 0.194336 0.229492 0.199219 0.236328 0.199219 0.234375 0.194336
0 0.075195 0.392578 0.070312 0.395508 0.070312 0.405273 0.075195 0.400391
0 0.705078 0.267578 0.700195 0.269531 0.698242 0.273438 0.699219 0.279297 0.703125 0.278320
0 0.505859 0.453125 0.498047 0.455078 0.497070 0.459961 0.503906 0.458008
0 0.358398 0.692383 0.352539 0.694336 0.350586 0.700195 0.355469 0.699219
0 0.496094 0.529297 0.490234 0.531250 0.488281 0.540039 0.495117 0.536133
0 0.885742 0.323242 0.887695 0.331055 0.891602 0.334961 0.895508 0.334961 0.893555 0.326172 0.888672 0.322266
0 0.764648 0.142578 0.767578 0.145508 0.775391 0.143555 0.773438 0.140625
0 0.594727 0.237305 0.589844 0.236328 0.583984 0.242188 0.590820 0.242188 0.594727 0.240234
0 0.661133 0.399414 0.660156 0.407227 0.664062 0.411133 0.666016 0.401367
0 0.355469 0.386719 0.353516 0.388672 0.354492 0.394531 0.359375 0.397461 0.360352 0.392578
0 0.910156 0.248047 0.903320 0.250000 0.900391 0.254883 0.906250 0.254883
0 0.230469 0.138672 0.222656 0.139648 0.218750 0.146484 0.227539 0.144531
0 0.683594 0.058594 0.687500 0.062500 0.694336 0.061523 0.691406 0.057617
0 0.690430 0.368164 0.688477 0.374023 0.689453 0.377930 0.692383 0.378906 0.694336 0.371094 0.693359 0.368164
0 0.718750 0.710938 0.719727 0.720703 0.725586 0.722656 0.723633 0.713867
0 0.066406 0.031250 0.069336 0.040039 0.072266 0.040039 0.071289 0.033203
0 0.928711 0.290039 0.930664 0.297852 0.935547 0.301758 0.938477 0.300781 0.936523 0.293945
0 0.951172 0.753906 0.943359 0.754883 0.942383 0.758789 0.948242 0.758789
0 0.272461 0.394531 0.264648 0.395508 0.260742 0.401367 0.270508 0.399414
0 0.553711 0.780273 0.556641 0.786133 0.565430 0.787109 0.560547 0.780273
0 0.014648 0.891602 0.010742 0.892578 0.009766 0.901367 0.013672 0.899414
0 0.687500 0.568359 0.682617 0.570312 0.681641 0.576172 0.686523 0.573242
0 0.926758 0.046875 0.922852 0.045898 0.917969 0.050781 0.924805 0.050781
0 0.682617 0.594727 0.683594 0.599609 0.691406 0.603516 0.690430 0.597656
0 0.545898 0.811523 0.546875 0.817383 0.552734 0.820312 0.550781 0.813477
0 0.767578 0.054688 0.770508 0.057617 0.779297 0.055664 0.775391 0.052734
0 0.325195 0.480469 0.326172 0.487305 0.332031 0.489258 0.330078 0.482422
0 0.975586 0.949219 0.969727 0.950195 0.966797 0.956055 0.974609 0.954102
0 0.592773 0.425781 0.595703 0.432617 0.602539 0.433594 0.599609 0.427734
0 0.072266 0.144531 0.074219 0.149414 0.081055 0.149414 0.079102 0.145508
0 0.052734 0.812500 0.054688 0.818359 0.061523 0.822266 0.061523 0.816406 0.055664 0.811523
0 0.004883 0.664062 0.005859 0.670898 0.009766 0.672852 0.008789 0.666016
0 0.433594 0.932617 0.441406 0.933594 0.444336 0.929688 0.438477 0.928711
0 0.193359 0.917969 0.193359 0.924805 0.201172 0.927734 0.199219 0.920898
0 0.731445 0.614258 0.732422 0.621094 0.737305 0.624023 0.738281 0.618164 0.736328 0.615234
0 0.072266 0.498047 0.072266 0.503906 0.076172 0.507812 0.077148 0.501953
0 0.072266 0.180664 0.068359 0.178711 0.062500 0.179688 0.059570 0.183594 0.069336 0.184570
0 0.740234 0.004883 0.732422 0.009766 0.732422 0.014648 0.738281 0.012695
0 0.514648 0.246094 0.512695 0.248047 0.513672 0.254883 0.516602 0.258789 0.519531 0.258789 0.519531 0.250000
0 0.261719 0.523438 0.262695 0.530273 0.269531 0.535156 0.268555 0.526367 0.265625 0.523438
0 0.565430 0.597656 0.559570 0.600586 0.558594 0.608398 0.564453 0.605469
0 0.945312 0.732422 0.940430 0.735352 0.940430 0.745117 0.945312 0.740234
0 0.891602 0.874023 0.892578 0.878906 0.901367 0.880859 0.898438 0.875000