0 0.664062 0.503906 0.671875 0.504883 0.676758 0.500977 0.666992 0.500000
0 0.318359 0.668945 0.320312 0.673828 0.330078 0.674805 0.328125 0.669922
0 0.475586 0.980469 0.476562 0.988281 0.481445 0.990234 0.479492 0.982422
0 0.572266 0.817383 0.567383 0.816406 0.562500 0.821289 0.569336 0.822266
0 0.742188 0.614258 0.734375 0.614258 0.728516 0.620117 0.730469 0.622070 0.737305 0.621094 0.741211 0.618164
0 0.109375 0.668945 0.104492 0.672852 0.105469 0.681641 0.110352 0.674805
0 0.634766 0.916016 0.626953 0.915039 0.624023 0.916992 0.624023 0.919922 0.630859 0.919922
0 0.620117 0.270508 0.614258 0.274414 0.614258 0.283203 0.621094 0.277344
0 0.939453 0.158203 0.945312 0.164062 0.952148 0.163086 0.952148 0.160156 0.947266 0.157227
0 0.200195 0.547852 0.193359 0.547852 0.189453 0.552734 0.193359 0.553711
0 0.027344 0.118164 0.021484 0.119141 0.019531 0.125000 0.025391 0.123047
0 0.031250 0.221680 0.027344 0.223633 0.027344 0.231445 0.031250 0.228516
0 0.549805 0.147461 0.543945 0.148438 0.541992 0.152344 0.545898 0.153320
0 0.798828 0.027344 0.799805 0.034180 0.805664 0.038086 0.805664 0.032227 0.801758 0.027344
0 0.842773 0.219727 0.837891 0.222656 0.836914 0.229492 0.841797 0.227539
0 0.579102 0.458984 0.575195 0.463867 0.577148 0.469727 0.580078 0.465820
0 0.613281 0.453125 0.614258 0.462891 0.620117 0.464844 0.620117 0.458008
0 0.295898 0.688477 0.299805 0.692383 0.308594 0.691406 0.307617 0.688477 0.301758 0.686523
0 0.752930 0.838867 0.747070 0.838867 0.743164 0.845703 0.750977 0.843750
0 0.865234 0.539062 0.869141 0.542969 0.875977 0.541992 0.875977 0.539062 0.872070 0.537109
0 0.486328 0.888672 0.486328 0.896484 0.489258 0.897461 0.490234 0.890625
0 0.291992 0.151367 0.291016 0.154297 0.297852 0.158203 0.297852 0.154297
0 0.771484 0.333008 0.766602 0.333984 0.765625 0.339844 0.771484 0.335938
0 0.104492 0.362305 0.105469 0.367188 0.111328 0.371094 0.111328 0.365234
0 0.630859 0.074219 0.633789 0.078125 0.640625 0.077148 0.637695 0.073242
0 0.801758 0.517578 0.806641 0.521484 0.811523 0.519531 0.809570 0.516602
0 0.863281 0.409180 0.866211 0.413086 0.872070 0.412109 0.872070 0.409180
0 0.092773 0.202148 0.086914 0.202148 0.083008 0.207031 0.086914 0.208008 0.092773 0.205078
0 0.683594 0.821289 0.677734 0.824219 0.677734 0.830078 0.682617 0.827148
0 0.458008 0.761719 0.453125 0.767578 0.454102 0.773438 0.458984 0.770508
0 0.739258 0.867188 0.734375 0.867188 0.732422 0.873047 0.736328 0.872070
0 0.194336 0.251953 0.187500 0.252930 0.185547 0.256836 0.192383 0.255859
0 0.488281 0.650391 0.484375 0.654297 0.486328 0.664062 0.489258 0.659180
0 0.833984 0.033203 0.830078 0.036133 0.832031 0.044922 0.834961 0.040039
0 0.643555 0.522461 0.645508 0.526367 0.652344 0.527344 0.651367 0.523438
0 0.404297 0.913086 0.404297 0.918945 0.411133 0.922852 0.409180 0.915039
0 0.219727 0.031250 0.221680 0.039062 0.226562 0.041992 0.226562 0.036133
0 0.902344 0.602539 0.907227 0.608398 0.913086 0.609375 0.912109 0.604492
0 0.164062 0.081055 0.164062 0.086914 0.168945 0.091797 0.168945 0.083984 0.166992 0.081055
0 0.573242 0.636719 0.572266 0.643555 0.576172 0.645508 0.576172 0.639648
0 0.031250 0.639648 0.023438 0.641602 0.020508 0.646484 0.022461 0.648438 0.028320 0.646484
0 0.813477 0.749023 0.816406 0.753906 0.824219 0.753906 0.820312 0.749023
0 0.826172 0.830078 0.821289 0.832031 0.819336 0.838867 0.825195 0.835938