0 0.947266 0.629883 0.945312 0.631836 0.946289 0.638672 0.949219 0.642578 0.952148 0.642578 0.952148 0.633789
0 0.701172 0.208984 0.705078 0.213867 0.708984 0.214844 0.711914 0.212891 0.708008 0.208008
0 0.467773 0.035156 0.462891 0.037109 0.461914 0.043945 0.465820 0.041992
0 0.257812 0.254883 0.261719 0.260742 0.267578 0.261719 0.264648 0.255859
0 0.758789 0.425781 0.759766 0.428711 0.769531 0.426758 0.769531 0.423828 0.762695 0.422852
0 0.360352 0.074219 0.362305 0.082031 0.366211 0.083008 0.364258 0.075195
0 0.428711 0.102539 0.432617 0.104492 0.438477 0.103516 0.436523 0.100586
0 0.506836 0.346680 0.500977 0.349609 0.500000 0.353516 0.501953 0.355469 0.505859 0.352539
0 0.007812 0.930664 0.015625 0.930664 0.017578 0.926758 0.011719 0.926758
0 0.977539 0.239258 0.979492 0.244141 0.986328 0.246094 0.981445 0.238281
0 0.622070 0.155273 0.621094 0.160156 0.625977 0.166016 0.626953 0.160156
0 0.725586 0.090820 0.720703 0.093750 0.721680 0.101562 0.725586 0.097656
0 0.113281 0.911133 0.109375 0.913086 0.109375 0.920898 0.113281 0.917969
0 0.326172 0.187500 0.327148 0.192383 0.334961 0.196289 0.333008 0.189453
0 0.851562 0.919922 0.850586 0.926758 0.854492 0.931641 0.855469 0.923828
0 0.035156 0.526367 0.038086 0.531250 0.047852 0.531250 0.042969 0.526367
0 0.632812 0.627930 0.630859 0.636719 0.633789 0.639648 0.636719 0.630859
0 0.702148 0.743164 0.703125 0.748047 0.707031 0.750977 0.708008 0.747070
0 0.546875 0.847656 0.548828 0.852539 0.556641 0.855469 0.554688 0.848633
0 0.405273 0.574219 0.401367 0.577148 0.401367 0.584961 0.406250 0.581055
0 0.266602 0.147461 0.269531 0.152344 0.278320 0.154297 0.274414 0.147461
0 0.531250 0.099609 0.527344 0.101562 0.525391 0.107422 0.530273 0.105469
0 0.951172 0.821289 0.953125 0.825195 0.960938 0.826172 0.959961 0.823242 0.954102 0.820312
0 0.595703 0.291016 0.597656 0.294922 0.606445 0.296875 0.602539 0.290039 0.597656 0.289062
0 0.500977 0.614258 0.492188 0.615234 0.491211 0.619141 0.495117 0.619141
0 0.329102 0.809570 0.325195 0.810547 0.324219 0.819336 0.327148 0.817383
0 0.695312 0.077148 0.692383 0.077148 0.690430 0.080078 0.691406 0.086914 0.694336 0.084961
0 0.438477 0.551758 0.437500 0.556641 0.443359 0.561523 0.442383 0.553711
0 0.408203 0.711914 0.409180 0.718750 0.413086 0.720703 0.412109 0.712891
0 0.377930 0.678711 0.377930 0.684570 0.381836 0.688477 0.381836 0.680664
0 0.037109 0.333984 0.041016 0.340820 0.046875 0.340820 0.044922 0.334961
0 0.118164 0.941406 0.111328 0.940430 0.106445 0.943359 0.106445 0.947266 0.111328 0.947266
0 0.040039 0.958984 0.041016 0.966797 0.045898 0.969727 0.045898 0.962891
0 0.828125 0.220703 0.827148 0.225586 0.832031 0.231445 0.833008 0.225586
0 0.166016 0.701172 0.162109 0.702148 0.161133 0.709961 0.165039 0.708008
0 0.515625 0.512695 0.510742 0.513672 0.506836 0.520508 0.514648 0.517578
0 0.182617 0.529297 0.180664 0.530273 0.180664 0.536133 0.185547 0.540039 0.186523 0.534180
0 0.824219 0.835938 0.819336 0.835938 0.814453 0.844727 0.821289 0.841797
0 0.782227 0.594727 0.782227 0.596680 0.787109 0.598633 0.791992 0.596680 0.790039 0.592773
0 0.521484 0.849609 0.513672 0.853516 0.513672 0.859375 0.519531 0.856445
0 0.262695 0.707031 0.257812 0.708008 0.253906 0.713867 0.258789 0.714844
0 0.759766 0.328125 0.756836 0.330078 0.757812 0.337891 0.760742 0.333984
0 0.329102 0.743164 0.330078 0.747070 0.335938 0.750000 0.333984 0.744141
0 0.165039 0.329102 0.164062 0.333984 0.166016 0.338867 0.167969 0.338867 0.168945 0.333008
0 0.723633 0.829102 0.725586 0.834961 0.731445 0.834961 0.728516 0.830078
0 0.709961 0.082031 0.710938 0.085938 0.717773 0.087891 0.715820 0.083008
0 0.522461 0.809570 0.518555 0.812500 0.518555 0.821289 0.522461 0.819336
0 0.500977 0.668945 0.500000 0.678711 0.502930 0.678711 0.503906 0.670898
0 0.877930 0.629883 0.877930 0.632812 0.884766 0.636719 0.883789 0.631836
0 0.389648 0.402344 0.394531 0.410156 0.400391 0.411133 0.397461 0.404297
0 0.347656 0.052734 0.346680 0.058594 0.349609 0.060547 0.350586 0.052734
0 0.277344 0.314453 0.272461 0.315430 0.270508 0.321289 0.276367 0.319336
0 0.876953 0.013672 0.875977 0.020508 0.881836 0.025391 0.881836 0.018555
0 0.206055 0.373047 0.208984 0.377930 0.215820 0.378906 0.213867 0.374023
0 0.225586 0.675781 0.223633 0.682617 0.224609 0.685547 0.227539 0.685547 0.229492 0.676758
0 0.403320 0.365234 0.404297 0.370117 0.413086 0.371094 0.410156 0.366211
0 0.653320 0.057617 0.655273 0.063477 0.662109 0.064453 0.659180 0.058594
0 0.978516 0.072266 0.978516 0.077148 0.982422 0.082031 0.983398 0.074219
0 0.245117 0.396484 0.240234 0.399414 0.240234 0.407227 0.245117 0.402344