0 0.881836 0.048828 0.882812 0.057617 0.887695 0.058594 0.885742 0.050781
0 0.897461 0.494141 0.901367 0.499023 0.907227 0.498047 0.903320 0.494141
0 0.836914 0.856445 0.839844 0.862305 0.845703 0.863281 0.841797 0.856445
0 0.259766 0.782227 0.254883 0.784180 0.252930 0.791016 0.259766 0.787109
0 0.643555 0.779297 0.636719 0.783203 0.635742 0.788086 0.642578 0.785156
0 0.108398 0.955078 0.102539 0.956055 0.100586 0.961914 0.104492 0.960938
0 0.859375 0.439453 0.859375 0.449219 0.863281 0.451172 0.863281 0.443359
0 0.495117 0.457031 0.499023 0.464844 0.503906 0.463867 0.501953 0.458984
0 0.030273 0.348633 0.031250 0.355469 0.036133 0.357422 0.035156 0.351562
0 0.224609 0.801758 0.222656 0.802734 0.221680 0.809570 0.223633 0.814453 0.226562 0.815430 0.228516 0.807617
0 0.864258 0.042969 0.865234 0.053711 0.869141 0.055664 0.869141 0.045898 0.867188 0.042969
0 0.991211 0.465820 0.985352 0.465820 0.983398 0.469727 0.990234 0.469727
0 0.919922 0.151367 0.928711 0.152344 0.933594 0.147461 0.923828 0.146484
0 0.147461 0.290039 0.151367 0.294922 0.158203 0.294922 0.158203 0.291992 0.155273 0.290039
0 0.770508 0.851562 0.769531 0.862305 0.773438 0.867188 0.775391 0.857422 0.773438 0.852539
0 0.061523 0.131836 0.062500 0.133789 0.072266 0.132812 0.071289 0.129883
0 0.193359 0.454102 0.193359 0.458984 0.200195 0.461914 0.201172 0.458984
0 0.316406 0.819336 0.310547 0.819336 0.304688 0.824219 0.311523 0.825195 0.316406 0.822266
0 0.142578 0.876953 0.144531 0.881836 0.150391 0.882812 0.147461 0.877930
0 0.794922 0.140625 0.797852 0.144531 0.804688 0.144531 0.804688 0.141602 0.801758 0.139648
0 0.654297 0.351562 0.647461 0.352539 0.644531 0.356445 0.645508 0.358398 0.651367 0.356445
0 0.422852 0.731445 0.427734 0.736328 0.432617 0.734375 0.429688 0.730469
0 0.922852 0.014648 0.922852 0.021484 0.925781 0.022461 0.926758 0.017578
0 0.173828 0.577148 0.172852 0.582031 0.176758 0.587891 0.178711 0.583008
0 0.485352 0.595703 0.485352 0.601562 0.488281 0.606445 0.489258 0.597656
0 0.545898 0.701172 0.540039 0.702148 0.536133 0.708984 0.543945 0.707031
0 0.845703 0.553711 0.852539 0.554688 0.856445 0.549805 0.847656 0.549805
0 0.515625 0.684570 0.519531 0.690430 0.525391 0.691406 0.523438 0.685547
0 0.679688 0.162109 0.681641 0.166992 0.692383 0.166016 0.689453 0.162109
0 0.832031 0.963867 0.833008 0.969727 0.838867 0.972656 0.837891 0.966797
0 0.812500 0.478516 0.808594 0.479492 0.807617 0.487305 0.811523 0.485352
0 0.060547 0.157227 0.062500 0.166016 0.067383 0.166992 0.065430 0.159180
0 0.026367 0.514648 0.025391 0.520508 0.029297 0.524414 0.030273 0.516602
0 0.611328 0.772461 0.604492 0.773438 0.600586 0.780273 0.607422 0.780273
0 0.388672 0.748047 0.397461 0.749023 0.401367 0.745117 0.391602 0.743164 0.388672 0.745117
0 0.282227 0.603516 0.281250 0.610352 0.285156 0.615234 0.286133 0.606445