0 0.703125 0.429688 0.699219 0.434570 0.699219 0.439453 0.703125 0.438477
0 0.641602 0.720703 0.636719 0.721680 0.634766 0.728516 0.639648 0.726562
0 0.723633 0.324219 0.724609 0.331055 0.728516 0.333008 0.727539 0.325195
0 0.052734 0.108398 0.048828 0.111328 0.048828 0.120117 0.053711 0.116211
0 0.702148 0.849609 0.695312 0.852539 0.693359 0.861328 0.700195 0.857422
0 0.963867 0.031250 0.965820 0.041992 0.970703 0.043945 0.968750 0.032227
0 0.728516 0.158203 0.727539 0.165039 0.729492 0.169922 0.732422 0.169922 0.733398 0.164062
0 0.290039 0.317383 0.293945 0.325195 0.303711 0.326172 0.300781 0.320312
0 0.424805 0.089844 0.424805 0.098633 0.427734 0.099609 0.428711 0.089844
0 0.328125 0.197266 0.323242 0.198242 0.322266 0.207031 0.327148 0.203125
0 0.149414 0.607422 0.146484 0.609375 0.147461 0.618164 0.151367 0.612305
0 0.378906 0.966797 0.379883 0.973633 0.385742 0.976562 0.383789 0.969727
0 0.891602 0.851562 0.895508 0.859375 0.902344 0.860352 0.900391 0.853516
0 0.015625 0.707031 0.015625 0.712891 0.023438 0.717773 0.021484 0.709961
0 0.018555 0.691406 0.014648 0.693359 0.013672 0.701172 0.018555 0.697266
0 0.899414 0.458008 0.905273 0.465820 0.911133 0.466797 0.906250 0.458008
0 0.050781 0.710938 0.051758 0.714844 0.060547 0.716797 0.057617 0.711914
0 0.898438 0.417969 0.891602 0.418945 0.886719 0.426758 0.896484 0.424805 0.899414 0.420898
0 0.482422 0.404297 0.483398 0.408203 0.489258 0.412109 0.488281 0.406250
0 0.405273 0.080078 0.403320 0.089844 0.408203 0.095703 0.410156 0.087891 0.407227 0.080078
0 0.471680 0.035156 0.474609 0.042969 0.480469 0.044922 0.479492 0.038086
0 0.375977 0.135742 0.370117 0.136719 0.368164 0.141602 0.375977 0.139648
0 0.538086 0.916992 0.535156 0.917969 0.536133 0.927734 0.539062 0.921875
0 0.945312 0.045898 0.939453 0.046875 0.937500 0.051758 0.942383 0.050781
0 0.818359 0.135742 0.815430 0.135742 0.813477 0.138672 0.814453 0.147461 0.818359 0.142578
0 0.171875 0.095703 0.170898 0.102539 0.174805 0.108398 0.176758 0.099609 0.174805 0.095703
0 0.852539 0.057617 0.846680 0.056641 0.841797 0.062500 0.847656 0.062500
0 0.244141 0.918945 0.248047 0.923828 0.254883 0.924805 0.252930 0.919922 0.246094 0.916992
0 0.278320 0.598633 0.280273 0.607422 0.285156 0.609375 0.285156 0.602539
0 0.254883 0.063477 0.255859 0.071289 0.260742 0.073242 0.258789 0.065430