0 0.528320 0.169922 0.532227 0.172852 0.540039 0.172852 0.538086 0.168945
0 0.361328 0.642578 0.362305 0.648438 0.368164 0.651367 0.367188 0.645508
0 0.667969 0.197266 0.660156 0.195312 0.650391 0.200195 0.655273 0.203125 0.662109 0.203125
0 0.042969 0.650391 0.041992 0.657227 0.046875 0.661133 0.046875 0.653320
0 0.657227 0.336914 0.649414 0.338867 0.647461 0.342773 0.655273 0.341797
0 0.164062 0.677734 0.160156 0.677734 0.158203 0.686523 0.163086 0.683594
0 0.386719 0.052734 0.390625 0.057617 0.397461 0.056641 0.392578 0.051758
0 0.485352 0.180664 0.495117 0.180664 0.500000 0.175781 0.491211 0.174805
0 0.404297 0.337891 0.403320 0.339844 0.406250 0.344727 0.411133 0.345703 0.411133 0.341797
0 0.166016 0.825195 0.167969 0.833008 0.171875 0.835938 0.172852 0.830078 0.170898 0.826172
0 0.032227 0.281250 0.034180 0.286133 0.041016 0.287109 0.038086 0.282227
0 0.202148 0.107422 0.207031 0.116211 0.211914 0.115234 0.207031 0.108398
0 0.090820 0.615234 0.095703 0.617188 0.100586 0.615234 0.100586 0.612305 0.093750 0.612305
0 0.672852 0.504883 0.671875 0.512695 0.677734 0.518555 0.677734 0.509766
0 0.468750 0.780273 0.471680 0.785156 0.477539 0.786133 0.473633 0.779297
0 0.329102 0.888672 0.325195 0.891602 0.326172 0.899414 0.329102 0.897461
0 0.259766 0.748047 0.259766 0.750977 0.268555 0.751953 0.267578 0.748047
0 0.677734 0.657227 0.680664 0.661133 0.689453 0.662109 0.688477 0.657227
0 0.401367 0.833984 0.395508 0.837891 0.394531 0.845703 0.396484 0.846680 0.402344 0.839844
0 0.815430 0.097656 0.811523 0.097656 0.808594 0.100586 0.807617 0.108398 0.810547 0.108398 0.815430 0.103516
0 0.184570 0.738281 0.185547 0.742188 0.195312 0.742188 0.192383 0.738281
0 0.443359 0.129883 0.439453 0.131836 0.438477 0.138672 0.443359 0.135742
0 0.347656 0.622070 0.342773 0.624023 0.341797 0.630859 0.346680 0.628906
0 0.191406 0.020508 0.193359 0.025391 0.200195 0.026367 0.196289 0.020508
0 0.492188 0.305664 0.499023 0.312500 0.502930 0.312500 0.501953 0.307617 0.499023 0.305664
0 0.228516 0.547852 0.232422 0.554688 0.238281 0.555664 0.234375 0.548828
0 0.480469 0.168945 0.477539 0.169922 0.478516 0.177734 0.481445 0.174805
0 0.641602 0.314453 0.644531 0.320312 0.650391 0.321289 0.646484 0.314453
0 0.183594 0.789062 0.177734 0.790039 0.175781 0.793945 0.181641 0.792969
0 0.129883 0.792969 0.124023 0.793945 0.120117 0.799805 0.127930 0.798828 0.130859 0.794922
0 0.366211 0.322266 0.362305 0.323242 0.361328 0.331055 0.365234 0.329102
0 0.064453 0.401367 0.063477 0.408203 0.066406 0.411133 0.068359 0.405273
0 0.651367 0.019531 0.647461 0.019531 0.642578 0.027344 0.649414 0.025391
0 0.457031 0.139648 0.458008 0.147461 0.461914 0.148438 0.461914 0.143555
0 0.864258 0.873047 0.863281 0.877930 0.867188 0.882812 0.868164 0.875000