0 0.629883 0.873047 0.629883 0.880859 0.633789 0.882812 0.633789 0.876953
0 0.516602 0.566406 0.516602 0.569336 0.519531 0.571289 0.528320 0.570312 0.525391 0.566406
0 0.785156 0.789062 0.788086 0.793945 0.795898 0.793945 0.791992 0.789062
0 0.247070 0.446289 0.246094 0.452148 0.250977 0.456055 0.250977 0.450195
0 0.384766 0.102539 0.386719 0.108398 0.393555 0.111328 0.391602 0.104492
0 0.483398 0.162109 0.479492 0.162109 0.475586 0.169922 0.481445 0.167969
0 0.136719 0.059570 0.132812 0.057617 0.125977 0.059570 0.125977 0.061523 0.131836 0.063477 0.135742 0.062500
0 0.686523 0.743164 0.686523 0.746094 0.690430 0.748047 0.698242 0.747070 0.695312 0.743164
0 0.786133 0.347656 0.785156 0.353516 0.789062 0.358398 0.791016 0.353516 0.789062 0.348633
0 0.068359 0.682617 0.071289 0.685547 0.077148 0.684570 0.075195 0.681641
0 0.467773 0.061523 0.471680 0.064453 0.478516 0.064453 0.476562 0.060547
0 0.282227 0.393555 0.284180 0.397461 0.291016 0.397461 0.288086 0.393555
0 0.403320 0.846680 0.411133 0.847656 0.414062 0.844727 0.406250 0.842773
0 0.901367 0.537109 0.901367 0.543945 0.907227 0.546875 0.906250 0.540039
0 0.545898 0.679688 0.545898 0.686523 0.547852 0.690430 0.550781 0.690430 0.550781 0.681641
0 0.324219 0.141602 0.330078 0.146484 0.337891 0.145508 0.336914 0.142578 0.332031 0.140625
0 0.382812 0.732422 0.376953 0.733398 0.372070 0.740234 0.380859 0.738281
0 0.416992 0.879883 0.413086 0.884766 0.414062 0.891602 0.416016 0.891602 0.418945 0.884766
0 0.017578 0.825195 0.016602 0.834961 0.021484 0.840820 0.023438 0.833008 0.020508 0.826172
0 0.140625 0.246094 0.143555 0.250000 0.150391 0.250000 0.144531 0.245117
0 0.023438 0.425781 0.018555 0.427734 0.018555 0.436523 0.021484 0.436523 0.023438 0.432617
0 0.688477 0.658203 0.683594 0.659180 0.679688 0.665039 0.685547 0.665039
0 0.375000 0.518555 0.376953 0.522461 0.384766 0.523438 0.381836 0.518555
0 0.780273 0.677734 0.784180 0.682617 0.791016 0.681641 0.786133 0.676758
0 0.879883 0.267578 0.884766 0.273438 0.890625 0.274414 0.890625 0.271484 0.885742 0.266602
0 0.326172 0.951172 0.323242 0.951172 0.319336 0.956055 0.319336 0.962891 0.325195 0.958984
0 0.568359 0.016602 0.562500 0.016602 0.559570 0.021484 0.566406 0.020508
0 0.618164 0.918945 0.616211 0.927734 0.620117 0.929688 0.623047 0.920898
0 0.741211 0.166016 0.739258 0.165039 0.733398 0.169922 0.732422 0.173828 0.734375 0.175781 0.738281 0.173828
0 0.203125 0.485352 0.202148 0.490234 0.205078 0.495117 0.207031 0.489258
0 0.283203 0.756836 0.283203 0.762695 0.288086 0.765625 0.287109 0.759766
0 0.842773 0.966797 0.844727 0.969727 0.852539 0.967773 0.852539 0.964844
0 0.106445 0.547852 0.114258 0.552734 0.121094 0.550781 0.113281 0.544922 0.108398 0.544922
0 0.922852 0.460938 0.924805 0.464844 0.934570 0.463867 0.930664 0.459961
0 0.042969 0.938477 0.036133 0.943359 0.035156 0.948242 0.042969 0.944336
0 0.604492 0.756836 0.609375 0.759766 0.613281 0.756836 0.611328 0.754883