0 0.094727 0.588867 0.095703 0.594727 0.100586 0.596680 0.100586 0.591797
0 0.579102 0.875000 0.574219 0.873047 0.567383 0.875000 0.567383 0.876953 0.579102 0.877930
0 0.945312 0.337891 0.941406 0.340820 0.941406 0.347656 0.946289 0.345703
0 0.209961 0.975586 0.205078 0.982422 0.207031 0.989258 0.210938 0.984375
0 0.098633 0.491211 0.099609 0.499023 0.106445 0.502930 0.105469 0.494141 0.102539 0.491211
0 0.742188 0.210938 0.744141 0.217773 0.749023 0.219727 0.748047 0.213867
0 0.099609 0.094727 0.095703 0.097656 0.096680 0.104492 0.100586 0.099609
0 0.123047 0.809570 0.128906 0.812500 0.135742 0.811523 0.134766 0.807617 0.131836 0.806641
0 0.819336 0.296875 0.819336 0.303711 0.825195 0.307617 0.824219 0.299805
0 0.727539 0.749023 0.727539 0.754883 0.732422 0.758789 0.732422 0.752930
0 0.392578 0.385742 0.397461 0.392578 0.405273 0.392578 0.404297 0.388672 0.400391 0.385742
0 0.385742 0.693359 0.382812 0.694336 0.384766 0.703125 0.386719 0.699219
0 0.213867 0.028320 0.213867 0.031250 0.216797 0.032227 0.225586 0.030273 0.225586 0.028320 0.219727 0.026367
0 0.925781 0.109375 0.920898 0.110352 0.918945 0.116211 0.922852 0.115234
0 0.837891 0.865234 0.832031 0.868164 0.830078 0.875977 0.837891 0.871094
0 0.011719 0.949219 0.006836 0.955078 0.008789 0.962891 0.012695 0.958008
0 0.251953 0.934570 0.247070 0.938477 0.247070 0.945312 0.249023 0.947266 0.252930 0.941406
0 0.350586 0.793945 0.344727 0.794922 0.343750 0.799805 0.347656 0.798828
0 0.684570 0.780273 0.686523 0.787109 0.693359 0.790039 0.693359 0.784180 0.688477 0.780273
0 0.202148 0.239258 0.194336 0.240234 0.189453 0.245117 0.198242 0.245117 0.202148 0.242188
0 0.156250 0.780273 0.157227 0.783203 0.166992 0.784180 0.166992 0.781250 0.164062 0.779297
0 0.826172 0.496094 0.823242 0.496094 0.821289 0.499023 0.821289 0.506836 0.824219 0.506836 0.826172 0.502930
0 0.340820 0.528320 0.339844 0.535156 0.343750 0.538086 0.343750 0.529297
0 0.623047 0.792969 0.623047 0.798828 0.627930 0.801758 0.627930 0.795898
0 0.522461 0.262695 0.515625 0.265625 0.514648 0.274414 0.520508 0.270508