0 0.667969 0.372070 0.666992 0.376953 0.672852 0.380859 0.673828 0.376953
0 0.916992 0.581055 0.911133 0.581055 0.909180 0.585938 0.913086 0.585938
0 0.901367 0.454102 0.905273 0.458008 0.912109 0.458008 0.909180 0.453125
0 0.742188 0.614258 0.742188 0.622070 0.746094 0.624023 0.746094 0.617188
0 0.514648 0.664062 0.518555 0.669922 0.525391 0.669922 0.522461 0.665039
0 0.214844 0.594727 0.212891 0.596680 0.212891 0.603516 0.216797 0.608398 0.218750 0.597656
0 0.565430 0.697266 0.564453 0.702148 0.568359 0.707031 0.569336 0.699219
0 0.590820 0.917969 0.598633 0.917969 0.600586 0.915039 0.592773 0.914062
0 0.363281 0.166992 0.356445 0.168945 0.353516 0.175781 0.359375 0.174805 0.363281 0.170898
0 0.752930 0.623047 0.750977 0.625000 0.751953 0.628906 0.758789 0.633789 0.757812 0.625977
0 0.410156 0.173828 0.411133 0.181641 0.416992 0.184570 0.416016 0.176758
0 0.220703 0.922852 0.214844 0.924805 0.213867 0.930664 0.219727 0.927734
0 0.089844 0.559570 0.088867 0.569336 0.092773 0.572266 0.093750 0.563477
0 0.301758 0.403320 0.302734 0.406250 0.310547 0.406250 0.309570 0.402344
0 0.501953 0.770508 0.497070 0.769531 0.492188 0.774414 0.499023 0.775391
0 0.340820 0.104492 0.334961 0.103516 0.329102 0.107422 0.334961 0.109375 0.340820 0.107422
0 0.226562 0.571289 0.218750 0.573242 0.215820 0.580078 0.224609 0.578125
0 0.090820 0.526367 0.091797 0.532227 0.097656 0.537109 0.097656 0.529297 0.093750 0.525391
0 0.871094 0.786133 0.865234 0.790039 0.863281 0.798828 0.871094 0.792969
0 0.362305 0.962891 0.360352 0.968750 0.364258 0.975586 0.366211 0.973633 0.366211 0.966797
0 0.662109 0.869141 0.661133 0.874023 0.664062 0.879883 0.666016 0.870117
0 0.108398 0.856445 0.102539 0.857422 0.100586 0.861328 0.107422 0.860352
0 0.783203 0.381836 0.779297 0.383789 0.780273 0.390625 0.783203 0.389648
0 0.049805 0.870117 0.050781 0.875977 0.055664 0.877930 0.055664 0.873047
0 0.046875 0.214844 0.047852 0.221680 0.054688 0.226562 0.056641 0.225586 0.053711 0.216797 0.048828 0.213867
0 0.341797 0.713867 0.343750 0.716797 0.353516 0.714844 0.352539 0.711914
0 0.324219 0.573242 0.318359 0.576172 0.316406 0.582031 0.322266 0.581055
0 0.419922 0.663086 0.415039 0.663086 0.410156 0.671875 0.417969 0.669922
0 0.174805 0.148438 0.166016 0.153320 0.165039 0.159180 0.172852 0.155273
0 0.878906 0.075195 0.876953 0.076172 0.876953 0.083984 0.879883 0.082031
0 0.851562 0.479492 0.845703 0.480469 0.843750 0.485352 0.847656 0.485352
0 0.945312 0.554688 0.939453 0.556641 0.938477 0.566406 0.943359 0.563477
0 0.511719 0.970703 0.505859 0.973633 0.503906 0.981445 0.509766 0.979492 0.512695 0.973633
0 0.785156 0.533203 0.785156 0.539062 0.789062 0.541992 0.790039 0.537109
0 0.131836 0.514648 0.132812 0.521484 0.136719 0.523438 0.134766 0.515625
0 0.684570 0.414062 0.678711 0.416016 0.676758 0.419922 0.682617 0.419922
0 0.333984 0.643555 0.324219 0.645508 0.323242 0.650391 0.333984 0.646484
0 0.554688 0.777344 0.553711 0.784180 0.556641 0.788086 0.558594 0.778320
0 0.092773 0.366211 0.097656 0.371094 0.104492 0.370117 0.100586 0.365234
0 0.047852 0.513672 0.047852 0.516602 0.050781 0.518555 0.059570 0.518555 0.056641 0.513672
0 0.666016 0.320312 0.659180 0.320312 0.655273 0.326172 0.663086 0.325195
0 0.562500 0.503906 0.562500 0.510742 0.567383 0.514648 0.567383 0.505859
0 0.173828 0.862305 0.171875 0.870117 0.173828 0.875000 0.176758 0.875977 0.177734 0.867188
0 0.723633 0.220703 0.719727 0.224609 0.720703 0.232422 0.724609 0.229492
0 0.353516 0.795898 0.358398 0.800781 0.365234 0.800781 0.362305 0.795898