0 0.203125 0.605469 0.198242 0.604492 0.195312 0.606445 0.195312 0.609375 0.201172 0.608398
0 0.317383 0.404297 0.312500 0.404297 0.307617 0.408203 0.307617 0.412109 0.315430 0.411133
0 0.859375 0.474609 0.854492 0.473633 0.848633 0.482422 0.856445 0.480469
0 0.355469 0.791992 0.359375 0.796875 0.366211 0.797852 0.363281 0.791992 0.357422 0.790039
0 0.879883 0.575195 0.874023 0.576172 0.871094 0.582031 0.875977 0.582031
0 0.458984 0.441406 0.465820 0.440430 0.468750 0.436523 0.461914 0.436523 0.458984 0.438477
0 0.913086 0.566406 0.906250 0.566406 0.903320 0.572266 0.909180 0.571289
0 0.973633 0.802734 0.969727 0.806641 0.969727 0.811523 0.974609 0.808594
0 0.090820 0.203125 0.091797 0.207031 0.100586 0.208984 0.097656 0.204102
0 0.960938 0.280273 0.957031 0.283203 0.958984 0.293945 0.961914 0.292969 0.962891 0.289062
0 0.904297 0.395508 0.912109 0.395508 0.915039 0.391602 0.908203 0.390625
0 0.214844 0.368164 0.211914 0.371094 0.213867 0.377930 0.216797 0.375000
0 0.594727 0.429688 0.599609 0.432617 0.605469 0.430664 0.603516 0.427734 0.595703 0.427734
0 0.045898 0.668945 0.041992 0.669922 0.042969 0.681641 0.046875 0.677734
0 0.618164 0.615234 0.623047 0.619141 0.626953 0.617188 0.624023 0.614258
0 0.704102 0.471680 0.712891 0.471680 0.713867 0.468750 0.706055 0.468750
0 0.510742 0.022461 0.514648 0.029297 0.519531 0.029297 0.517578 0.023438
0 0.533203 0.044922 0.541016 0.045898 0.543945 0.042969 0.537109 0.041016
0 0.827148 0.537109 0.829102 0.542969 0.833984 0.543945 0.833008 0.539062
0 0.128906 0.646484 0.132812 0.649414 0.138672 0.647461 0.137695 0.644531
0 0.833984 0.179688 0.830078 0.181641 0.832031 0.190430 0.834961 0.186523
0 0.910156 0.805664 0.911133 0.813477 0.916016 0.815430 0.915039 0.809570
0 0.435547 0.348633 0.428711 0.352539 0.427734 0.359375 0.433594 0.358398 0.436523 0.351562
0 0.053711 0.513672 0.050781 0.516602 0.051758 0.522461 0.054688 0.521484
0 0.489258 0.546875 0.489258 0.549805 0.493164 0.551758 0.500000 0.550781 0.497070 0.546875
0 0.552734 0.585938 0.549805 0.585938 0.547852 0.588867 0.547852 0.596680 0.552734 0.591797
0 0.658203 0.275391 0.652344 0.276367 0.649414 0.285156 0.657227 0.281250
0 0.269531 0.044922 0.270508 0.048828 0.277344 0.050781 0.273438 0.044922
0 0.314453 0.914062 0.321289 0.916016 0.326172 0.912109 0.318359 0.910156
0 0.379883 0.753906 0.382812 0.757812 0.389648 0.757812 0.385742 0.752930
0 0.150391 0.294922 0.153320 0.297852 0.160156 0.296875 0.156250 0.293945
0 0.986328 0.040039 0.984375 0.043945 0.986328 0.049805 0.989258 0.050781 0.990234 0.041992
0 0.484375 0.392578 0.477539 0.393555 0.473633 0.399414 0.483398 0.397461
0 0.573242 0.044922 0.571289 0.051758 0.573242 0.056641 0.576172 0.057617 0.577148 0.049805
0 0.388672 0.366211 0.380859 0.367188 0.377930 0.372070 0.382812 0.373047 0.386719 0.371094
0 0.664062 0.600586 0.657227 0.601562 0.654297 0.606445 0.662109 0.605469
0 0.677734 0.878906 0.672852 0.882812 0.673828 0.890625 0.676758 0.890625
0 0.037109 0.099609 0.032227 0.099609 0.028320 0.108398 0.035156 0.105469
0 0.648438 0.357422 0.650391 0.366211 0.657227 0.369141 0.655273 0.361328
0 0.899414 0.351562 0.898438 0.358398 0.904297 0.364258 0.904297 0.356445
0 0.732422 0.479492 0.734375 0.489258 0.738281 0.490234 0.738281 0.483398
0 0.175781 0.192383 0.170898 0.192383 0.166016 0.197266 0.166016 0.200195 0.173828 0.199219