0 0.557617 0.886719 0.561523 0.890625 0.569336 0.887695 0.563477 0.884766
0 0.869141 0.846680 0.875000 0.853516 0.881836 0.853516 0.877930 0.847656
0 0.723633 0.889648 0.723633 0.895508 0.728516 0.900391 0.729492 0.891602
0 0.572266 0.340820 0.572266 0.344727 0.575195 0.347656 0.582031 0.348633 0.578125 0.341797
0 0.428711 0.169922 0.424805 0.170898 0.422852 0.178711 0.426758 0.177734
0 0.553711 0.339844 0.555664 0.344727 0.564453 0.345703 0.562500 0.341797
0 0.853516 0.726562 0.848633 0.726562 0.844727 0.731445 0.851562 0.731445
0 0.106445 0.927734 0.111328 0.930664 0.115234 0.928711 0.113281 0.925781
0 0.572266 0.385742 0.566406 0.385742 0.562500 0.392578 0.570312 0.390625
0 0.952148 0.185547 0.947266 0.188477 0.946289 0.194336 0.951172 0.192383
0 0.404297 0.269531 0.412109 0.270508 0.416992 0.268555 0.416992 0.266602 0.407227 0.265625
0 0.377930 0.180664 0.376953 0.186523 0.380859 0.191406 0.381836 0.183594 0.380859 0.180664
0 0.097656 0.985352 0.097656 0.988281 0.100586 0.989258 0.108398 0.988281 0.106445 0.985352
0 0.404297 0.971680 0.400391 0.972656 0.398438 0.983398 0.403320 0.981445
0 0.519531 0.744141 0.516602 0.744141 0.514648 0.748047 0.516602 0.757812 0.520508 0.752930
0 0.826172 0.016602 0.820312 0.019531 0.819336 0.027344 0.825195 0.022461
0 0.155273 0.859375 0.150391 0.857422 0.145508 0.859375 0.145508 0.862305 0.150391 0.863281
0 0.338867 0.669922 0.339844 0.675781 0.344727 0.677734 0.343750 0.671875
0 0.760742 0.185547 0.757812 0.185547 0.755859 0.188477 0.756836 0.198242 0.760742 0.194336
0 0.906250 0.712891 0.909180 0.716797 0.915039 0.716797 0.912109 0.712891
0 0.301758 0.949219 0.297852 0.952148 0.296875 0.960938 0.300781 0.959961 0.302734 0.956055
0 0.455078 0.693359 0.448242 0.697266 0.448242 0.702148 0.454102 0.700195
0 0.161133 0.014648 0.154297 0.018555 0.153320 0.025391 0.161133 0.021484
0 0.962891 0.939453 0.961914 0.949219 0.964844 0.950195 0.966797 0.942383
0 0.655273 0.639648 0.656250 0.643555 0.664062 0.644531 0.662109 0.640625
0 0.545898 0.826172 0.547852 0.833008 0.552734 0.834961 0.550781 0.827148
0 0.423828 0.672852 0.423828 0.676758 0.430664 0.681641 0.430664 0.676758
0 0.570312 0.930664 0.563477 0.930664 0.560547 0.935547 0.567383 0.935547
0 0.031250 0.979492 0.036133 0.988281 0.043945 0.989258 0.040039 0.982422
0 0.686523 0.084961 0.682617 0.087891 0.682617 0.096680 0.687500 0.092773 0.688477 0.086914
0 0.350586 0.778320 0.350586 0.781250 0.361328 0.780273 0.358398 0.777344
0 0.334961 0.330078 0.333984 0.334961 0.337891 0.339844 0.338867 0.333984
0 0.418945 0.062500 0.418945 0.068359 0.423828 0.071289 0.422852 0.064453
0 0.605469 0.848633 0.605469 0.852539 0.608398 0.855469 0.614258 0.856445 0.611328 0.849609
0 0.261719 0.079102 0.267578 0.079102 0.270508 0.077148 0.270508 0.074219 0.262695 0.075195