0 0.905273 0.866211 0.909180 0.869141 0.916016 0.869141 0.916016 0.866211 0.911133 0.864258
0 0.467773 0.046875 0.465820 0.053711 0.467773 0.058594 0.469727 0.058594 0.471680 0.049805 0.470703 0.046875
0 0.166016 0.761719 0.158203 0.762695 0.155273 0.768555 0.164062 0.766602
0 0.257812 0.175781 0.262695 0.183594 0.266602 0.184570 0.268555 0.182617 0.264648 0.176758
0 0.542969 0.074219 0.542969 0.080078 0.549805 0.083984 0.548828 0.078125
0 0.013672 0.217773 0.009766 0.218750 0.007812 0.227539 0.013672 0.222656
0 0.243164 0.250977 0.244141 0.256836 0.249023 0.259766 0.249023 0.254883
0 0.388672 0.041992 0.385742 0.041992 0.382812 0.046875 0.383789 0.054688 0.389648 0.049805
0 0.920898 0.833984 0.913086 0.834961 0.910156 0.840820 0.916992 0.840820
0 0.943359 0.848633 0.942383 0.855469 0.945312 0.859375 0.947266 0.851562
0 0.736328 0.455078 0.732422 0.457031 0.731445 0.465820 0.737305 0.460938
0 0.471680 0.431641 0.464844 0.431641 0.461914 0.434570 0.469727 0.435547
0 0.438477 0.696289 0.431641 0.696289 0.427734 0.703125 0.435547 0.701172
0 0.510742 0.304688 0.510742 0.310547 0.513672 0.313477 0.515625 0.309570
0 0.690430 0.640625 0.689453 0.648438 0.691406 0.651367 0.693359 0.643555
0 0.338867 0.146484 0.334961 0.148438 0.333008 0.158203 0.338867 0.153320
0 0.267578 0.535156 0.265625 0.537109 0.265625 0.545898 0.269531 0.548828 0.271484 0.546875 0.271484 0.540039
0 0.632812 0.915039 0.626953 0.915039 0.623047 0.921875 0.630859 0.919922
0 0.316406 0.423828 0.318359 0.429688 0.322266 0.431641 0.321289 0.424805
0 0.127930 0.899414 0.128906 0.907227 0.132812 0.909180 0.132812 0.903320
0 0.887695 0.432617 0.886719 0.440430 0.887695 0.443359 0.890625 0.443359 0.891602 0.432617
0 0.214844 0.705078 0.212891 0.713867 0.213867 0.716797 0.216797 0.716797 0.218750 0.708008
0 0.820312 0.625977 0.823242 0.629883 0.830078 0.628906 0.828125 0.625000
0 0.721680 0.597656 0.714844 0.601562 0.714844 0.609375 0.720703 0.606445
0 0.858398 0.656250 0.858398 0.661133 0.864258 0.666992 0.865234 0.661133 0.863281 0.657227
0 0.182617 0.536133 0.178711 0.539062 0.178711 0.545898 0.181641 0.545898 0.183594 0.541992
0 0.573242 0.727539 0.568359 0.728516 0.563477 0.737305 0.571289 0.734375 0.574219 0.729492
0 0.387695 0.122070 0.387695 0.127930 0.393555 0.130859 0.392578 0.125000
0 0.757812 0.284180 0.759766 0.291016 0.764648 0.293945 0.768555 0.292969 0.762695 0.284180
0 0.026367 0.748047 0.018555 0.749023 0.014648 0.754883 0.023438 0.753906
0 0.771484 0.200195 0.772461 0.207031 0.776367 0.208984 0.775391 0.202148
0 0.784180 0.548828 0.777344 0.548828 0.769531 0.556641 0.772461 0.558594 0.780273 0.556641
0 0.661133 0.690430 0.661133 0.698242 0.663086 0.701172 0.666016 0.701172 0.666016 0.694336
0 0.726562 0.234375 0.725586 0.239258 0.731445 0.245117 0.731445 0.238281
0 0.919922 0.348633 0.915039 0.350586 0.914062 0.357422 0.917969 0.356445
0 0.727539 0.944336 0.719727 0.945312 0.718750 0.949219 0.724609 0.949219
0 0.286133 0.148438 0.280273 0.147461 0.276367 0.153320 0.282227 0.152344
0 0.265625 0.968750 0.258789 0.971680 0.256836 0.978516 0.264648 0.974609