0 0.095703 0.649414 0.091797 0.651367 0.093750 0.661133 0.096680 0.656250
0 0.443359 0.650391 0.446289 0.656250 0.450195 0.657227 0.453125 0.655273 0.451172 0.651367
0 0.292969 0.056641 0.292969 0.061523 0.297852 0.065430 0.301758 0.065430 0.298828 0.058594
0 0.346680 0.009766 0.350586 0.015625 0.356445 0.016602 0.354492 0.010742
0 0.506836 0.696289 0.500000 0.697266 0.497070 0.703125 0.504883 0.701172
0 0.241211 0.127930 0.244141 0.131836 0.252930 0.131836 0.252930 0.128906 0.249023 0.126953
0 0.834961 0.056641 0.837891 0.059570 0.844727 0.058594 0.842773 0.055664
0 0.917969 0.807617 0.919922 0.816406 0.925781 0.818359 0.924805 0.812500
0 0.717773 0.676758 0.719727 0.679688 0.727539 0.678711 0.727539 0.675781
0 0.972656 0.305664 0.971680 0.312500 0.975586 0.315430 0.976562 0.310547
0 0.840820 0.256836 0.833984 0.257812 0.829102 0.264648 0.838867 0.262695
0 0.885742 0.829102 0.887695 0.834961 0.893555 0.836914 0.892578 0.832031
0 0.435547 0.142578 0.435547 0.145508 0.438477 0.146484 0.446289 0.144531 0.445312 0.141602
0 0.391602 0.588867 0.385742 0.594727 0.385742 0.601562 0.388672 0.601562 0.392578 0.596680
0 0.824219 0.290039 0.827148 0.292969 0.834961 0.291992 0.833984 0.288086
0 0.801758 0.062500 0.801758 0.069336 0.807617 0.073242 0.806641 0.065430
0 0.504883 0.894531 0.509766 0.895508 0.516602 0.891602 0.515625 0.889648 0.508789 0.889648
0 0.875000 0.873047 0.876953 0.876953 0.886719 0.875977 0.883789 0.872070
0 0.330078 0.708984 0.325195 0.709961 0.322266 0.715820 0.329102 0.713867
0 0.757812 0.128906 0.752930 0.131836 0.752930 0.139648 0.757812 0.135742
0 0.734375 0.747070 0.737305 0.750977 0.746094 0.749023 0.745117 0.746094
0 0.235352 0.021484 0.232422 0.021484 0.227539 0.026367 0.228516 0.032227 0.234375 0.027344
0 0.220703 0.064453 0.222656 0.069336 0.229492 0.070312 0.225586 0.064453
0 0.324219 0.935547 0.318359 0.937500 0.316406 0.946289 0.324219 0.942383
0 0.207031 0.190430 0.202148 0.192383 0.201172 0.198242 0.207031 0.194336
0 0.097656 0.842773 0.089844 0.844727 0.087891 0.849609 0.094727 0.848633
0 0.352539 0.262695 0.354492 0.265625 0.363281 0.264648 0.363281 0.262695 0.358398 0.260742
0 0.546875 0.101562 0.548828 0.105469 0.557617 0.104492 0.556641 0.101562
0 0.749023 0.907227 0.744141 0.908203 0.742188 0.916992 0.748047 0.914062
0 0.283203 0.804688 0.276367 0.807617 0.274414 0.816406 0.281250 0.813477
0 0.234375 0.363281 0.229492 0.363281 0.225586 0.370117 0.231445 0.369141
0 0.911133 0.430664 0.907227 0.435547 0.907227 0.442383 0.910156 0.445312 0.913086 0.439453
0 0.366211 0.357422 0.361328 0.359375 0.360352 0.366211 0.364258 0.365234
0 0.770508 0.960938 0.773438 0.966797 0.779297 0.968750 0.782227 0.966797 0.780273 0.962891
0 0.957031 0.975586 0.959961 0.979492 0.966797 0.979492 0.962891 0.975586
0 0.016602 0.629883 0.006836 0.629883 0.003906 0.633789 0.004883 0.635742 0.009766 0.635742 0.015625 0.632812
0 0.973633 0.279297 0.976562 0.284180 0.983398 0.286133 0.978516 0.278320
0 0.074219 0.357422 0.077148 0.363281 0.083008 0.364258 0.079102 0.358398
0 0.174805 0.818359 0.175781 0.824219 0.180664 0.826172 0.179688 0.818359
0 0.257812 0.806641 0.251953 0.806641 0.248047 0.813477 0.255859 0.812500
0 0.897461 0.499023 0.897461 0.503906 0.901367 0.507812 0.905273 0.507812 0.904297 0.501953
0 0.156250 0.749023 0.156250 0.751953 0.166016 0.754883 0.166016 0.750977
0 0.576172 0.362305 0.569336 0.366211 0.569336 0.372070 0.575195 0.368164
0 0.351562 0.932617 0.346680 0.932617 0.341797 0.942383 0.348633 0.940430
0 0.291016 0.821289 0.281250 0.824219 0.278320 0.829102 0.279297 0.831055 0.288086 0.829102
0 0.737305 0.210938 0.734375 0.212891 0.736328 0.222656 0.738281 0.219727
0 0.901367 0.057617 0.896484 0.059570 0.894531 0.066406 0.901367 0.062500
0 0.754883 0.559570 0.750000 0.561523 0.748047 0.568359 0.754883 0.564453
0 0.225586 0.733398 0.227539 0.740234 0.233398 0.743164 0.232422 0.736328
0 0.613281 0.634766 0.608398 0.634766 0.603516 0.639648 0.603516 0.642578 0.610352 0.641602
0 0.179688 0.510742 0.173828 0.513672 0.171875 0.522461 0.178711 0.519531
0 0.740234 0.104492 0.743164 0.108398 0.750000 0.108398 0.748047 0.104492