0 0.493164 0.787109 0.491211 0.791992 0.495117 0.798828 0.496094 0.788086
0 0.143555 0.881836 0.144531 0.885742 0.154297 0.884766 0.151367 0.881836
0 0.297852 0.267578 0.293945 0.266602 0.288086 0.269531 0.286133 0.274414 0.295898 0.272461
0 0.602539 0.447266 0.598633 0.450195 0.598633 0.458984 0.600586 0.458984 0.603516 0.453125
0 0.446289 0.877930 0.440430 0.881836 0.439453 0.886719 0.441406 0.887695 0.446289 0.883789
0 0.166016 0.613281 0.161133 0.615234 0.159180 0.624023 0.166016 0.620117
0 0.597656 0.371094 0.593750 0.374023 0.593750 0.381836 0.597656 0.378906
0 0.644531 0.827148 0.647461 0.830078 0.653320 0.829102 0.653320 0.826172
0 0.953125 0.510742 0.950195 0.510742 0.948242 0.514648 0.949219 0.521484 0.953125 0.518555
0 0.833008 0.028320 0.841797 0.029297 0.844727 0.026367 0.833008 0.025391
0 0.760742 0.728516 0.755859 0.732422 0.755859 0.739258 0.758789 0.739258 0.761719 0.735352
0 0.299805 0.197266 0.299805 0.204102 0.306641 0.208008 0.305664 0.200195
0 0.982422 0.417969 0.976562 0.417969 0.972656 0.424805 0.979492 0.423828
0 0.638672 0.949219 0.638672 0.957031 0.640625 0.959961 0.643555 0.959961 0.643555 0.953125
0 0.574219 0.028320 0.579102 0.029297 0.583984 0.026367 0.576172 0.025391
0 0.508789 0.397461 0.508789 0.403320 0.512695 0.407227 0.513672 0.400391
0 0.410156 0.953125 0.411133 0.959961 0.417969 0.964844 0.419922 0.963867 0.416992 0.956055
0 0.275391 0.392578 0.267578 0.395508 0.266602 0.402344 0.275391 0.396484
0 0.212891 0.732422 0.208984 0.738281 0.210938 0.748047 0.214844 0.743164
0 0.654297 0.208984 0.655273 0.216797 0.661133 0.217773 0.661133 0.213867
0 0.907227 0.661133 0.913086 0.666016 0.921875 0.666016 0.921875 0.663086 0.915039 0.659180
0 0.858398 0.157227 0.851562 0.162109 0.850586 0.167969 0.858398 0.164062
0 0.813477 0.224609 0.807617 0.226562 0.804688 0.230469 0.805664 0.234375 0.812500 0.231445 0.814453 0.228516
0 0.786133 0.666992 0.784180 0.666992 0.782227 0.674805 0.785156 0.674805
0 0.154297 0.847656 0.150391 0.850586 0.149414 0.856445 0.154297 0.852539
0 0.595703 0.821289 0.601562 0.827148 0.606445 0.826172 0.603516 0.821289
0 0.205078 0.664062 0.198242 0.666016 0.195312 0.670898 0.201172 0.670898
0 0.431641 0.802734 0.427734 0.804688 0.427734 0.812500 0.432617 0.807617
0 0.237305 0.607422 0.238281 0.615234 0.241211 0.617188 0.241211 0.609375
0 0.352539 0.236328 0.352539 0.243164 0.358398 0.247070 0.357422 0.239258
0 0.614258 0.562500 0.607422 0.566406 0.607422 0.571289 0.613281 0.569336
0 0.309570 0.023438 0.317383 0.023438 0.320312 0.020508 0.310547 0.019531
0 0.074219 0.648438 0.065430 0.652344 0.064453 0.655273 0.071289 0.655273 0.074219 0.652344
0 0.417969 0.275391 0.411133 0.277344 0.407227 0.284180 0.411133 0.285156 0.416992 0.282227
0 0.622070 0.165039 0.618164 0.166992 0.617188 0.174805 0.622070 0.171875
0 0.090820 0.436523 0.094727 0.443359 0.100586 0.444336 0.098633 0.438477
0 0.432617 0.272461 0.433594 0.277344 0.443359 0.279297 0.441406 0.274414
0 0.502930 0.516602 0.505859 0.520508 0.514648 0.518555 0.512695 0.515625
0 0.844727 0.364258 0.848633 0.367188 0.855469 0.367188 0.853516 0.362305
0 0.132812 0.385742 0.134766 0.395508 0.138672 0.396484 0.138672 0.389648
0 0.483398 0.942383 0.482422 0.947266 0.487305 0.952148 0.487305 0.944336
0 0.578125 0.445312 0.578125 0.451172 0.583984 0.457031 0.584961 0.451172
0 0.225586 0.524414 0.220703 0.528320 0.220703 0.535156 0.223633 0.535156 0.225586 0.532227
0 0.569336 0.426758 0.562500 0.429688 0.559570 0.437500 0.568359 0.433594
0 0.916992 0.554688 0.917969 0.560547 0.922852 0.563477 0.921875 0.556641
0 0.733398 0.593750 0.729492 0.595703 0.728516 0.602539 0.733398 0.598633
0 0.313477 0.312500 0.303711 0.313477 0.301758 0.318359 0.308594 0.318359 0.313477 0.315430
0 0.474609 0.331055 0.466797 0.332031 0.462891 0.337891 0.471680 0.336914
0 0.962891 0.267578 0.964844 0.271484 0.971680 0.271484 0.969727 0.267578
0 0.541992 0.239258 0.540039 0.237305 0.535156 0.238281 0.530273 0.244141 0.538086 0.244141
0 0.936523 0.431641 0.930664 0.434570 0.927734 0.442383 0.932617 0.441406 0.937500 0.436523
0 0.202148 0.072266 0.201172 0.078125 0.206055 0.082031 0.206055 0.075195
0 0.389648 0.649414 0.389648 0.656250 0.394531 0.660156 0.394531 0.652344 0.392578 0.649414
0 0.888672 0.162109 0.883789 0.161133 0.878906 0.165039 0.885742 0.166016
0 0.783203 0.389648 0.787109 0.395508 0.791016 0.395508 0.789062 0.390625
0 0.841797 0.444336 0.840820 0.448242 0.846680 0.455078 0.846680 0.448242