0 0.605469 0.643555 0.597656 0.645508 0.595703 0.651367 0.602539 0.650391
0 0.586914 0.380859 0.580078 0.380859 0.576172 0.385742 0.583984 0.385742
0 0.968750 0.486328 0.964844 0.491211 0.966797 0.498047 0.970703 0.493164
0 0.539062 0.237305 0.542969 0.241211 0.552734 0.240234 0.551758 0.237305 0.545898 0.235352
0 0.806641 0.414062 0.805664 0.420898 0.809570 0.424805 0.810547 0.416992
0 0.858398 0.834961 0.854492 0.835938 0.853516 0.841797 0.858398 0.839844
0 0.098633 0.944336 0.100586 0.946289 0.109375 0.945312 0.103516 0.941406
0 0.823242 0.538086 0.818359 0.540039 0.816406 0.543945 0.817383 0.548828 0.821289 0.546875
0 0.124023 0.652344 0.124023 0.658203 0.131836 0.662109 0.129883 0.655273
0 0.078125 0.860352 0.079102 0.865234 0.088867 0.866211 0.084961 0.861328
0 0.883789 0.776367 0.879883 0.779297 0.880859 0.787109 0.884766 0.784180
0 0.276367 0.549805 0.280273 0.553711 0.288086 0.552734 0.288086 0.549805 0.285156 0.548828
0 0.627930 0.067383 0.630859 0.074219 0.639648 0.075195 0.636719 0.069336
0 0.901367 0.680664 0.898438 0.680664 0.895508 0.685547 0.896484 0.693359 0.901367 0.690430
0 0.796875 0.219727 0.797852 0.223633 0.804688 0.227539 0.802734 0.221680
0 0.567383 0.176758 0.563477 0.178711 0.563477 0.185547 0.565430 0.187500 0.568359 0.183594
0 0.329102 0.750000 0.331055 0.757812 0.338867 0.760742 0.337891 0.754883
0 0.053711 0.783203 0.061523 0.783203 0.063477 0.779297 0.056641 0.779297
0 0.223633 0.515625 0.215820 0.516602 0.213867 0.521484 0.220703 0.520508
0 0.961914 0.346680 0.954102 0.346680 0.948242 0.353516 0.957031 0.353516
0 0.788086 0.689453 0.791992 0.695312 0.796875 0.696289 0.795898 0.690430
0 0.939453 0.876953 0.943359 0.880859 0.948242 0.880859 0.945312 0.875977
0 0.181641 0.115234 0.173828 0.115234 0.169922 0.117188 0.169922 0.121094 0.177734 0.121094 0.181641 0.118164
0 0.078125 0.582031 0.083008 0.590820 0.089844 0.591797 0.085938 0.583984
0 0.191406 0.975586 0.195312 0.981445 0.203125 0.982422 0.203125 0.979492 0.198242 0.975586
0 0.405273 0.905273 0.405273 0.908203 0.415039 0.911133 0.413086 0.906250
0 0.943359 0.079102 0.937500 0.082031 0.936523 0.087891 0.941406 0.086914