0 0.362305 0.310547 0.360352 0.319336 0.363281 0.322266 0.365234 0.313477
0 0.541992 0.315430 0.545898 0.321289 0.549805 0.321289 0.547852 0.316406
0 0.896484 0.063477 0.888672 0.068359 0.888672 0.073242 0.893555 0.072266
0 0.387695 0.064453 0.381836 0.067383 0.380859 0.073242 0.385742 0.071289
0 0.063477 0.062500 0.061523 0.064453 0.062500 0.068359 0.072266 0.074219 0.071289 0.066406
0 0.950195 0.191406 0.952148 0.200195 0.957031 0.203125 0.958008 0.197266 0.954102 0.192383
0 0.494141 0.166992 0.488281 0.168945 0.486328 0.173828 0.492188 0.172852
0 0.385742 0.641602 0.389648 0.645508 0.394531 0.644531 0.391602 0.640625
0 0.168945 0.721680 0.163086 0.725586 0.162109 0.735352 0.167969 0.730469
0 0.347656 0.756836 0.347656 0.764648 0.351562 0.766602 0.351562 0.760742
0 0.562500 0.397461 0.562500 0.401367 0.569336 0.405273 0.569336 0.401367
0 0.368164 0.379883 0.370117 0.384766 0.378906 0.384766 0.378906 0.381836 0.375000 0.379883
0 0.116211 0.694336 0.112305 0.694336 0.109375 0.697266 0.107422 0.705078 0.114258 0.701172
0 0.873047 0.331055 0.873047 0.335938 0.879883 0.340820 0.878906 0.332031
0 0.573242 0.505859 0.573242 0.510742 0.579102 0.515625 0.579102 0.508789
0 0.924805 0.114258 0.919922 0.115234 0.917969 0.118164 0.917969 0.125000 0.924805 0.118164
0 0.487305 0.260742 0.482422 0.259766 0.477539 0.263672 0.481445 0.265625 0.487305 0.262695
0 0.212891 0.134766 0.212891 0.137695 0.216797 0.139648 0.225586 0.137695 0.220703 0.133789
0 0.978516 0.141602 0.972656 0.142578 0.969727 0.148438 0.975586 0.147461
0 0.140625 0.541016 0.140625 0.545898 0.145508 0.550781 0.145508 0.542969
0 0.099609 0.469727 0.095703 0.472656 0.095703 0.480469 0.099609 0.479492
0 0.454102 0.351562 0.446289 0.352539 0.443359 0.358398 0.451172 0.356445
0 0.666016 0.387695 0.666016 0.392578 0.672852 0.398438 0.671875 0.390625
0 0.056641 0.751953 0.046875 0.751953 0.044922 0.755859 0.050781 0.756836
0 0.156250 0.757812 0.148438 0.758789 0.145508 0.765625 0.153320 0.763672
0 0.093750 0.817383 0.087891 0.823242 0.088867 0.828125 0.093750 0.824219
0 0.764648 0.571289 0.769531 0.576172 0.774414 0.574219 0.771484 0.570312
0 0.942383 0.554688 0.946289 0.562500 0.954102 0.563477 0.950195 0.556641