0 0.109375 0.070312 0.111328 0.075195 0.120117 0.075195 0.116211 0.070312
0 0.777344 0.958984 0.772461 0.960938 0.771484 0.969727 0.776367 0.966797
0 0.304688 0.291016 0.304688 0.293945 0.309570 0.296875 0.315430 0.295898 0.313477 0.291992
0 0.121094 0.752930 0.121094 0.758789 0.126953 0.764648 0.127930 0.758789
0 0.531250 0.067383 0.530273 0.074219 0.534180 0.079102 0.536133 0.073242 0.534180 0.068359
0 0.353516 0.632812 0.352539 0.636719 0.356445 0.640625 0.357422 0.634766
0 0.904297 0.445312 0.901367 0.447266 0.902344 0.458008 0.906250 0.454102 0.906250 0.447266
0 0.570312 0.259766 0.568359 0.265625 0.572266 0.273438 0.574219 0.261719
0 0.284180 0.732422 0.284180 0.739258 0.289062 0.743164 0.289062 0.736328
0 0.441406 0.544922 0.446289 0.550781 0.452148 0.550781 0.453125 0.548828 0.449219 0.544922
0 0.845703 0.169922 0.844727 0.177734 0.848633 0.180664 0.849609 0.173828
0 0.684570 0.636719 0.689453 0.638672 0.695312 0.635742 0.695312 0.633789 0.688477 0.632812
0 0.109375 0.561523 0.110352 0.568359 0.117188 0.571289 0.114258 0.563477
0 0.645508 0.406250 0.641602 0.408203 0.641602 0.415039 0.643555 0.416992 0.646484 0.414062
0 0.094727 0.238281 0.090820 0.240234 0.091797 0.248047 0.096680 0.243164
0 0.720703 0.638672 0.724609 0.643555 0.731445 0.644531 0.728516 0.638672
0 0.843750 0.429688 0.845703 0.437500 0.851562 0.440430 0.851562 0.433594
0 0.844727 0.679688 0.838867 0.680664 0.836914 0.684570 0.843750 0.683594
0 0.057617 0.228516 0.061523 0.233398 0.066406 0.234375 0.063477 0.228516
0 0.968750 0.541016 0.965820 0.541016 0.963867 0.543945 0.964844 0.552734 0.968750 0.547852
0 0.765625 0.730469 0.763672 0.738281 0.764648 0.741211 0.767578 0.741211 0.769531 0.733398 0.768555 0.730469
0 0.833984 0.643555 0.833984 0.650391 0.839844 0.653320 0.838867 0.647461
0 0.021484 0.712891 0.021484 0.717773 0.028320 0.721680 0.027344 0.715820
0 0.696289 0.262695 0.692383 0.260742 0.685547 0.263672 0.684570 0.266602 0.692383 0.266602
0 0.695312 0.243164 0.689453 0.244141 0.686523 0.247070 0.686523 0.250977 0.691406 0.250000
0 0.348633 0.808594 0.350586 0.811523 0.356445 0.811523 0.359375 0.809570 0.359375 0.806641 0.353516 0.805664
0 0.342773 0.029297 0.338867 0.031250 0.338867 0.041016 0.343750 0.034180
0 0.448242 0.472656 0.449219 0.475586 0.457031 0.475586 0.456055 0.471680
0 0.038086 0.812500 0.034180 0.818359 0.037109 0.827148 0.040039 0.821289
0 0.273438 0.526367 0.273438 0.531250 0.278320 0.536133 0.282227 0.536133 0.280273 0.529297
0 0.741211 0.569336 0.744141 0.577148 0.750000 0.578125 0.749023 0.572266
0 0.904297 0.084961 0.905273 0.088867 0.915039 0.087891
0 0.666992 0.525391 0.666992 0.528320 0.669922 0.530273 0.677734 0.530273 0.675781 0.526367
0 0.823242 0.395508 0.825195 0.399414 0.833008 0.399414 0.831055 0.395508
0 0.756836 0.892578 0.756836 0.899414 0.760742 0.902344 0.760742 0.894531
0 0.224609 0.652344 0.216797 0.653320 0.213867 0.658203 0.218750 0.659180 0.222656 0.657227
0 0.125000 0.132812 0.120117 0.133789 0.117188 0.139648 0.123047 0.138672
0 0.560547 0.947266 0.555664 0.947266 0.552734 0.954102 0.557617 0.953125
0 0.585938 0.503906 0.581055 0.501953 0.575195 0.503906 0.575195 0.505859 0.581055 0.507812 0.585938 0.505859
0 0.602539 0.855469 0.603516 0.864258 0.608398 0.866211 0.607422 0.858398
0 0.854492 0.400391 0.854492 0.403320 0.858398 0.405273 0.865234 0.404297 0.864258 0.400391
0 0.354492 0.439453 0.356445 0.450195 0.361328 0.452148 0.359375 0.440430
0 0.503906 0.026367 0.500977 0.026367 0.499023 0.029297 0.500000 0.039062 0.503906 0.035156
0 0.678711 0.677734 0.678711 0.680664 0.688477 0.679688 0.686523 0.676758
0 0.468750 0.760742 0.475586 0.760742 0.480469 0.755859 0.472656 0.754883 0.468750 0.756836
0 0.004883 0.839844 0.013672 0.839844 0.016602 0.835938 0.007812 0.834961
0 0.490234 0.883789 0.495117 0.886719 0.500977 0.884766 0.499023 0.881836
0 0.473633 0.977539 0.477539 0.984375 0.483398 0.984375 0.480469 0.979492
0 0.232422 0.230469 0.235352 0.234375 0.244141 0.234375 0.240234 0.229492 0.234375 0.228516
0 0.852539 0.950195 0.859375 0.954102 0.867188 0.951172 0.864258 0.948242
0 0.848633 0.270508 0.848633 0.273438 0.852539 0.276367 0.859375 0.276367 0.860352 0.274414 0.854492 0.270508