0 0.468750 0.245117 0.460938 0.246094 0.457031 0.251953 0.465820 0.250977
0 0.753906 0.201172 0.749023 0.201172 0.745117 0.208008 0.752930 0.205078
0 0.887695 0.169922 0.889648 0.175781 0.894531 0.176758 0.894531 0.172852
0 0.408203 0.235352 0.409180 0.237305 0.417969 0.237305 0.419922 0.234375 0.409180 0.233398
0 0.664062 0.895508 0.663086 0.902344 0.665039 0.906250 0.667969 0.906250 0.668945 0.899414 0.666992 0.895508
0 0.204102 0.971680 0.198242 0.976562 0.198242 0.982422 0.203125 0.981445 0.205078 0.977539
0 0.472656 0.140625 0.472656 0.146484 0.477539 0.151367 0.478516 0.145508
0 0.299805 0.674805 0.295898 0.676758 0.293945 0.682617 0.299805 0.680664
0 0.295898 0.144531 0.291016 0.146484 0.289062 0.153320 0.294922 0.150391
0 0.647461 0.427734 0.643555 0.428711 0.643555 0.437500 0.647461 0.434570
0 0.586914 0.785156 0.591797 0.789062 0.597656 0.788086 0.593750 0.784180
0 0.984375 0.768555 0.985352 0.774414 0.992188 0.776367 0.991211 0.771484
0 0.796875 0.222656 0.791016 0.224609 0.790039 0.230469 0.795898 0.227539
0 0.515625 0.210938 0.510742 0.211914 0.509766 0.222656 0.513672 0.220703
0 0.010742 0.621094 0.012695 0.625000 0.023438 0.623047 0.020508 0.620117
0 0.635742 0.142578 0.637695 0.146484 0.644531 0.144531 0.640625 0.141602
0 0.813477 0.794922 0.816406 0.798828 0.823242 0.798828 0.819336 0.794922
0 0.950195 0.224609 0.946289 0.226562 0.946289 0.233398 0.951172 0.229492
0 0.095703 0.043945 0.098633 0.048828 0.105469 0.050781 0.102539 0.043945
0 0.948242 0.810547 0.950195 0.814453 0.957031 0.814453 0.954102 0.810547
0 0.646484 0.703125 0.650391 0.709961 0.654297 0.709961 0.651367 0.704102
0 0.364258 0.357422 0.365234 0.360352 0.373047 0.359375 0.370117 0.356445
0 0.766602 0.370117 0.759766 0.370117 0.755859 0.375000 0.764648 0.375000
0 0.843750 0.787109 0.842773 0.794922 0.846680 0.797852 0.847656 0.791016
0 0.384766 0.709961 0.386719 0.716797 0.393555 0.718750 0.392578 0.713867
0 0.640625 0.565430 0.645508 0.572266 0.651367 0.573242 0.647461 0.565430
0 0.116211 0.591797 0.108398 0.593750 0.106445 0.599609 0.114258 0.597656
0 0.428711 0.833984 0.431641 0.837891 0.438477 0.837891 0.435547 0.833984
0 0.051758 0.887695 0.045898 0.890625 0.045898 0.894531 0.050781 0.892578
0 0.478516 0.767578 0.480469 0.774414 0.483398 0.775391 0.482422 0.768555
0 0.521484 0.012695 0.524414 0.018555 0.532227 0.019531 0.528320 0.013672
0 0.564453 0.037109 0.571289 0.038086 0.576172 0.032227 0.568359 0.032227
0 0.534180 0.417969 0.539062 0.418945 0.542969 0.414062 0.537109 0.414062
0 0.510742 0.289062 0.510742 0.293945 0.517578 0.297852 0.516602 0.291992
0 0.537109 0.558594 0.532227 0.560547 0.530273 0.566406 0.537109 0.563477
0 0.533203 0.782227 0.534180 0.788086 0.538086 0.792969 0.546875 0.794922 0.542969 0.786133
0 0.688477 0.139648 0.693359 0.143555 0.700195 0.143555 0.700195 0.140625 0.697266 0.138672
0 0.500000 0.184570 0.503906 0.188477 0.510742 0.188477 0.510742 0.185547 0.507812 0.183594
0 0.023438 0.130859 0.026367 0.135742 0.033203 0.135742 0.029297 0.130859
0 0.186523 0.150391 0.178711 0.149414 0.174805 0.152344 0.174805 0.155273 0.182617 0.155273
0 0.887695 0.903320 0.888672 0.907227 0.895508 0.909180 0.893555 0.904297
0 0.451172 0.951172 0.444336 0.952148 0.441406 0.958008 0.448242 0.957031
0 0.625977 0.051758 0.626953 0.058594 0.632812 0.061523 0.631836 0.055664
0 0.881836 0.976562 0.890625 0.976562 0.894531 0.972656 0.886719 0.970703
0 0.103516 0.511719 0.104492 0.514648 0.112305 0.514648 0.110352 0.511719
0 0.780273 0.289062 0.780273 0.291992 0.789062 0.292969 0.792969 0.291016 0.790039 0.287109
0 0.864258 0.195312 0.864258 0.202148 0.868164 0.206055 0.869141 0.200195
0 0.721680 0.228516 0.722656 0.234375 0.730469 0.238281 0.728516 0.231445
0 0.516602 0.817383 0.509766 0.815430 0.503906 0.820312 0.511719 0.821289
0 0.968750 0.777344 0.964844 0.779297 0.965820 0.789062 0.969727 0.783203
0 0.434570 0.711914 0.428711 0.711914 0.424805 0.717773 0.432617 0.715820
0 0.631836 0.229492 0.638672 0.229492 0.642578 0.225586 0.634766 0.224609
0 0.711914 0.840820 0.705078 0.840820 0.702148 0.844727 0.704102 0.846680 0.708984 0.845703
0 0.493164 0.083984 0.492188 0.090820 0.496094 0.094727 0.497070 0.086914
0 0.282227 0.900391 0.278320 0.901367 0.277344 0.910156 0.281250 0.908203
0 0.565430 0.318359 0.569336 0.319336 0.576172 0.316406 0.575195 0.314453 0.567383 0.314453
0 0.237305 0.316406 0.237305 0.322266 0.242188 0.327148 0.243164 0.318359
0 0.720703 0.158203 0.715820 0.166016 0.720703 0.164062
0 0.881836 0.788086 0.875977 0.791992 0.875977 0.800781 0.882812 0.794922
0 0.578125 0.926758 0.571289 0.926758 0.564453 0.933594 0.573242 0.933594 0.578125 0.929688
0 0.248047 0.693359 0.250000 0.699219 0.257812 0.702148 0.253906 0.693359
0 0.479492 0.673828 0.478516 0.678711 0.480469 0.684570 0.482422 0.684570 0.483398 0.675781
0 0.967773 0.496094 0.973633 0.497070 0.979492 0.494141 0.979492 0.491211 0.971680 0.491211 0.967773 0.493164
0 0.364258 0.326172 0.365234 0.332031 0.371094 0.334961 0.370117 0.328125
0 0.197266 0.730469 0.199219 0.737305 0.205078 0.740234 0.204102 0.733398
0 0.954102 0.500000 0.950195 0.499023 0.945312 0.501953 0.943359 0.507812 0.951172 0.505859