0 0.400391 0.914062 0.400391 0.918945 0.405273 0.923828 0.405273 0.916992 0.403320 0.914062
0 0.934570 0.041016 0.938477 0.043945 0.944336 0.042969 0.940430 0.039062
0 0.137695 0.814453 0.131836 0.818359 0.130859 0.823242 0.136719 0.820312
0 0.923828 0.291016 0.917969 0.293945 0.916992 0.298828 0.919922 0.299805 0.922852 0.296875
0 0.514648 0.647461 0.515625 0.654297 0.519531 0.656250 0.519531 0.650391
0 0.117188 0.208984 0.118164 0.212891 0.127930 0.211914 0.125000 0.208984
0 0.750977 0.486328 0.748047 0.487305 0.748047 0.495117 0.750977 0.493164
0 0.363281 0.490234 0.367188 0.494141 0.372070 0.494141 0.370117 0.490234
0 0.412109 0.033203 0.411133 0.039062 0.417969 0.044922 0.417969 0.038086
0 0.365234 0.726562 0.360352 0.727539 0.358398 0.733398 0.364258 0.731445
0 0.863281 0.462891 0.857422 0.460938 0.852539 0.462891 0.850586 0.466797 0.859375 0.466797
0 0.170898 0.505859 0.169922 0.510742 0.174805 0.516602 0.176758 0.514648 0.175781 0.510742
0 0.971680 0.882812 0.975586 0.886719 0.985352 0.884766 0.980469 0.881836
0 0.601562 0.684570 0.601562 0.686523 0.605469 0.687500 0.611328 0.685547 0.607422 0.682617
0 0.321289 0.795898 0.314453 0.796875 0.312500 0.801758 0.318359 0.800781
0 0.260742 0.610352 0.260742 0.616211 0.265625 0.619141 0.266602 0.615234
0 0.028320 0.359375 0.022461 0.358398 0.018555 0.366211 0.025391 0.364258
0 0.238281 0.674805 0.242188 0.678711 0.247070 0.678711 0.244141 0.673828
0 0.624023 0.588867 0.625977 0.595703 0.630859 0.597656 0.630859 0.591797 0.627930 0.588867
0 0.517578 0.191406 0.518555 0.195312 0.525391 0.199219 0.524414 0.194336
0 0.903320 0.087891 0.902344 0.097656 0.905273 0.098633 0.907227 0.089844
0 0.537109 0.084961 0.537109 0.091797 0.541992 0.095703 0.541016 0.085938
0 0.880859 0.383789 0.881836 0.389648 0.886719 0.392578 0.885742 0.385742
0 0.430664 0.429688 0.434570 0.436523 0.439453 0.436523 0.437500 0.430664
0 0.682617 0.215820 0.676758 0.216797 0.674805 0.221680 0.679688 0.220703
0 0.468750 0.135742 0.467773 0.140625 0.472656 0.147461 0.474609 0.146484 0.474609 0.141602
0 0.505859 0.414062 0.500977 0.416992 0.499023 0.423828 0.505859 0.420898
0 0.788086 0.786133 0.784180 0.789062 0.786133 0.798828 0.789062 0.794922
0 0.504883 0.574219 0.507812 0.581055 0.512695 0.583008 0.511719 0.577148
0 0.772461 0.950195 0.768555 0.953125 0.769531 0.959961 0.773438 0.957031
0 0.923828 0.744141 0.918945 0.742188 0.913086 0.744141 0.913086 0.746094 0.920898 0.748047 0.923828 0.747070
0 0.141602 0.592773 0.135742 0.598633 0.136719 0.604492 0.141602 0.601562
0 0.559570 0.986328 0.552734 0.987305 0.551758 0.991211 0.557617 0.990234
0 0.800781 0.443359 0.804688 0.449219 0.813477 0.449219 0.809570 0.444336
0 0.466797 0.556641 0.462891 0.558594 0.462891 0.565430 0.467773 0.561523
0 0.707031 0.259766 0.703125 0.261719 0.702148 0.269531 0.706055 0.267578
0 0.475586 0.925781 0.482422 0.925781 0.486328 0.921875 0.478516 0.920898 0.475586 0.922852
0 0.816406 0.338867 0.815430 0.346680 0.818359 0.348633 0.819336 0.341797
0 0.141602 0.036133 0.142578 0.039062 0.150391 0.039062 0.149414 0.036133
0 0.142578 0.015625 0.137695 0.018555 0.137695 0.026367 0.142578 0.022461
0 0.518555 0.911133 0.512695 0.913086 0.509766 0.917969 0.510742 0.920898 0.517578 0.917969 0.519531 0.915039
0 0.503906 0.382812 0.496094 0.383789 0.493164 0.389648 0.500977 0.387695
0 0.333984 0.482422 0.336914 0.486328 0.344727 0.485352 0.341797 0.481445
0 0.296875 0.599609 0.297852 0.606445 0.301758 0.607422 0.300781 0.601562
0 0.560547 0.039062 0.557617 0.038086 0.550781 0.041016 0.547852 0.045898 0.552734 0.046875 0.556641 0.044922
0 0.896484 0.543945 0.892578 0.546875 0.892578 0.555664 0.897461 0.551758 0.898438 0.545898
0 0.472656 0.201172 0.465820 0.202148 0.461914 0.208008 0.471680 0.206055
0 0.669922 0.451172 0.673828 0.456055 0.677734 0.457031 0.676758 0.452148
0 0.188477 0.948242 0.188477 0.958008 0.194336 0.960938 0.194336 0.954102
0 0.134766 0.684570 0.135742 0.690430 0.141602 0.694336 0.140625 0.686523
0 0.083984 0.820312 0.084961 0.825195 0.090820 0.827148 0.088867 0.821289
0 0.049805 0.174805 0.049805 0.176758 0.055664 0.179688 0.063477 0.178711 0.059570 0.173828
0 0.121094 0.396484 0.126953 0.401367 0.137695 0.399414 0.136719 0.396484 0.131836 0.394531
0 0.114258 0.477539 0.117188 0.481445 0.124023 0.481445 0.120117 0.476562
0 0.535156 0.826172 0.532227 0.826172 0.529297 0.832031 0.531250 0.838867 0.535156 0.834961
0 0.647461 0.247070 0.642578 0.249023 0.641602 0.256836 0.646484 0.252930
0 0.189453 0.054688 0.185547 0.056641 0.184570 0.064453 0.190430 0.061523 0.191406 0.057617
0 0.148438 0.497070 0.141602 0.498047 0.139648 0.503906 0.145508 0.501953
0 0.867188 0.989258 0.868164 0.991211 0.875000 0.991211 0.878906 0.989258 0.878906 0.986328 0.870117 0.986328
0 0.095703 0.251953 0.090820 0.256836 0.091797 0.264648 0.095703 0.263672 0.097656 0.259766
0 0.110352 0.839844 0.110352 0.847656 0.115234 0.851562 0.116211 0.844727
0 0.287109 0.267578 0.288086 0.273438 0.293945 0.276367 0.292969 0.269531