0 0.310547 0.323242 0.310547 0.328125 0.316406 0.332031 0.315430 0.326172
0 0.233398 0.256836 0.229492 0.257812 0.226562 0.261719 0.230469 0.262695
0 0.725586 0.872070 0.727539 0.875977 0.734375 0.876953 0.729492 0.871094
0 0.275391 0.208008 0.273438 0.214844 0.277344 0.219727 0.279297 0.211914
0 0.084961 0.489258 0.086914 0.494141 0.095703 0.495117 0.092773 0.490234
0 0.163086 0.927734 0.164062 0.931641 0.173828 0.930664 0.170898 0.927734
0 0.217773 0.510742 0.209961 0.512695 0.208008 0.519531 0.213867 0.518555
0 0.021484 0.510742 0.023438 0.514648 0.031250 0.514648 0.028320 0.510742
0 0.177734 0.069336 0.170898 0.072266 0.169922 0.079102 0.175781 0.077148 0.178711 0.072266
0 0.939453 0.338867 0.941406 0.341797 0.950195 0.339844 0.949219 0.336914
0 0.340820 0.424805 0.333008 0.425781 0.331055 0.431641 0.336914 0.430664
0 0.327148 0.138672 0.327148 0.143555 0.333008 0.147461 0.332031 0.140625
0 0.545898 0.745117 0.542969 0.746094 0.543945 0.754883
0 0.805664 0.073242 0.806641 0.076172 0.812500 0.079102 0.821289 0.077148 0.817383 0.072266
0 0.343750 0.396484 0.335938 0.396484 0.333008 0.401367 0.339844 0.401367
0 0.620117 0.383789 0.620117 0.388672 0.626953 0.391602 0.625000 0.385742
0 0.150391 0.554688 0.144531 0.555664 0.141602 0.562500 0.148438 0.560547
0 0.270508 0.925781 0.264648 0.928711 0.260742 0.936523 0.261719 0.939453 0.269531 0.935547 0.271484 0.931641
0 0.769531 0.202148 0.770508 0.206055 0.779297 0.207031 0.778320 0.203125
0 0.510742 0.841797 0.511719 0.844727 0.520508 0.843750 0.520508 0.840820
0 0.814453 0.006836 0.818359 0.014648 0.824219 0.015625 0.820312 0.008789
0 0.940430 0.378906 0.932617 0.378906 0.930664 0.382812 0.938477 0.382812
0 0.512695 0.111328 0.513672 0.117188 0.521484 0.120117 0.518555 0.113281
0 0.860352 0.034180 0.855469 0.037109 0.855469 0.043945 0.858398 0.042969
0 0.106445 0.636719 0.100586 0.639648 0.098633 0.648438 0.105469 0.644531
0 0.059570 0.152344 0.057617 0.162109 0.058594 0.165039 0.061523 0.165039 0.062500 0.155273
0 0.736328 0.935547 0.727539 0.937500 0.727539 0.941406 0.733398 0.940430
0 0.876953 0.867188 0.875977 0.871094 0.879883 0.878906 0.880859 0.869141
0 0.102539 0.274414 0.096680 0.276367 0.094727 0.284180 0.101562 0.280273
0 0.660156 0.034180 0.665039 0.039062 0.668945 0.039062 0.667969 0.035156
0 0.684570 0.990234 0.689453 0.993164 0.694336 0.992188 0.692383 0.988281
0 0.534180 0.390625 0.536133 0.394531 0.543945 0.395508 0.542969 0.392578
0 0.679688 0.443359 0.682617 0.447266 0.690430 0.447266 0.688477 0.443359
0 0.079102 0.139648 0.080078 0.145508 0.086914 0.148438 0.084961 0.142578
0 0.084961 0.649414 0.079102 0.652344 0.078125 0.660156 0.084961 0.655273
0 0.887695 0.970703 0.882812 0.973633 0.881836 0.980469 0.885742 0.979492
0 0.225586 0.202148 0.229492 0.205078 0.235352 0.203125 0.234375 0.200195
0 0.658203 0.170898 0.652344 0.171875 0.648438 0.179688 0.655273 0.177734
0 0.274414 0.807617 0.266602 0.808594 0.264648 0.811523 0.271484 0.812500 0.274414 0.810547
0 0.684570 0.076172 0.680664 0.081055 0.680664 0.087891 0.686523 0.082031 0.686523 0.077148
0 0.517578 0.558594 0.515625 0.567383 0.519531 0.569336 0.521484 0.564453 0.520508 0.559570
0 0.421875 0.750000 0.417969 0.749023 0.411133 0.752930 0.419922 0.753906
0 0.854492 0.213867 0.852539 0.220703 0.853516 0.224609 0.856445 0.224609 0.858398 0.217773
0 0.684570 0.376953 0.679688 0.378906 0.678711 0.385742 0.683594 0.382812
0 0.192383 0.365234 0.186523 0.369141 0.186523 0.377930 0.192383 0.372070
0 0.099609 0.572266 0.093750 0.572266 0.089844 0.578125 0.095703 0.578125
0 0.099609 0.857422 0.099609 0.863281 0.105469 0.866211 0.104492 0.858398
0 0.347656 0.025391 0.347656 0.030273 0.354492 0.033203 0.353516 0.028320
0 0.380859 0.439453 0.381836 0.445312 0.387695 0.448242 0.386719 0.440430
0 0.619141 0.072266 0.618164 0.078125 0.622070 0.082031 0.624023 0.077148
0 0.178711 0.914062 0.178711 0.920898 0.180664 0.924805 0.183594 0.924805 0.183594 0.916016
0 0.333984 0.478516 0.331055 0.482422 0.333008 0.489258 0.335938 0.484375
0 0.208008 0.264648 0.203125 0.268555 0.204102 0.275391 0.208008 0.271484
0 0.735352 0.325195 0.729492 0.325195 0.726562 0.330078 0.733398 0.329102
0 0.992188 0.163086 0.988281 0.164062 0.986328 0.172852 0.992188 0.168945
0 0.493164 0.600586 0.492188 0.606445 0.496094 0.610352 0.497070 0.603516
0 0.484375 0.075195 0.479492 0.079102 0.480469 0.086914 0.484375 0.081055
0 0.509766 0.974609 0.504883 0.972656 0.499023 0.974609 0.498047 0.977539 0.508789 0.977539
0 0.655273 0.509766 0.655273 0.512695 0.659180 0.514648 0.666992 0.513672 0.664062 0.509766
0 0.275391 0.344727 0.267578 0.344727 0.265625 0.348633 0.274414 0.348633
0 0.686523 0.396484 0.684570 0.401367 0.688477 0.408203 0.690430 0.403320 0.689453 0.398438
0 0.713867 0.481445 0.708008 0.484375 0.707031 0.492188 0.712891 0.488281
0 0.125977 0.720703 0.131836 0.722656 0.133789 0.718750 0.129883 0.717773
0 0.030273 0.632812 0.026367 0.630859 0.020508 0.631836 0.017578 0.635742 0.027344 0.636719
0 0.216797 0.789062 0.216797 0.791992 0.219727 0.793945 0.229492 0.791992 0.222656 0.788086
0 0.890625 0.718750 0.885742 0.720703 0.883789 0.727539 0.889648 0.724609