0 0.704102 0.914062 0.701172 0.915039 0.701172 0.923828 0.705078 0.920898
0 0.743164 0.480469 0.745117 0.488281 0.751953 0.491211 0.750000 0.484375
0 0.550781 0.075195 0.544922 0.078125 0.543945 0.084961 0.549805 0.082031
0 0.724609 0.882812 0.717773 0.883789 0.714844 0.888672 0.719727 0.888672
0 0.747070 0.167969 0.745117 0.173828 0.747070 0.179688 0.749023 0.179688 0.750000 0.168945
0 0.298828 0.390625 0.294922 0.392578 0.295898 0.403320 0.299805 0.399414
0 0.824219 0.523438 0.825195 0.530273 0.830078 0.533203 0.830078 0.526367
0 0.756836 0.987305 0.756836 0.995117 0.759766 0.997070 0.759766 0.988281
0 0.814453 0.389648 0.813477 0.397461 0.817383 0.400391 0.818359 0.394531
0 0.491211 0.149414 0.486328 0.155273 0.487305 0.163086 0.493164 0.157227 0.493164 0.150391
0 0.538086 0.009766 0.539062 0.013672 0.547852 0.015625 0.544922 0.010742
0 0.105469 0.716797 0.106445 0.722656 0.112305 0.727539 0.112305 0.719727 0.107422 0.715820
0 0.860352 0.741211 0.852539 0.742188 0.849609 0.747070 0.856445 0.747070
0 0.849609 0.043945 0.853516 0.048828 0.860352 0.048828 0.860352 0.045898 0.856445 0.042969
0 0.471680 0.387695 0.464844 0.387695 0.460938 0.392578 0.467773 0.392578 0.471680 0.390625
0 0.028320 0.333984 0.028320 0.342773 0.030273 0.345703 0.033203 0.345703 0.034180 0.339844
0 0.705078 0.529297 0.705078 0.532227 0.713867 0.534180 0.712891 0.530273
0 0.316406 0.650391 0.318359 0.654297 0.327148 0.654297 0.322266 0.649414
0 0.929688 0.260742 0.929688 0.266602 0.935547 0.271484 0.934570 0.262695
0 0.766602 0.922852 0.758789 0.927734 0.757812 0.931641 0.759766 0.933594 0.765625 0.929688
0 0.802734 0.767578 0.804688 0.775391 0.808594 0.778320 0.809570 0.772461 0.807617 0.768555
0 0.411133 0.041992 0.418945 0.041992 0.422852 0.039062 0.421875 0.037109 0.416016 0.037109
0 0.652344 0.785156 0.654297 0.789062 0.661133 0.790039 0.656250 0.784180
0 0.074219 0.649414 0.070312 0.651367 0.069336 0.657227 0.074219 0.654297
0 0.136719 0.368164 0.130859 0.372070 0.129883 0.377930 0.135742 0.375977
0 0.463867 0.256836 0.458984 0.261719 0.460938 0.269531 0.464844 0.261719
0 0.206055 0.411133 0.212891 0.412109 0.217773 0.407227 0.209961 0.406250
0 0.500000 0.709961 0.501953 0.713867 0.510742 0.711914 0.506836 0.708984
0 0.956055 0.710938 0.959961 0.714844 0.966797 0.713867 0.964844 0.709961
0 0.901367 0.748047 0.901367 0.757812 0.906250 0.760742 0.906250 0.752930
0 0.872070 0.431641 0.867188 0.434570 0.866211 0.440430 0.872070 0.437500
0 0.703125 0.216797 0.703125 0.224609 0.708008 0.226562 0.708008 0.220703 0.706055 0.216797
0 0.632812 0.481445 0.629883 0.482422 0.631836 0.493164 0.633789 0.489258
0 0.623047 0.112305 0.626953 0.119141 0.632812 0.120117 0.629883 0.113281
0 0.157227 0.530273 0.150391 0.534180 0.149414 0.540039 0.156250 0.536133
0 0.251953 0.594727 0.249023 0.596680 0.250000 0.604492 0.252930 0.601562
0 0.963867 0.567383 0.963867 0.570312 0.967773 0.572266 0.974609 0.571289 0.971680 0.567383
0 0.723633 0.858398 0.719727 0.859375 0.716797 0.863281 0.720703 0.864258
0 0.700195 0.708984 0.698242 0.708984 0.696289 0.713867 0.698242 0.721680 0.702148 0.716797
0 0.354492 0.343750 0.357422 0.347656 0.366211 0.347656 0.364258 0.343750
0 0.167969 0.261719 0.166992 0.270508 0.169922 0.270508 0.170898 0.262695
0 0.965820 0.902344 0.967773 0.906250 0.977539 0.907227 0.976562 0.902344
0 0.898438 0.536133 0.892578 0.539062 0.890625 0.546875 0.897461 0.542969
0 0.248047 0.883789 0.253906 0.887695 0.257812 0.886719 0.253906 0.881836
0 0.071289 0.876953 0.066406 0.876953 0.061523 0.883789 0.070312 0.882812
0 0.477539 0.931641 0.472656 0.933594 0.469727 0.941406 0.476562 0.939453
0 0.914062 0.570312 0.914062 0.574219 0.917969 0.576172 0.926758 0.575195 0.921875 0.570312
0 0.699219 0.762695 0.704102 0.768555 0.710938 0.768555 0.708984 0.764648