0 0.232422 0.158203 0.226562 0.159180 0.224609 0.164062 0.229492 0.164062
0 0.621094 0.068359 0.621094 0.071289 0.625000 0.074219 0.633789 0.073242 0.626953 0.068359
0 0.600586 0.816406 0.602539 0.823242 0.607422 0.824219 0.607422 0.820312
0 0.575195 0.949219 0.575195 0.956055 0.580078 0.958984 0.579102 0.951172
0 0.328125 0.174805 0.320312 0.179688 0.320312 0.183594 0.326172 0.181641
0 0.356445 0.917969 0.351562 0.921875 0.351562 0.928711 0.356445 0.924805
0 0.789062 0.766602 0.781250 0.769531 0.778320 0.777344 0.784180 0.776367 0.789062 0.770508
0 0.881836 0.719727 0.880859 0.724609 0.884766 0.729492 0.885742 0.720703
0 0.285156 0.161133 0.288086 0.165039 0.293945 0.165039 0.291992 0.161133
0 0.908203 0.182617 0.902344 0.183594 0.900391 0.189453 0.905273 0.188477
0 0.019531 0.755859 0.020508 0.759766 0.029297 0.760742 0.027344 0.756836
0 0.844727 0.592773 0.839844 0.593750 0.837891 0.600586 0.843750 0.596680
0 0.019531 0.136719 0.020508 0.142578 0.029297 0.146484 0.026367 0.138672
0 0.416992 0.817383 0.417969 0.826172 0.421875 0.829102 0.421875 0.820312 0.419922 0.817383
0 0.290039 0.383789 0.293945 0.388672 0.298828 0.388672 0.296875 0.384766
0 0.382812 0.651367 0.387695 0.655273 0.394531 0.654297 0.394531 0.651367 0.389648 0.649414
0 0.667969 0.749023 0.663086 0.750977 0.661133 0.759766 0.667969 0.755859
0 0.307617 0.833984 0.309570 0.842773 0.316406 0.844727 0.315430 0.838867
0 0.300781 0.766602 0.300781 0.770508 0.308594 0.774414 0.307617 0.770508
0 0.692383 0.310547 0.696289 0.315430 0.703125 0.315430 0.699219 0.310547
0 0.104492 0.543945 0.107422 0.550781 0.112305 0.552734 0.111328 0.546875
0 0.315430 0.779297 0.310547 0.783203 0.310547 0.791992 0.313477 0.791992 0.316406 0.787109
0 0.102539 0.398438 0.101562 0.406250 0.104492 0.409180 0.106445 0.401367
0 0.875977 0.551758 0.875977 0.559570 0.877930 0.562500 0.880859 0.562500 0.880859 0.555664
0 0.797852 0.738281 0.798828 0.741211 0.806641 0.741211 0.805664 0.738281
0 0.668945 0.844727 0.671875 0.847656 0.680664 0.847656 0.678711 0.843750
0 0.548828 0.673828 0.538086 0.675781 0.536133 0.680664 0.544922 0.679688
0 0.575195 0.377930 0.566406 0.379883 0.566406 0.382812 0.572266 0.382812
0 0.682617 0.939453 0.676758 0.941406 0.673828 0.947266 0.679688 0.946289
0 0.421875 0.362305 0.416992 0.366211 0.416992 0.373047 0.419922 0.373047 0.421875 0.370117
0 0.271484 0.943359 0.271484 0.946289 0.274414 0.947266 0.282227 0.946289 0.280273 0.942383
0 0.137695 0.046875 0.142578 0.052734 0.148438 0.052734 0.147461 0.047852