0 0.664062 0.046875 0.661133 0.046875 0.659180 0.049805 0.659180 0.058594 0.665039 0.050781
0 0.312500 0.647461 0.304688 0.649414 0.302734 0.654297 0.308594 0.654297
0 0.566406 0.466797 0.566406 0.469727 0.569336 0.470703 0.577148 0.469727 0.575195 0.466797
0 0.436523 0.601562 0.435547 0.610352 0.438477 0.614258 0.440430 0.603516
0 0.958984 0.458984 0.958984 0.460938 0.967773 0.461914 0.966797 0.458008
0 0.112305 0.891602 0.111328 0.902344 0.116211 0.906250 0.117188 0.897461 0.114258 0.891602
0 0.397461 0.716797 0.399414 0.719727 0.408203 0.718750 0.408203 0.716797 0.403320 0.714844
0 0.116211 0.395508 0.115234 0.402344 0.119141 0.405273 0.119141 0.396484
0 0.857422 0.861328 0.851562 0.861328 0.847656 0.868164 0.855469 0.867188
0 0.453125 0.416992 0.443359 0.416992 0.441406 0.420898 0.449219 0.421875 0.453125 0.419922
0 0.920898 0.394531 0.924805 0.398438 0.931641 0.398438 0.931641 0.395508 0.928711 0.393555
0 0.512695 0.627930 0.506836 0.630859 0.505859 0.636719 0.511719 0.633789
0 0.562500 0.682617 0.554688 0.683594 0.551758 0.691406 0.558594 0.689453
0 0.149414 0.598633 0.148438 0.606445 0.151367 0.609375 0.153320 0.600586
0 0.469727 0.302734 0.469727 0.307617 0.474609 0.312500 0.474609 0.305664 0.472656 0.302734
0 0.681641 0.091797 0.677734 0.094727 0.677734 0.103516 0.683594 0.097656
0 0.723633 0.798828 0.719727 0.798828 0.716797 0.805664 0.720703 0.804688
0 0.304688 0.396484 0.296875 0.397461 0.295898 0.401367 0.302734 0.400391
0 0.200195 0.589844 0.193359 0.589844 0.189453 0.593750 0.195312 0.594727
0 0.695312 0.882812 0.699219 0.888672 0.705078 0.889648 0.703125 0.883789 0.700195 0.881836
0 0.889648 0.674805 0.890625 0.681641 0.896484 0.683594 0.894531 0.676758
0 0.815430 0.358398 0.817383 0.367188 0.824219 0.370117 0.822266 0.362305
0 0.067383 0.108398 0.073242 0.113281 0.080078 0.112305 0.076172 0.107422 0.071289 0.106445
0 0.786133 0.416016 0.787109 0.419922 0.796875 0.419922 0.796875 0.416992 0.791992 0.415039
0 0.638672 0.803711 0.637695 0.807617 0.641602 0.811523 0.642578 0.805664
0 0.487305 0.585938 0.483398 0.586914 0.482422 0.595703 0.486328 0.593750
0 0.155273 0.247070 0.159180 0.250977 0.165039 0.249023 0.164062 0.246094
0 0.315430 0.820312 0.309570 0.826172 0.309570 0.833008 0.316406 0.826172 0.317383 0.822266
0 0.546875 0.046875 0.543945 0.046875 0.541992 0.056641 0.544922 0.056641 0.546875 0.053711
0 0.083008 0.482422 0.083984 0.489258 0.087891 0.491211 0.087891 0.484375