0 0.976562 0.088867 0.972656 0.094727 0.973633 0.098633 0.978516 0.094727
0 0.959961 0.943359 0.966797 0.946289 0.971680 0.944336 0.972656 0.941406 0.962891 0.940430
0 0.214844 0.050781 0.211914 0.052734 0.211914 0.058594 0.215820 0.055664
0 0.340820 0.378906 0.343750 0.383789 0.350586 0.384766 0.347656 0.378906
0 0.008789 0.670898 0.009766 0.675781 0.016602 0.677734 0.012695 0.669922
0 0.412109 0.768555 0.407227 0.771484 0.407227 0.777344 0.411133 0.775391
0 0.515625 0.055664 0.519531 0.058594 0.529297 0.056641 0.526367 0.052734 0.520508 0.052734
0 0.521484 0.746094 0.515625 0.749023 0.514648 0.754883 0.520508 0.752930
0 0.447266 0.617188 0.441406 0.618164 0.436523 0.626953 0.444336 0.625000
0 0.007812 0.107422 0.004883 0.112305 0.007812 0.122070 0.010742 0.116211
0 0.042969 0.757812 0.044922 0.767578 0.049805 0.771484 0.053711 0.771484 0.050781 0.761719
0 0.866211 0.411133 0.868164 0.419922 0.870117 0.418945 0.870117 0.414062
0 0.035156 0.394531 0.031250 0.396484 0.029297 0.403320 0.034180 0.401367
0 0.025391 0.553711 0.017578 0.555664 0.014648 0.559570 0.015625 0.561523 0.023438 0.559570
0 0.416016 0.760742 0.424805 0.760742 0.427734 0.756836 0.417969 0.756836
0 0.365234 0.432617 0.364258 0.437500 0.369141 0.442383 0.369141 0.434570
0 0.128906 0.314453 0.124023 0.315430 0.122070 0.321289 0.125000 0.321289
0 0.616211 0.027344 0.611328 0.029297 0.609375 0.036133 0.615234 0.033203
0 0.625977 0.569336 0.625977 0.572266 0.630859 0.575195 0.636719 0.576172 0.638672 0.574219 0.634766 0.569336
0 0.262695 0.496094 0.265625 0.499023 0.272461 0.498047 0.270508 0.495117
0 0.234375 0.776367 0.234375 0.779297 0.237305 0.781250 0.244141 0.780273 0.239258 0.776367
0 0.938477 0.712891 0.936523 0.719727 0.939453 0.723633 0.941406 0.714844
0 0.074219 0.644531 0.076172 0.650391 0.083984 0.652344 0.080078 0.645508
0 0.847656 0.932617 0.843750 0.935547 0.844727 0.942383 0.848633 0.936523
0 0.581055 0.826172 0.577148 0.828125 0.577148 0.837891 0.582031 0.831055
0 0.938477 0.984375 0.936523 0.984375 0.934570 0.989258 0.936523 0.997070 0.940430 0.992188
0 0.136719 0.301758 0.146484 0.302734 0.151367 0.297852 0.142578 0.296875
0 0.610352 0.333984 0.612305 0.341797 0.618164 0.345703 0.616211 0.335938
0 0.952148 0.201172 0.947266 0.203125 0.946289 0.208984 0.952148 0.205078
0 0.339844 0.292969 0.333984 0.295898 0.332031 0.301758 0.337891 0.300781
0 0.739258 0.121094 0.734375 0.121094 0.730469 0.128906 0.737305 0.126953
0 0.131836 0.176758 0.134766 0.183594 0.142578 0.185547 0.142578 0.181641 0.138672 0.177734
0 0.194336 0.868164 0.190430 0.868164 0.186523 0.872070 0.185547 0.876953 0.191406 0.875000
0 0.577148 0.851562 0.577148 0.857422 0.583008 0.861328 0.583008 0.855469
0 0.865234 0.079102 0.861328 0.083984 0.861328 0.087891 0.866211 0.084961
0 0.691406 0.482422 0.694336 0.487305 0.702148 0.487305 0.698242 0.482422
0 0.725586 0.410156 0.727539 0.416016 0.734375 0.416992 0.731445 0.411133
0 0.958008 0.986328 0.960938 0.990234 0.967773 0.990234 0.965820 0.986328
0 0.611328 0.764648 0.610352 0.771484 0.614258 0.774414 0.615234 0.769531
0 0.758789 0.155273 0.752930 0.155273 0.749023 0.163086 0.755859 0.161133