0 0.317383 0.323242 0.310547 0.320312 0.302734 0.322266 0.307617 0.326172 0.313477 0.326172
0 0.970703 0.922852 0.970703 0.931641 0.972656 0.934570 0.975586 0.934570 0.975586 0.926758
0 0.606445 0.013672 0.605469 0.018555 0.609375 0.022461 0.610352 0.018555
0 0.117188 0.604492 0.120117 0.609375 0.125977 0.610352 0.122070 0.603516
0 0.866211 0.562500 0.862305 0.565430 0.861328 0.572266 0.866211 0.570312
0 0.622070 0.782227 0.622070 0.791016 0.625000 0.794922 0.626953 0.792969 0.626953 0.786133
0 0.770508 0.241211 0.766602 0.244141 0.766602 0.250000 0.770508 0.248047
0 0.083984 0.252930 0.080078 0.254883 0.080078 0.264648 0.083008 0.262695
0 0.548828 0.942383 0.551758 0.945312 0.558594 0.945312 0.556641 0.941406
0 0.184570 0.848633 0.187500 0.852539 0.194336 0.852539 0.190430 0.847656
0 0.550781 0.617188 0.553711 0.622070 0.559570 0.623047 0.557617 0.618164
0 0.148438 0.137695 0.141602 0.138672 0.138672 0.144531 0.145508 0.143555
0 0.301758 0.898438 0.301758 0.902344 0.309570 0.907227 0.309570 0.902344
0 0.140625 0.744141 0.136719 0.748047 0.138672 0.754883 0.141602 0.749023
0 0.313477 0.474609 0.308594 0.477539 0.307617 0.483398 0.312500 0.481445
0 0.704102 0.835938 0.697266 0.836914 0.695312 0.840820 0.703125 0.839844
0 0.116211 0.046875 0.112305 0.047852 0.111328 0.056641 0.116211 0.052734
0 0.737305 0.850586 0.730469 0.847656 0.723633 0.852539 0.733398 0.854492
0 0.020508 0.386719 0.015625 0.388672 0.014648 0.395508 0.019531 0.392578
0 0.071289 0.016602 0.070312 0.021484 0.073242 0.027344 0.076172 0.022461 0.074219 0.017578
0 0.951172 0.329102 0.943359 0.332031 0.941406 0.337891 0.948242 0.336914
0 0.137695 0.530273 0.138672 0.534180 0.146484 0.534180 0.143555 0.530273
0 0.924805 0.127930 0.923828 0.133789 0.926758 0.137695 0.928711 0.129883
0 0.923828 0.169922 0.919922 0.171875 0.919922 0.180664 0.923828 0.176758
0 0.043945 0.879883 0.039062 0.880859 0.037109 0.889648 0.041992 0.887695
0 0.293945 0.765625 0.294922 0.774414 0.299805 0.775391 0.297852 0.767578
0 0.254883 0.846680 0.254883 0.852539 0.259766 0.856445 0.260742 0.851562
0 0.497070 0.895508 0.490234 0.894531 0.484375 0.899414 0.494141 0.900391
0 0.221680 0.131836 0.213867 0.131836 0.212891 0.133789 0.220703 0.134766