0 0.478516 0.582031 0.478516 0.588867 0.482422 0.591797 0.482422 0.583984
0 0.824219 0.761719 0.819336 0.759766 0.811523 0.762695 0.811523 0.764648 0.818359 0.766602 0.822266 0.765625
0 0.887695 0.011719 0.889648 0.019531 0.893555 0.022461 0.894531 0.016602 0.892578 0.012695
0 0.456055 0.246094 0.455078 0.250977 0.458984 0.257812 0.460938 0.250977
0 0.533203 0.449219 0.534180 0.455078 0.539062 0.458008 0.538086 0.451172
0 0.107422 0.336914 0.107422 0.338867 0.115234 0.339844 0.118164 0.337891 0.118164 0.334961 0.112305 0.333984
0 0.068359 0.610352 0.064453 0.614258 0.064453 0.620117 0.068359 0.617188
0 0.656250 0.300781 0.651367 0.301758 0.648438 0.308594 0.653320 0.307617
0 0.438477 0.657227 0.432617 0.661133 0.431641 0.668945 0.437500 0.666992
0 0.619141 0.628906 0.611328 0.630859 0.607422 0.637695 0.616211 0.635742
0 0.360352 0.731445 0.362305 0.734375 0.369141 0.734375 0.367188 0.730469
0 0.261719 0.495117 0.256836 0.495117 0.252930 0.500977 0.259766 0.500000
0 0.274414 0.385742 0.275391 0.390625 0.283203 0.394531 0.283203 0.390625 0.279297 0.386719
0 0.404297 0.327148 0.399414 0.330078 0.401367 0.340820 0.404297 0.339844 0.405273 0.335938
0 0.729492 0.041992 0.734375 0.047852 0.740234 0.048828 0.738281 0.042969 0.734375 0.041016
0 0.711914 0.589844 0.708984 0.593750 0.709961 0.598633 0.713867 0.593750
0 0.541016 0.804688 0.538086 0.804688 0.535156 0.808594 0.536133 0.818359 0.541016 0.813477
0 0.734375 0.198242 0.743164 0.200195 0.745117 0.196289 0.736328 0.195312
0 0.676758 0.838867 0.675781 0.842773 0.681641 0.848633 0.681641 0.839844
0 0.983398 0.512695 0.983398 0.515625 0.986328 0.516602 0.993164 0.515625 0.990234 0.511719
0 0.194336 0.916016 0.190430 0.918945 0.190430 0.925781 0.193359 0.925781 0.195312 0.922852
0 0.296875 0.102539 0.303711 0.102539 0.309570 0.097656 0.298828 0.097656
0 0.930664 0.833008 0.930664 0.839844 0.934570 0.843750 0.935547 0.836914 0.933594 0.833008
0 0.856445 0.687500 0.850586 0.688477 0.847656 0.697266 0.855469 0.693359
0 0.744141 0.058594 0.745117 0.060547 0.755859 0.059570 0.755859 0.056641 0.746094 0.055664
0 0.790039 0.023438 0.794922 0.029297 0.803711 0.029297 0.797852 0.022461 0.791992 0.021484
0 0.918945 0.284180 0.920898 0.291992 0.926758 0.292969 0.926758 0.289062
0 0.218750 0.877930 0.215820 0.879883 0.215820 0.886719 0.219727 0.883789
0 0.773438 0.228516 0.772461 0.235352 0.776367 0.240234 0.778320 0.234375 0.775391 0.228516
0 0.934570 0.619141 0.936523 0.624023 0.941406 0.625000 0.940430 0.621094
0 0.404297 0.494141 0.404297 0.500000 0.409180 0.504883 0.412109 0.504883 0.410156 0.497070
0 0.974609 0.375977 0.974609 0.380859 0.982422 0.384766 0.982422 0.379883
0 0.038086 0.639648 0.040039 0.642578 0.047852 0.640625 0.045898 0.638672
0 0.584961 0.519531 0.584961 0.529297 0.589844 0.532227 0.589844 0.524414
0 0.795898 0.363281 0.795898 0.366211 0.804688 0.365234 0.802734 0.362305
0 0.810547 0.541992 0.809570 0.547852 0.813477 0.552734 0.814453 0.544922
0 0.483398 0.231445 0.483398 0.233398 0.487305 0.234375 0.493164 0.233398 0.491211 0.229492
0 0.385742 0.280273 0.382812 0.281250 0.380859 0.286133 0.381836 0.292969 0.386719 0.288086
0 0.004883 0.917969 0.007812 0.921875 0.014648 0.921875 0.009766 0.916992