0 0.154297 0.257812 0.154297 0.260742 0.157227 0.261719 0.164062 0.260742 0.159180 0.256836
0 0.230469 0.877930 0.230469 0.883789 0.233398 0.887695 0.238281 0.888672 0.236328 0.880859
0 0.334961 0.646484 0.328125 0.647461 0.325195 0.652344 0.333008 0.651367
0 0.078125 0.878906 0.077148 0.886719 0.080078 0.890625 0.082031 0.888672 0.082031 0.881836
0 0.718750 0.530273 0.713867 0.531250 0.710938 0.537109 0.712891 0.538086 0.717773 0.535156
0 0.080078 0.951172 0.073242 0.953125 0.069336 0.960938 0.077148 0.958984
0 0.959961 0.301758 0.955078 0.303711 0.954102 0.310547 0.958984 0.307617
0 0.774414 0.320312 0.774414 0.323242 0.780273 0.327148 0.787109 0.326172 0.782227 0.320312
0 0.945312 0.682617 0.941406 0.685547 0.941406 0.693359 0.944336 0.693359 0.946289 0.689453
0 0.426758 0.929688 0.422852 0.934570 0.422852 0.939453 0.426758 0.938477
0 0.131836 0.417969 0.128906 0.418945 0.129883 0.427734 0.132812 0.424805
0 0.341797 0.031250 0.346680 0.036133 0.355469 0.033203 0.348633 0.029297
0 0.140625 0.044922 0.144531 0.052734 0.149414 0.051758 0.147461 0.046875
0 0.849609 0.970703 0.852539 0.976562 0.857422 0.976562 0.854492 0.971680
0 0.948242 0.153320 0.944336 0.154297 0.941406 0.160156 0.946289 0.158203
0 0.378906 0.614258 0.377930 0.620117 0.381836 0.624023 0.383789 0.617188
0 0.881836 0.717773 0.884766 0.723633 0.890625 0.723633 0.887695 0.718750
0 0.761719 0.966797 0.760742 0.964844 0.754883 0.965820 0.750977 0.970703 0.758789 0.969727
0 0.170898 0.363281 0.166992 0.365234 0.165039 0.373047 0.166992 0.375000 0.170898 0.371094
0 0.454102 0.814453 0.456055 0.818359 0.464844 0.817383 0.461914 0.813477
0 0.699219 0.540039 0.695312 0.542969 0.694336 0.550781 0.701172 0.546875
0 0.444336 0.417969 0.437500 0.421875 0.436523 0.427734 0.443359 0.424805
0 0.710938 0.710938 0.711914 0.714844 0.716797 0.717773 0.723633 0.716797 0.717773 0.710938
0 0.164062 0.017578 0.166016 0.022461 0.174805 0.024414 0.172852 0.019531
0 0.361328 0.983398 0.361328 0.988281 0.366211 0.993164 0.366211 0.985352
0 0.736328 0.719727 0.732422 0.723633 0.733398 0.732422 0.738281 0.727539
0 0.772461 0.564453 0.768555 0.566406 0.768555 0.574219 0.772461 0.571289
0 0.236328 0.174805 0.230469 0.175781 0.227539 0.183594 0.232422 0.181641
0 0.899414 0.680664 0.891602 0.680664 0.887695 0.683594 0.887695 0.686523 0.894531 0.686523
0 0.458984 0.125000 0.455078 0.127930 0.456055 0.134766 0.459961 0.130859