0 0.938477 0.570312 0.930664 0.571289 0.927734 0.577148 0.936523 0.575195
0 0.185547 0.610352 0.180664 0.613281 0.179688 0.622070 0.184570 0.620117
0 0.348633 0.933594 0.342773 0.933594 0.337891 0.938477 0.345703 0.938477
0 0.967773 0.032227 0.969727 0.036133 0.978516 0.034180
0 0.833008 0.791016 0.836914 0.796875 0.843750 0.796875 0.840820 0.791992
0 0.094727 0.192383 0.086914 0.193359 0.083984 0.198242 0.092773 0.197266
0 0.786133 0.640625 0.786133 0.646484 0.792969 0.649414 0.793945 0.647461 0.791016 0.642578
0 0.336914 0.491211 0.338867 0.496094 0.345703 0.498047 0.344727 0.493164
0 0.054688 0.846680 0.054688 0.852539 0.063477 0.857422 0.065430 0.855469 0.062500 0.849609
0 0.603516 0.471680 0.604492 0.475586 0.614258 0.474609 0.614258 0.471680 0.611328 0.470703
0 0.910156 0.684570 0.911133 0.693359 0.916016 0.696289 0.915039 0.687500
0 0.708984 0.727539 0.708008 0.734375 0.710938 0.737305 0.712891 0.731445
0 0.537109 0.083984 0.533203 0.087891 0.534180 0.094727 0.539062 0.089844
0 0.130859 0.065430 0.125977 0.071289 0.125977 0.077148 0.128906 0.081055 0.131836 0.077148
0 0.676758 0.557617 0.676758 0.559570 0.681641 0.561523 0.686523 0.560547 0.686523 0.557617 0.683594 0.556641
0 0.844727 0.323242 0.848633 0.329102 0.854492 0.330078 0.852539 0.324219
0 0.714844 0.084961 0.716797 0.088867 0.724609 0.088867 0.721680 0.084961
0 0.652344 0.332031 0.646484 0.334961 0.644531 0.343750 0.651367 0.340820
0 0.583008 0.552734 0.580078 0.554688 0.580078 0.559570 0.583008 0.558594
0 0.651367 0.020508 0.653320 0.026367 0.659180 0.028320 0.658203 0.023438
0 0.078125 0.285156 0.080078 0.292969 0.084961 0.293945 0.083008 0.286133
0 0.263672 0.925781 0.257812 0.928711 0.257812 0.935547 0.262695 0.932617
0 0.649414 0.288086 0.643555 0.293945 0.643555 0.300781 0.646484 0.300781 0.650391 0.295898
0 0.376953 0.114258 0.380859 0.120117 0.386719 0.120117 0.382812 0.114258
0 0.804688 0.158203 0.793945 0.158203 0.791016 0.163086 0.801758 0.162109
0 0.422852 0.750977 0.415039 0.751953 0.414062 0.755859 0.420898 0.754883
0 0.040039 0.517578 0.039062 0.523438 0.042969 0.529297 0.045898 0.521484 0.044922 0.518555
0 0.928711 0.166016 0.930664 0.169922 0.938477 0.169922 0.935547 0.166016
0 0.897461 0.667969 0.889648 0.669922 0.887695 0.675781 0.895508 0.673828
0 0.882812 0.457031 0.886719 0.460938 0.895508 0.458008 0.892578 0.455078
0 0.253906 0.643555 0.251953 0.644531 0.251953 0.649414 0.257812 0.656250 0.258789 0.650391
0 0.483398 0.039062 0.487305 0.044922 0.493164 0.044922 0.491211 0.040039
0 0.210938 0.740234 0.212891 0.749023 0.217773 0.750977 0.215820 0.742188
0 0.916016 0.411133 0.912109 0.408203 0.907227 0.409180 0.905273 0.412109 0.914062 0.413086
0 0.143555 0.436523 0.137695 0.437500 0.134766 0.442383 0.140625 0.442383
0 0.797852 0.487305 0.799805 0.494141 0.804688 0.496094 0.803711 0.490234
0 0.438477 0.471680 0.437500 0.479492 0.440430 0.481445 0.441406 0.473633
0 0.624023 0.951172 0.625977 0.953125 0.632812 0.953125 0.636719 0.950195 0.636719 0.947266 0.627930 0.947266
0 0.305664 0.895508 0.298828 0.898438 0.296875 0.906250 0.304688 0.902344
0 0.060547 0.041992 0.051758 0.044922 0.049805 0.049805 0.058594 0.047852
0 0.525391 0.063477 0.527344 0.069336 0.534180 0.071289 0.529297 0.063477
0 0.789062 0.240234 0.784180 0.242188 0.783203 0.250000 0.788086 0.247070
0 0.502930 0.670898 0.497070 0.671875 0.493164 0.679688 0.500000 0.678711
0 0.084961 0.759766 0.077148 0.767578 0.082031 0.767578 0.084961 0.764648
0 0.197266 0.979492 0.197266 0.986328 0.201172 0.989258 0.202148 0.984375
0 0.819336 0.306641 0.813477 0.306641 0.809570 0.313477 0.817383 0.311523
0 0.633789 0.983398 0.625000 0.985352 0.623047 0.990234 0.628906 0.990234 0.633789 0.986328
0 0.108398 0.177734 0.103516 0.180664 0.103516 0.187500 0.107422 0.185547
0 0.662109 0.520508 0.669922 0.522461 0.675781 0.516602 0.666992 0.515625
0 0.307617 0.888672 0.307617 0.891602 0.317383 0.892578 0.316406 0.888672
0 0.617188 0.633789 0.616211 0.638672 0.619141 0.643555 0.620117 0.634766
0 0.927734 0.916016 0.929688 0.923828 0.934570 0.926758 0.933594 0.918945
0 0.243164 0.958984 0.244141 0.967773 0.248047 0.969727 0.249023 0.963867 0.246094 0.958984
0 0.768555 0.448242 0.772461 0.451172 0.779297 0.450195 0.777344 0.447266
0 0.359375 0.763672 0.359375 0.766602 0.362305 0.767578 0.369141 0.765625 0.369141 0.762695
0 0.944336 0.300781 0.946289 0.310547 0.952148 0.311523 0.950195 0.303711
0 0.141602 0.363281 0.136719 0.364258 0.133789 0.371094 0.137695 0.370117
0 0.298828 0.939453 0.296875 0.937500 0.292969 0.938477 0.290039 0.944336 0.296875 0.942383
0 0.521484 0.488281 0.513672 0.489258 0.510742 0.494141 0.519531 0.493164
0 0.863281 0.108398 0.866211 0.112305 0.874023 0.112305 0.869141 0.107422
0 0.142578 0.957031 0.131836 0.956055 0.128906 0.959961 0.134766 0.961914
0 0.728516 0.028320 0.721680 0.028320 0.718750 0.034180 0.725586 0.033203
0 0.479492 0.879883 0.475586 0.879883 0.470703 0.887695 0.477539 0.885742
0 0.112305 0.946289 0.104492 0.948242 0.102539 0.953125 0.111328 0.951172
0 0.964844 0.462891 0.966797 0.467773 0.973633 0.468750 0.969727 0.462891
0 0.954102 0.587891 0.951172 0.587891 0.946289 0.592773 0.945312 0.596680 0.947266 0.598633 0.953125 0.594727
0 0.435547 0.838867 0.440430 0.838867 0.444336 0.833984 0.438477 0.833984