0 0.636719 0.863281 0.636719 0.866211 0.640625 0.869141 0.647461 0.870117 0.649414 0.868164 0.643555 0.863281
0 0.875000 0.579102 0.878906 0.583008 0.886719 0.580078 0.880859 0.577148
0 0.915039 0.128906 0.910156 0.133789 0.911133 0.139648 0.915039 0.134766
0 0.790039 0.570312 0.782227 0.571289 0.778320 0.576172 0.785156 0.576172
0 0.199219 0.135742 0.202148 0.142578 0.209961 0.144531 0.209961 0.140625 0.206055 0.136719
0 0.847656 0.920898 0.842773 0.918945 0.837891 0.920898 0.837891 0.922852 0.843750 0.923828
0 0.264648 0.257812 0.265625 0.262695 0.274414 0.265625 0.278320 0.264648 0.278320 0.261719 0.273438 0.257812
0 0.843750 0.121094 0.840820 0.121094 0.838867 0.124023 0.839844 0.133789 0.843750 0.129883
0 0.325195 0.800781 0.324219 0.805664 0.328125 0.808594 0.328125 0.801758
0 0.041992 0.528320 0.041016 0.536133 0.044922 0.539062 0.045898 0.533203
0 0.347656 0.097656 0.351562 0.102539 0.357422 0.101562 0.353516 0.097656
0 0.177734 0.161133 0.172852 0.165039 0.171875 0.171875 0.173828 0.173828 0.178711 0.167969
0 0.090820 0.163086 0.090820 0.168945 0.093750 0.171875 0.093750 0.164062
0 0.549805 0.865234 0.546875 0.867188 0.547852 0.875000 0.550781 0.871094
0 0.466797 0.376953 0.461914 0.376953 0.458008 0.384766 0.462891 0.383789
0 0.115234 0.669922 0.112305 0.672852 0.113281 0.679688 0.117188 0.675781
0 0.527344 0.500977 0.529297 0.506836 0.538086 0.506836 0.534180 0.501953
0 0.532227 0.024414 0.524414 0.025391 0.522461 0.030273 0.527344 0.030273
0 0.968750 0.707031 0.967773 0.714844 0.971680 0.717773 0.972656 0.710938
0 0.238281 0.459961 0.248047 0.460938 0.252930 0.456055 0.244141 0.455078
0 0.247070 0.928711 0.249023 0.934570 0.255859 0.936523 0.250977 0.928711
0 0.149414 0.956055 0.149414 0.958008 0.156250 0.958008 0.158203 0.954102
0 0.317383 0.125000 0.318359 0.131836 0.323242 0.134766 0.322266 0.126953
0 0.079102 0.320312 0.073242 0.321289 0.070312 0.330078 0.078125 0.326172
0 0.049805 0.611328 0.052734 0.617188 0.059570 0.618164 0.056641 0.612305
0 0.877930 0.972656 0.877930 0.974609 0.889648 0.975586 0.888672 0.971680
0 0.512695 0.312500 0.514648 0.315430 0.520508 0.315430 0.520508 0.312500