0 0.233398 0.110352 0.234375 0.115234 0.240234 0.118164 0.238281 0.112305
0 0.967773 0.784180 0.961914 0.785156 0.958984 0.790039 0.964844 0.790039
0 0.792969 0.961914 0.786133 0.961914 0.783203 0.965820 0.791016 0.965820
0 0.845703 0.863281 0.845703 0.869141 0.851562 0.874023 0.850586 0.865234
0 0.759766 0.636719 0.763672 0.637695 0.770508 0.633789 0.761719 0.632812
0 0.979492 0.971680 0.972656 0.968750 0.963867 0.970703 0.968750 0.975586 0.974609 0.975586
0 0.578125 0.137695 0.582031 0.140625 0.587891 0.139648 0.587891 0.136719 0.583984 0.135742
0 0.132812 0.107422 0.132812 0.114258 0.135742 0.119141 0.138672 0.119141 0.138672 0.111328 0.135742 0.107422
0 0.046875 0.864258 0.046875 0.869141 0.050781 0.873047 0.054688 0.873047 0.052734 0.866211
0 0.766602 0.921875 0.771484 0.926758 0.778320 0.926758 0.778320 0.923828 0.774414 0.920898
0 0.697266 0.056641 0.699219 0.061523 0.708984 0.062500 0.705078 0.057617
0 0.838867 0.069336 0.838867 0.074219 0.846680 0.079102 0.845703 0.073242
0 0.949219 0.448242 0.950195 0.450195 0.958008 0.449219 0.958008 0.447266
0 0.744141 0.586914 0.737305 0.586914 0.734375 0.592773 0.740234 0.591797
0 0.564453 0.545898 0.559570 0.543945 0.552734 0.547852 0.563477 0.548828
0 0.754883 0.017578 0.752930 0.015625 0.749023 0.016602 0.746094 0.022461 0.752930 0.020508
0 0.337891 0.258789 0.345703 0.258789 0.346680 0.255859 0.340820 0.255859
0 0.890625 0.341797 0.883789 0.346680 0.882812 0.351562 0.891602 0.346680
0 0.434570 0.303711 0.427734 0.304688 0.425781 0.308594 0.433594 0.306641
0 0.565430 0.710938 0.566406 0.716797 0.572266 0.719727 0.572266 0.714844
0 0.500000 0.855469 0.494141 0.856445 0.491211 0.863281 0.499023 0.861328
0 0.554688 0.520508 0.553711 0.528320 0.558594 0.531250 0.559570 0.525391
0 0.230469 0.769531 0.226562 0.773438 0.227539 0.780273 0.231445 0.775391
0 0.181641 0.458984 0.183594 0.461914 0.190430 0.463867 0.188477 0.458984
0 0.159180 0.201172 0.154297 0.208008 0.155273 0.213867 0.158203 0.213867 0.161133 0.208984
0 0.623047 0.741211 0.619141 0.742188 0.619141 0.751953 0.623047 0.749023
0 0.470703 0.084961 0.471680 0.091797 0.479492 0.095703 0.476562 0.087891
0 0.337891 0.852539 0.333008 0.852539 0.329102 0.860352 0.335938 0.858398
0 0.560547 0.338867 0.561523 0.341797 0.566406 0.343750 0.574219 0.342773 0.574219 0.339844 0.571289 0.337891
0 0.533203 0.611328 0.529297 0.614258 0.529297 0.621094 0.534180 0.617188
0 0.322266 0.947266 0.323242 0.952148 0.331055 0.956055 0.329102 0.949219
0 0.353516 0.838867 0.356445 0.842773 0.363281 0.842773 0.361328 0.838867
0 0.884766 0.902344 0.879883 0.909180 0.880859 0.915039 0.883789 0.915039 0.886719 0.910156
0 0.557617 0.580078 0.563477 0.586914 0.569336 0.585938 0.567383 0.581055
0 0.475586 0.099609 0.476562 0.105469 0.482422 0.110352 0.482422 0.102539 0.478516 0.098633
0 0.155273 0.625000 0.150391 0.625000 0.146484 0.628906 0.146484 0.632812 0.153320 0.630859
0 0.838867 0.530273 0.841797 0.534180 0.849609 0.533203 0.847656 0.530273
0 0.751953 0.138672 0.750977 0.146484 0.753906 0.148438 0.754883 0.140625
0 0.169922 0.030273 0.168945 0.040039 0.172852 0.042969 0.174805 0.039062 0.173828 0.033203
0 0.575195 0.475586 0.569336 0.475586 0.565430 0.480469 0.571289 0.480469
0 0.545898 0.507812 0.543945 0.517578 0.545898 0.520508 0.548828 0.520508 0.550781 0.511719 0.548828 0.507812
0 0.862305 0.256836 0.856445 0.255859 0.852539 0.261719 0.860352 0.260742
0 0.301758 0.487305 0.303711 0.495117 0.308594 0.497070 0.308594 0.491211
0 0.921875 0.656250 0.915039 0.656250 0.910156 0.661133 0.916016 0.662109
0 0.361328 0.625977 0.354492 0.629883 0.355469 0.633789 0.361328 0.630859
0 0.816406 0.181641 0.819336 0.186523 0.827148 0.186523 0.822266 0.181641
0 0.102539 0.890625 0.107422 0.891602 0.112305 0.888672 0.104492 0.887695
0 0.256836 0.242188 0.252930 0.244141 0.253906 0.254883 0.257812 0.250977
0 0.132812 0.036133 0.126953 0.039062 0.125000 0.047852 0.131836 0.043945
0 0.905273 0.773438 0.909180 0.777344 0.917969 0.776367 0.916016 0.772461
0 0.824219 0.740234 0.819336 0.744141 0.819336 0.752930 0.825195 0.746094
0 0.346680 0.241211 0.348633 0.245117 0.356445 0.246094 0.353516 0.241211
0 0.916016 0.711914 0.913086 0.711914 0.909180 0.717773 0.913086 0.718750
0 0.660156 0.580078 0.660156 0.583984 0.666992 0.587891 0.666016 0.583008
0 0.022461 0.909180 0.022461 0.912109 0.026367 0.914062 0.032227 0.913086 0.028320 0.909180
0 0.037109 0.198242 0.037109 0.205078 0.040039 0.209961 0.042969 0.209961 0.042969 0.202148 0.040039 0.198242
0 0.638672 0.487305 0.640625 0.495117 0.644531 0.496094 0.642578 0.488281
0 0.102539 0.165039 0.106445 0.169922 0.113281 0.169922 0.108398 0.164062 0.104492 0.163086
0 0.078125 0.227539 0.085938 0.229492 0.088867 0.225586 0.082031 0.224609
0 0.601562 0.814453 0.598633 0.815430 0.598633 0.823242 0.601562 0.821289
0 0.059570 0.658203 0.062500 0.661133 0.069336 0.661133 0.067383 0.657227
0 0.171875 0.320312 0.178711 0.321289 0.184570 0.315430 0.176758 0.314453 0.171875 0.317383
0 0.599609 0.755859 0.599609 0.757812 0.607422 0.757812 0.609375 0.753906
0 0.867188 0.615234 0.868164 0.621094 0.874023 0.624023 0.872070 0.616211
0 0.657227 0.940430 0.657227 0.946289 0.663086 0.949219 0.662109 0.943359
0 0.787109 0.017578 0.789062 0.024414 0.795898 0.027344 0.795898 0.021484 0.792969 0.018555
0 0.892578 0.287109 0.892578 0.290039 0.895508 0.291992 0.904297 0.291016 0.899414 0.286133