0 0.405273 0.510742 0.412109 0.515625 0.417969 0.514648 0.417969 0.511719 0.413086 0.508789
0 0.847656 0.531250 0.847656 0.539062 0.849609 0.541992 0.852539 0.541992 0.852539 0.535156
0 0.561523 0.699219 0.560547 0.706055 0.565430 0.710938 0.566406 0.704102 0.564453 0.699219
0 0.890625 0.972656 0.892578 0.978516 0.898438 0.980469 0.897461 0.975586
0 0.663086 0.195312 0.662109 0.202148 0.665039 0.205078 0.666016 0.197266
0 0.127930 0.772461 0.119141 0.772461 0.115234 0.777344 0.125000 0.777344
0 0.718750 0.215820 0.721680 0.219727 0.728516 0.219727 0.726562 0.215820
0 0.721680 0.226562 0.717773 0.225586 0.710938 0.231445 0.718750 0.231445 0.721680 0.229492
0 0.727539 0.099609 0.719727 0.101562 0.717773 0.106445 0.723633 0.106445
0 0.589844 0.356445 0.587891 0.358398 0.588867 0.362305 0.595703 0.367188 0.594727 0.359375
0 0.393555 0.942383 0.385742 0.944336 0.384766 0.949219 0.391602 0.947266
0 0.839844 0.339844 0.841797 0.343750 0.849609 0.344727 0.845703 0.339844
0 0.639648 0.523438 0.639648 0.530273 0.642578 0.534180 0.645508 0.534180 0.644531 0.526367
0 0.626953 0.638672 0.625977 0.645508 0.629883 0.648438 0.630859 0.641602
0 0.335938 0.385742 0.338867 0.390625 0.347656 0.392578 0.345703 0.386719
0 0.218750 0.946289 0.214844 0.947266 0.212891 0.953125 0.217773 0.951172
0 0.352539 0.767578 0.354492 0.770508 0.364258 0.769531 0.364258 0.766602 0.360352 0.765625
0 0.259766 0.363281 0.254883 0.364258 0.253906 0.371094 0.258789 0.367188
0 0.487305 0.302734 0.482422 0.304688 0.481445 0.311523 0.487305 0.307617
0 0.739258 0.434570 0.738281 0.440430 0.741211 0.444336 0.744141 0.444336 0.744141 0.439453
0 0.167969 0.131836 0.167969 0.134766 0.171875 0.137695 0.180664 0.136719 0.173828 0.131836
0 0.612305 0.196289 0.611328 0.201172 0.615234 0.207031 0.616211 0.199219 0.615234 0.196289
0 0.789062 0.089844 0.791016 0.094727 0.799805 0.095703 0.793945 0.089844
0 0.855469 0.973633 0.854492 0.979492 0.857422 0.985352 0.860352 0.979492 0.858398 0.974609
0 0.185547 0.334961 0.187500 0.339844 0.196289 0.340820 0.195312 0.336914
0 0.233398 0.791992 0.228516 0.793945 0.227539 0.798828 0.233398 0.796875
0 0.264648 0.716797 0.259766 0.714844 0.254883 0.716797 0.253906 0.719727 0.258789 0.720703
0 0.183594 0.503906 0.183594 0.506836 0.192383 0.508789 0.191406 0.504883