0 0.351562 0.861328 0.345703 0.865234 0.345703 0.871094 0.351562 0.867188
0 0.681641 0.689453 0.682617 0.698242 0.687500 0.699219 0.685547 0.691406
0 0.328125 0.370117 0.324219 0.373047 0.324219 0.381836 0.329102 0.377930 0.330078 0.373047
0 0.325195 0.663086 0.327148 0.666992 0.333984 0.667969 0.333008 0.664062
0 0.541992 0.953125 0.543945 0.957031 0.551758 0.956055 0.550781 0.953125
0 0.031250 0.071289 0.032227 0.079102 0.037109 0.081055 0.036133 0.073242
0 0.924805 0.355469 0.918945 0.356445 0.915039 0.364258 0.921875 0.362305
0 0.156250 0.368164 0.155273 0.374023 0.160156 0.378906 0.160156 0.371094
0 0.025391 0.310547 0.019531 0.311523 0.015625 0.318359 0.023438 0.315430
0 0.931641 0.099609 0.925781 0.099609 0.920898 0.106445 0.928711 0.104492
0 0.174805 0.533203 0.174805 0.537109 0.182617 0.541016 0.181641 0.537109
0 0.519531 0.153320 0.520508 0.160156 0.526367 0.163086 0.526367 0.158203
0 0.932617 0.314453 0.928711 0.317383 0.929688 0.324219 0.933594 0.319336
0 0.937500 0.426758 0.930664 0.428711 0.928711 0.434570 0.936523 0.431641
0 0.554688 0.151367 0.549805 0.154297 0.549805 0.161133 0.554688 0.158203
0 0.687500 0.272461 0.681641 0.276367 0.680664 0.285156 0.686523 0.283203
0 0.770508 0.476562 0.765625 0.481445 0.765625 0.488281 0.771484 0.482422
0 0.650391 0.548828 0.651367 0.551758 0.660156 0.551758 0.658203 0.547852
0 0.932617 0.810547 0.934570 0.816406 0.941406 0.819336 0.939453 0.812500
0 0.924805 0.075195 0.925781 0.083008 0.931641 0.084961 0.930664 0.079102
0 0.707031 0.208984 0.707031 0.215820 0.711914 0.219727 0.710938 0.209961
0 0.825195 0.826172 0.822266 0.826172 0.820312 0.829102 0.820312 0.833984 0.823242 0.833984 0.825195 0.831055
0 0.549805 0.706055 0.546875 0.710938 0.549805 0.718750 0.551758 0.716797
0 0.225586 0.404297 0.224609 0.411133 0.228516 0.415039 0.229492 0.407227 0.228516 0.404297
0 0.966797 0.191406 0.958008 0.193359 0.956055 0.197266 0.963867 0.196289
0 0.672852 0.882812 0.667969 0.885742 0.668945 0.895508 0.672852 0.889648
0 0.873047 0.436523 0.869141 0.436523 0.864258 0.445312 0.869141 0.444336
0 0.321289 0.706055 0.324219 0.709961 0.333984 0.707031 0.333008 0.704102
0 0.845703 0.939453 0.836914 0.939453 0.833984 0.943359 0.841797 0.944336
0 0.745117 0.470703 0.741211 0.474609 0.743164 0.482422 0.747070 0.474609
0 0.117188 0.186523 0.118164 0.191406 0.124023 0.194336 0.123047 0.188477
0 0.459961 0.446289 0.458008 0.455078 0.460938 0.458008 0.462891 0.449219
0 0.529297 0.206055 0.528320 0.211914 0.530273 0.217773 0.532227 0.217773 0.534180 0.209961 0.532227 0.206055
0 0.591797 0.388672 0.587891 0.388672 0.583008 0.395508 0.588867 0.395508 0.591797 0.392578
0 0.869141 0.158203 0.867188 0.160156 0.869141 0.166016 0.876953 0.168945 0.875000 0.162109
0 0.303711 0.946289 0.303711 0.949219 0.307617 0.951172 0.316406 0.949219 0.311523 0.945312
0 0.086914 0.666016 0.081055 0.667969 0.080078 0.675781 0.085938 0.671875
0 0.224609 0.258789 0.222656 0.259766 0.222656 0.265625 0.228516 0.271484 0.229492 0.265625
0 0.401367 0.167969 0.403320 0.171875 0.412109 0.169922
0 0.712891 0.315430 0.707031 0.314453 0.703125 0.319336 0.708984 0.319336
0 0.961914 0.165039 0.958008 0.166016 0.957031 0.174805 0.961914 0.170898
0 0.523438 0.288086 0.523438 0.291992 0.528320 0.297852 0.527344 0.289062
0 0.520508 0.091797 0.515625 0.095703 0.514648 0.100586 0.516602 0.102539 0.521484 0.095703
0 0.885742 0.902344 0.882812 0.902344 0.878906 0.909180 0.883789 0.908203
0 0.348633 0.830078 0.348633 0.837891 0.350586 0.840820 0.353516 0.840820 0.353516 0.833984
0 0.444336 0.351562 0.442383 0.352539 0.442383 0.358398 0.447266 0.363281 0.447266 0.355469
0 0.099609 0.957031 0.099609 0.959961 0.104492 0.962891 0.111328 0.961914 0.106445 0.956055
0 0.607422 0.111328 0.603516 0.114258 0.604492 0.122070 0.608398 0.118164
0 0.155273 0.585938 0.155273 0.588867 0.159180 0.589844 0.164062 0.587891 0.162109 0.584961
0 0.538086 0.159180 0.538086 0.167969 0.542969 0.171875 0.542969 0.163086
0 0.302734 0.250977 0.297852 0.250000 0.293945 0.251953 0.291016 0.257812 0.298828 0.256836 0.302734 0.253906
0 0.957031 0.616211 0.955078 0.627930 0.957031 0.631836 0.960938 0.632812 0.961914 0.624023
0 0.327148 0.019531 0.320312 0.022461 0.319336 0.030273 0.325195 0.027344
0 0.765625 0.878906 0.764648 0.882812 0.766602 0.885742 0.773438 0.887695 0.770508 0.880859
0 0.279297 0.948242 0.279297 0.951172 0.283203 0.954102 0.291992 0.953125 0.288086 0.948242
0 0.755859 0.152344 0.749023 0.155273 0.748047 0.164062 0.754883 0.159180
0 0.149414 0.238281 0.153320 0.245117 0.160156 0.246094 0.158203 0.239258
0 0.615234 0.895508 0.610352 0.894531 0.604492 0.897461 0.603516 0.901367 0.612305 0.901367
0 0.040039 0.725586 0.038086 0.732422 0.041992 0.737305 0.043945 0.729492
0 0.236328 0.701172 0.230469 0.704102 0.230469 0.708984 0.236328 0.705078
0 0.603516 0.360352 0.606445 0.364258 0.614258 0.363281 0.612305 0.359375
0 0.348633 0.466797 0.339844 0.466797 0.337891 0.470703 0.343750 0.470703
0 0.952148 0.679688 0.957031 0.680664 0.962891 0.674805 0.954102 0.674805
0 0.948242 0.646484 0.948242 0.655273 0.952148 0.658203 0.954102 0.657227 0.954102 0.652344