0 0.308594 0.261719 0.302734 0.260742 0.298828 0.266602 0.305664 0.265625
0 0.721680 0.437500 0.716797 0.441406 0.717773 0.447266 0.721680 0.443359
0 0.950195 0.225586 0.952148 0.229492 0.960938 0.231445 0.958984 0.226562
0 0.940430 0.944336 0.946289 0.944336 0.949219 0.942383 0.949219 0.939453 0.941406 0.940430
0 0.564453 0.416016 0.565430 0.418945 0.575195 0.417969 0.573242 0.414062
0 0.686523 0.846680 0.681641 0.849609 0.681641 0.858398 0.687500 0.852539
0 0.355469 0.069336 0.355469 0.074219 0.362305 0.079102 0.362305 0.073242
0 0.149414 0.413086 0.142578 0.417969 0.142578 0.423828 0.148438 0.420898
0 0.026367 0.047852 0.029297 0.052734 0.037109 0.053711 0.037109 0.050781 0.031250 0.046875
0 0.993164 0.878906 0.987305 0.878906 0.984375 0.883789 0.992188 0.881836
0 0.503906 0.452148 0.508789 0.456055 0.518555 0.454102 0.514648 0.451172
0 0.051758 0.234375 0.047852 0.238281 0.049805 0.244141 0.052734 0.239258
0 0.218750 0.018555 0.218750 0.021484 0.221680 0.023438 0.227539 0.023438 0.225586 0.019531
0 0.503906 0.484375 0.503906 0.491211 0.509766 0.495117 0.508789 0.487305
0 0.859375 0.965820 0.863281 0.973633 0.869141 0.973633 0.866211 0.967773
0 0.176758 0.276367 0.172852 0.278320 0.173828 0.288086 0.177734 0.282227
0 0.512695 0.757812 0.510742 0.764648 0.512695 0.769531 0.514648 0.769531 0.516602 0.760742 0.515625 0.757812
0 0.659180 0.960938 0.658203 0.970703 0.661133 0.970703 0.662109 0.962891
0 0.390625 0.170898 0.385742 0.170898 0.380859 0.179688 0.387695 0.177734
0 0.951172 0.546875 0.949219 0.554688 0.953125 0.557617 0.955078 0.551758
0 0.519531 0.884766 0.515625 0.885742 0.514648 0.894531 0.518555 0.892578
0 0.914062 0.402344 0.916992 0.406250 0.924805 0.406250 0.928711 0.403320 0.924805 0.400391
0 0.295898 0.127930 0.298828 0.133789 0.304688 0.134766 0.301758 0.128906
0 0.214844 0.763672 0.215820 0.771484 0.220703 0.774414 0.220703 0.767578
0 0.779297 0.173828 0.779297 0.181641 0.783203 0.183594 0.783203 0.177734
0 0.922852 0.570312 0.925781 0.574219 0.932617 0.575195 0.931641 0.571289 0.927734 0.569336
0 0.306641 0.472656 0.300781 0.474609 0.298828 0.479492 0.304688 0.478516
0 0.278320 0.361328 0.274414 0.362305 0.273438 0.369141 0.278320 0.365234
0 0.514648 0.356445 0.510742 0.356445 0.507812 0.359375 0.506836 0.365234 0.513672 0.362305
0 0.766602 0.663086 0.763672 0.664062 0.763672 0.671875 0.766602 0.669922
0 0.250000 0.898438 0.246094 0.902344 0.247070 0.908203 0.250977 0.903320
0 0.868164 0.929688 0.862305 0.931641 0.861328 0.936523 0.865234 0.936523
0 0.206055 0.289062 0.201172 0.292969 0.201172 0.299805 0.206055 0.295898
0 0.204102 0.057617 0.211914 0.057617 0.214844 0.053711 0.208008 0.052734 0.204102 0.054688
0 0.633789 0.469727 0.634766 0.473633 0.643555 0.475586 0.640625 0.470703
0 0.637695 0.557617 0.640625 0.564453 0.650391 0.566406 0.647461 0.559570
0 0.335938 0.299805 0.331055 0.301758 0.329102 0.307617 0.334961 0.304688
0 0.871094 0.663086 0.867188 0.666016 0.867188 0.672852 0.870117 0.672852 0.872070 0.669922
0 0.736328 0.096680 0.735352 0.103516 0.739258 0.108398 0.742188 0.108398 0.741211 0.101562
0 0.380859 0.858398 0.377930 0.860352 0.377930 0.867188 0.381836 0.864258
0 0.559570 0.780273 0.555664 0.781250 0.553711 0.790039 0.559570 0.786133
0 0.162109 0.136719 0.158203 0.138672 0.158203 0.145508 0.163086 0.141602
0 0.278320 0.490234 0.269531 0.490234 0.267578 0.496094 0.276367 0.494141
0 0.696289 0.934570 0.699219 0.940430 0.704102 0.940430 0.702148 0.935547
0 0.664062 0.863281 0.654297 0.863281 0.651367 0.865234 0.651367 0.869141 0.660156 0.868164
0 0.020508 0.737305 0.022461 0.740234 0.033203 0.739258 0.032227 0.736328 0.027344 0.735352
0 0.807617 0.168945 0.803711 0.168945 0.801758 0.171875 0.802734 0.180664 0.807617 0.175781
0 0.164062 0.473633 0.162109 0.481445 0.163086 0.484375 0.166016 0.484375 0.167969 0.476562 0.166992 0.473633
0 0.878906 0.537109 0.878906 0.541992 0.885742 0.545898 0.882812 0.539062
0 0.912109 0.229492 0.908203 0.229492 0.905273 0.235352 0.911133 0.233398
0 0.432617 0.737305 0.427734 0.735352 0.421875 0.737305 0.421875 0.739258 0.429688 0.741211
0 0.107422 0.547852 0.103516 0.549805 0.101562 0.557617 0.107422 0.553711