0 0.864258 0.949219 0.866211 0.955078 0.872070 0.957031 0.872070 0.953125
0 0.218750 0.654297 0.218750 0.662109 0.223633 0.666016 0.223633 0.659180
0 0.898438 0.719727 0.893555 0.722656 0.891602 0.731445 0.898438 0.727539
0 0.123047 0.523438 0.117188 0.524414 0.115234 0.529297 0.121094 0.528320
0 0.386719 0.458008 0.382812 0.460938 0.382812 0.467773 0.384766 0.469727 0.387695 0.465820
0 0.974609 0.544922 0.971680 0.544922 0.969727 0.547852 0.970703 0.555664 0.974609 0.550781
0 0.428711 0.740234 0.423828 0.742188 0.422852 0.748047 0.428711 0.744141
0 0.250000 0.096680 0.250000 0.102539 0.254883 0.107422 0.254883 0.099609
0 0.452148 0.884766 0.451172 0.892578 0.454102 0.894531 0.456055 0.887695 0.455078 0.884766
0 0.979492 0.499023 0.973633 0.499023 0.970703 0.505859 0.977539 0.503906
0 0.227539 0.222656 0.224609 0.220703 0.219727 0.221680 0.216797 0.226562 0.223633 0.226562
0 0.876953 0.767578 0.881836 0.768555 0.887695 0.763672 0.880859 0.762695
0 0.370117 0.447266 0.372070 0.452148 0.375977 0.454102 0.380859 0.453125 0.376953 0.448242
0 0.333008 0.132812 0.331055 0.137695 0.333984 0.145508 0.335938 0.145508 0.337891 0.138672 0.336914 0.134766
0 0.888672 0.678711 0.886719 0.686523 0.888672 0.691406 0.891602 0.691406 0.892578 0.682617
0 0.222656 0.924805 0.223633 0.930664 0.228516 0.934570 0.227539 0.926758
0 0.479492 0.466797 0.479492 0.473633 0.483398 0.476562 0.483398 0.468750
0 0.847656 0.328125 0.852539 0.333008 0.856445 0.332031 0.853516 0.328125
0 0.250000 0.792969 0.242188 0.793945 0.239258 0.799805 0.248047 0.797852
0 0.644531 0.645508 0.648438 0.652344 0.654297 0.653320 0.652344 0.647461
0 0.195312 0.884766 0.199219 0.889648 0.205078 0.888672 0.201172 0.884766
0 0.497070 0.887695 0.500000 0.890625 0.507812 0.889648 0.505859 0.885742
0 0.670898 0.555664 0.670898 0.561523 0.675781 0.565430 0.676758 0.561523
0 0.743164 0.774414 0.743164 0.781250 0.747070 0.783203 0.747070 0.777344
0 0.805664 0.756836 0.801758 0.756836 0.796875 0.765625 0.801758 0.764648
0 0.973633 0.246094 0.972656 0.250977 0.976562 0.254883 0.976562 0.248047
0 0.217773 0.637695 0.219727 0.640625 0.225586 0.640625 0.222656 0.636719
0 0.144531 0.625977 0.137695 0.624023 0.129883 0.627930 0.129883 0.629883 0.137695 0.630859
0 0.800781 0.171875 0.793945 0.171875 0.790039 0.176758 0.797852 0.176758 0.800781 0.174805
0 0.010742 0.130859 0.015625 0.134766 0.022461 0.133789 0.015625 0.128906
0 0.583008 0.889648 0.577148 0.891602 0.575195 0.897461 0.579102 0.897461
0 0.655273 0.039062 0.656250 0.043945 0.663086 0.047852 0.664062 0.043945
0 0.085938 0.844727 0.086914 0.854492 0.089844 0.854492 0.090820 0.849609
0 0.392578 0.588867 0.392578 0.593750 0.397461 0.598633 0.397461 0.590820
0 0.803711 0.895508 0.799805 0.897461 0.799805 0.904297 0.802734 0.902344
0 0.550781 0.039062 0.551758 0.047852 0.558594 0.052734 0.558594 0.044922 0.554688 0.040039
0 0.169922 0.615234 0.168945 0.613281 0.164062 0.613281 0.157227 0.619141 0.164062 0.620117
0 0.950195 0.177734 0.951172 0.181641 0.955078 0.183594 0.962891 0.181641 0.958008 0.176758
0 0.348633 0.048828 0.340820 0.048828 0.339844 0.050781 0.347656 0.051758
0 0.700195 0.005859 0.697266 0.004883 0.692383 0.009766 0.699219 0.009766
0 0.297852 0.424805 0.292969 0.426758 0.291016 0.435547 0.296875 0.433594
0 0.957031 0.897461 0.958984 0.902344 0.967773 0.902344 0.962891 0.897461
0 0.726562 0.272461 0.722656 0.275391 0.721680 0.283203 0.728516 0.279297
0 0.051758 0.485352 0.049805 0.491211 0.054688 0.498047 0.055664 0.488281
0 0.017578 0.165039 0.008789 0.166992 0.005859 0.171875 0.014648 0.170898
0 0.282227 0.223633 0.282227 0.229492 0.285156 0.232422 0.286133 0.224609
0 0.610352 0.592773 0.606445 0.596680 0.608398 0.601562 0.611328 0.596680
0 0.980469 0.726562 0.975586 0.727539 0.973633 0.735352 0.979492 0.732422
0 0.160156 0.184570 0.154297 0.184570 0.150391 0.191406 0.157227 0.190430
0 0.875000 0.178711 0.873047 0.185547 0.876953 0.188477 0.877930 0.182617
0 0.359375 0.100586 0.355469 0.105469 0.356445 0.112305 0.361328 0.105469
0 0.296875 0.599609 0.291992 0.602539 0.291992 0.611328 0.297852 0.604492
0 0.441406 0.485352 0.441406 0.491211 0.448242 0.496094 0.446289 0.488281
0 0.024414 0.256836 0.022461 0.266602 0.025391 0.270508 0.027344 0.261719
0 0.256836 0.833984 0.256836 0.837891 0.259766 0.839844 0.268555 0.838867 0.265625 0.834961
0 0.875977 0.389648 0.866211 0.391602 0.865234 0.396484 0.873047 0.395508
0 0.727539 0.046875 0.727539 0.052734 0.732422 0.055664 0.730469 0.047852
0 0.884766 0.951172 0.887695 0.958984 0.895508 0.959961 0.890625 0.952148
0 0.213867 0.117188 0.213867 0.120117 0.217773 0.122070 0.222656 0.122070 0.223633 0.120117
0 0.038086 0.807617 0.035156 0.807617 0.033203 0.811523 0.033203 0.816406 0.036133 0.820312 0.039062 0.813477
0 0.820312 0.525391 0.821289 0.528320 0.831055 0.526367 0.828125 0.523438
0 0.553711 0.981445 0.555664 0.989258 0.563477 0.992188 0.560547 0.984375
0 0.638672 0.352539 0.642578 0.356445 0.647461 0.356445 0.644531 0.351562