0 0.911133 0.967773 0.914062 0.971680 0.920898 0.971680 0.917969 0.967773
0 0.606445 0.190430 0.608398 0.194336 0.617188 0.196289 0.616211 0.191406
0 0.391602 0.907227 0.390625 0.911133 0.393555 0.917969 0.396484 0.913086 0.394531 0.908203
0 0.043945 0.695312 0.041992 0.700195 0.044922 0.706055 0.047852 0.707031 0.048828 0.698242
0 0.489258 0.453125 0.490234 0.457031 0.499023 0.459961 0.495117 0.453125
0 0.712891 0.541992 0.715820 0.546875 0.724609 0.547852 0.721680 0.542969
0 0.976562 0.612305 0.971680 0.615234 0.970703 0.624023 0.976562 0.620117
0 0.496094 0.562500 0.498047 0.570312 0.500977 0.573242 0.504883 0.573242 0.503906 0.566406
0 0.599609 0.770508 0.593750 0.771484 0.590820 0.780273 0.598633 0.776367
0 0.913086 0.241211 0.908203 0.243164 0.907227 0.250000 0.913086 0.246094
0 0.152344 0.291992 0.143555 0.291992 0.140625 0.295898 0.145508 0.297852 0.150391 0.295898
0 0.069336 0.250977 0.061523 0.250977 0.057617 0.254883 0.067383 0.254883
0 0.329102 0.518555 0.328125 0.523438 0.332031 0.529297 0.333008 0.521484
0 0.747070 0.465820 0.742188 0.466797 0.740234 0.474609 0.746094 0.470703
0 0.087891 0.212891 0.085938 0.222656 0.089844 0.225586 0.091797 0.216797
0 0.711914 0.985352 0.710938 0.994141 0.714844 0.996094 0.715820 0.990234 0.713867 0.985352
0 0.231445 0.815430 0.232422 0.823242 0.237305 0.826172 0.237305 0.818359
0 0.267578 0.858398 0.276367 0.858398 0.280273 0.853516 0.272461 0.852539 0.267578 0.855469
0 0.938477 0.970703 0.941406 0.974609 0.947266 0.974609 0.945312 0.970703
0 0.586914 0.147461 0.582031 0.148438 0.579102 0.154297 0.584961 0.153320
0 0.024414 0.925781 0.020508 0.928711 0.021484 0.936523 0.025391 0.931641
0 0.381836 0.310547 0.386719 0.315430 0.390625 0.314453 0.386719 0.310547
0 0.194336 0.649414 0.192383 0.650391 0.192383 0.658203 0.195312 0.657227
0 0.305664 0.383789 0.300781 0.385742 0.299805 0.391602 0.304688 0.389648
0 0.076172 0.487305 0.076172 0.493164 0.080078 0.496094 0.081055 0.491211 0.079102 0.487305
0 0.277344 0.589844 0.271484 0.593750 0.270508 0.601562 0.276367 0.599609
0 0.378906 0.408203 0.369141 0.408203 0.365234 0.411133 0.365234 0.414062 0.372070 0.415039
0 0.786133 0.061523 0.779297 0.062500 0.776367 0.066406 0.777344 0.068359 0.783203 0.066406
0 0.295898 0.262695 0.295898 0.270508 0.300781 0.274414 0.300781 0.267578
0 0.287109 0.450195 0.288086 0.456055 0.293945 0.458008 0.291992 0.452148
0 0.521484 0.770508 0.520508 0.775391 0.526367 0.781250 0.525391 0.772461