0 0.440430 0.775391 0.433594 0.775391 0.431641 0.778320 0.439453 0.778320
0 0.825195 0.410156 0.826172 0.414062 0.835938 0.412109 0.833008 0.409180
0 0.618164 0.864258 0.623047 0.867188 0.628906 0.865234 0.627930 0.862305
0 0.466797 0.697266 0.470703 0.700195 0.477539 0.700195 0.477539 0.697266 0.472656 0.695312
0 0.781250 0.870117 0.781250 0.877930 0.785156 0.879883 0.785156 0.871094
0 0.440430 0.850586 0.441406 0.853516 0.447266 0.854492 0.452148 0.851562 0.451172 0.848633
0 0.863281 0.761719 0.854492 0.761719 0.851562 0.765625 0.859375 0.766602 0.863281 0.764648
0 0.163086 0.624023 0.162109 0.631836 0.167969 0.637695 0.167969 0.628906
0 0.851562 0.919922 0.852539 0.923828 0.860352 0.924805 0.858398 0.920898
0 0.381836 0.039062 0.375977 0.039062 0.372070 0.041992 0.371094 0.045898 0.379883 0.043945
0 0.719727 0.104492 0.721680 0.108398 0.729492 0.108398 0.727539 0.104492
0 0.043945 0.677734 0.046875 0.681641 0.055664 0.680664 0.055664 0.678711 0.048828 0.675781
0 0.876953 0.432617 0.882812 0.436523 0.887695 0.434570 0.881836 0.430664
0 0.046875 0.617188 0.047852 0.620117 0.057617 0.618164 0.055664 0.615234
0 0.619141 0.712891 0.615234 0.715820 0.615234 0.724609 0.618164 0.724609 0.621094 0.715820
0 0.485352 0.704102 0.483398 0.711914 0.487305 0.717773 0.490234 0.708984
0 0.739258 0.942383 0.734375 0.943359 0.731445 0.948242 0.736328 0.948242
0 0.513672 0.688477 0.523438 0.691406 0.523438 0.688477 0.519531 0.686523
0 0.079102 0.489258 0.074219 0.492188 0.073242 0.500977 0.077148 0.500000
0 0.307617 0.170898 0.308594 0.176758 0.314453 0.180664 0.313477 0.172852
0 0.283203 0.331055 0.278320 0.332031 0.274414 0.339844 0.281250 0.337891
0 0.309570 0.883789 0.304688 0.884766 0.300781 0.892578 0.306641 0.891602
0 0.752930 0.263672 0.749023 0.268555 0.749023 0.273438 0.753906 0.271484 0.754883 0.265625
0 0.324219 0.304688 0.320312 0.308594 0.322266 0.314453 0.325195 0.310547
0 0.709961 0.316406 0.706055 0.321289 0.707031 0.331055 0.709961 0.330078 0.712891 0.323242
0 0.464844 0.207031 0.458008 0.207031 0.454102 0.209961 0.453125 0.213867 0.462891 0.212891
0 0.215820 0.527344 0.208984 0.528320 0.207031 0.533203 0.212891 0.532227
0 0.419922 0.234375 0.410156 0.236328 0.407227 0.241211 0.410156 0.243164 0.416016 0.241211
0 0.675781 0.660156 0.676758 0.666016 0.682617 0.669922 0.681641 0.663086
0 0.341797 0.814453 0.335938 0.816406 0.334961 0.822266 0.339844 0.820312