0 0.449219 0.967773 0.442383 0.971680 0.441406 0.978516 0.448242 0.974609
0 0.638672 0.639648 0.639648 0.645508 0.648438 0.648438 0.643555 0.640625
0 0.651367 0.607422 0.649414 0.607422 0.647461 0.612305 0.649414 0.619141 0.653320 0.615234
0 0.289062 0.651367 0.283203 0.650391 0.278320 0.655273 0.285156 0.655273
0 0.605469 0.277344 0.599609 0.280273 0.598633 0.288086 0.604492 0.285156
0 0.341797 0.935547 0.346680 0.939453 0.350586 0.939453 0.347656 0.934570
0 0.741211 0.418945 0.741211 0.421875 0.749023 0.423828 0.745117 0.418945
0 0.725586 0.449219 0.719727 0.449219 0.716797 0.456055 0.723633 0.454102
0 0.023438 0.835938 0.022461 0.841797 0.025391 0.843750 0.026367 0.838867
0 0.604492 0.348633 0.603516 0.354492 0.607422 0.358398 0.608398 0.352539
0 0.137695 0.666016 0.137695 0.673828 0.142578 0.677734 0.142578 0.670898
0 0.769531 0.756836 0.768555 0.765625 0.770508 0.768555 0.772461 0.759766
0 0.869141 0.962891 0.862305 0.966797 0.862305 0.971680 0.869141 0.966797
0 0.517578 0.452148 0.520508 0.459961 0.528320 0.460938 0.523438 0.453125
0 0.868164 0.880859 0.858398 0.880859 0.856445 0.884766 0.862305 0.885742 0.868164 0.882812
0 0.232422 0.212891 0.242188 0.214844 0.245117 0.210938 0.238281 0.208984
0 0.625000 0.646484 0.619141 0.645508 0.613281 0.649414 0.613281 0.652344 0.624023 0.650391
0 0.836914 0.428711 0.840820 0.436523 0.846680 0.437500 0.843750 0.430664
0 0.535156 0.146484 0.533203 0.148438 0.534180 0.156250 0.537109 0.153320
0 0.636719 0.199219 0.632812 0.201172 0.631836 0.208984 0.636719 0.205078
0 0.795898 0.152344 0.797852 0.154297 0.805664 0.153320 0.804688 0.150391
0 0.460938 0.138672 0.457031 0.143555 0.458008 0.152344 0.462891 0.147461
0 0.133789 0.890625 0.133789 0.894531 0.139648 0.895508 0.143555 0.893555 0.141602 0.890625
0 0.725586 0.321289 0.725586 0.323242 0.730469 0.325195 0.735352 0.324219 0.731445 0.320312
0 0.462891 0.605469 0.462891 0.613281 0.467773 0.615234 0.467773 0.610352
0 0.811523 0.738281 0.807617 0.739258 0.802734 0.746094 0.808594 0.746094
0 0.928711 0.565430 0.931641 0.570312 0.938477 0.572266 0.936523 0.566406
0 0.848633 0.552734 0.847656 0.555664 0.850586 0.563477 0.855469 0.565430 0.853516 0.553711
0 0.021484 0.182617 0.017578 0.185547 0.018555 0.192383 0.022461 0.187500
0 0.909180 0.942383 0.913086 0.946289 0.919922 0.946289 0.919922 0.943359 0.916992 0.941406
0 0.393555 0.130859 0.400391 0.135742 0.408203 0.133789 0.404297 0.129883
0 0.164062 0.631836 0.159180 0.630859 0.154297 0.635742 0.160156 0.635742
0 0.977539 0.143555 0.978516 0.146484 0.988281 0.147461 0.988281 0.144531 0.985352 0.142578
0 0.956055 0.381836 0.950195 0.384766 0.949219 0.392578 0.955078 0.388672
0 0.695312 0.595703 0.697266 0.601562 0.701172 0.603516 0.708984 0.602539 0.704102 0.596680
0 0.839844 0.764648 0.843750 0.770508 0.852539 0.770508 0.848633 0.765625
0 0.657227 0.542969 0.659180 0.544922 0.667969 0.543945 0.666992 0.541016 0.662109 0.540039
0 0.685547 0.757812 0.685547 0.763672 0.692383 0.768555 0.690430 0.759766