0 0.170898 0.049805 0.167969 0.055664 0.169922 0.062500 0.172852 0.062500 0.173828 0.052734
0 0.268555 0.177734 0.264648 0.180664 0.265625 0.187500 0.269531 0.182617
0 0.278320 0.035156 0.272461 0.036133 0.269531 0.041992 0.276367 0.040039
0 0.303711 0.759766 0.305664 0.766602 0.311523 0.768555 0.309570 0.761719
0 0.546875 0.519531 0.541992 0.520508 0.539062 0.526367 0.543945 0.526367 0.546875 0.523438
0 0.157227 0.508789 0.161133 0.515625 0.166992 0.516602 0.164062 0.509766
0 0.251953 0.484375 0.247070 0.483398 0.243164 0.485352 0.243164 0.488281 0.249023 0.488281
0 0.915039 0.767578 0.914062 0.772461 0.917969 0.777344 0.918945 0.770508
0 0.147461 0.831055 0.146484 0.833984 0.151367 0.839844 0.152344 0.834961
0 0.473633 0.208008 0.472656 0.212891 0.476562 0.217773 0.478516 0.212891
0 0.479492 0.290039 0.481445 0.293945 0.489258 0.292969 0.489258 0.291016 0.484375 0.289062
0 0.517578 0.438477 0.514648 0.441406 0.515625 0.448242 0.519531 0.444336
0 0.886719 0.313477 0.882812 0.315430 0.881836 0.323242 0.886719 0.320312
0 0.427734 0.128906 0.425781 0.128906 0.422852 0.134766 0.423828 0.140625 0.428711 0.137695
0 0.038086 0.208984 0.032227 0.208008 0.028320 0.209961 0.028320 0.212891 0.033203 0.213867
0 0.875977 0.168945 0.871094 0.171875 0.870117 0.178711 0.875000 0.176758
0 0.299805 0.619141 0.302734 0.627930 0.308594 0.629883 0.307617 0.623047
0 0.748047 0.459961 0.743164 0.461914 0.739258 0.468750 0.743164 0.469727 0.746094 0.467773
0 0.591797 0.857422 0.589844 0.859375 0.589844 0.868164 0.593750 0.871094 0.595703 0.869141 0.595703 0.862305
0 0.128906 0.075195 0.125000 0.077148 0.125000 0.085938 0.129883 0.082031
0 0.724609 0.715820 0.721680 0.715820 0.719727 0.718750 0.719727 0.727539 0.723633 0.725586
0 0.439453 0.347656 0.435547 0.349609 0.434570 0.357422 0.439453 0.354492
0 0.089844 0.780273 0.091797 0.782227 0.099609 0.781250 0.096680 0.778320
0 0.960938 0.350586 0.956055 0.354492 0.955078 0.363281 0.958008 0.363281 0.961914 0.358398
0 0.802734 0.851562 0.803711 0.857422 0.808594 0.859375 0.807617 0.851562
0 0.897461 0.417969 0.896484 0.421875 0.903320 0.425781 0.903320 0.421875
0 0.808594 0.090820 0.806641 0.099609 0.810547 0.103516 0.812500 0.094727
0 0.409180 0.573242 0.404297 0.572266 0.398438 0.578125 0.406250 0.578125
0 0.710938 0.140625 0.706055 0.140625 0.703125 0.146484 0.708008 0.145508
0 0.570312 0.773438 0.573242 0.776367 0.580078 0.774414 0.577148 0.771484
0 0.240234 0.904297 0.245117 0.911133 0.250000 0.912109 0.248047 0.906250
0 0.080078 0.583008 0.085938 0.588867 0.090820 0.587891 0.087891 0.583008
0 0.219727 0.432617 0.214844 0.434570 0.212891 0.440430 0.218750 0.437500
0 0.359375 0.892578 0.357422 0.894531 0.358398 0.900391 0.363281 0.903320 0.364258 0.898438
0 0.869141 0.395508 0.866211 0.395508 0.864258 0.398438 0.865234 0.405273 0.869141 0.400391
0 0.045898 0.866211 0.039062 0.871094 0.038086 0.875977 0.043945 0.875000 0.046875 0.869141
0 0.970703 0.209961 0.971680 0.212891 0.982422 0.211914 0.980469 0.208008
0 0.023438 0.565430 0.026367 0.569336 0.034180 0.568359 0.031250 0.564453
0 0.031250 0.781250 0.024414 0.782227 0.021484 0.787109 0.028320 0.787109
0 0.867188 0.322266 0.864258 0.322266 0.861328 0.326172 0.861328 0.334961 0.864258 0.334961 0.867188 0.331055
0 0.357422 0.469727 0.352539 0.469727 0.347656 0.477539 0.353516 0.476562
0 0.416016 0.622070 0.411133 0.624023 0.410156 0.631836 0.415039 0.627930