0 0.381836 0.483398 0.383789 0.487305 0.393555 0.486328 0.393555 0.484375 0.386719 0.481445
0 0.583984 0.767578 0.587891 0.772461 0.597656 0.769531 0.590820 0.765625
0 0.774414 0.416016 0.769531 0.418945 0.768555 0.423828 0.775391 0.419922
0 0.663086 0.851562 0.660156 0.851562 0.658203 0.854492 0.659180 0.862305 0.665039 0.856445
0 0.955078 0.850586 0.950195 0.852539 0.948242 0.861328 0.954102 0.858398
0 0.763672 0.836914 0.759766 0.841797 0.759766 0.846680 0.763672 0.845703
0 0.842773 0.246094 0.839844 0.247070 0.837891 0.251953 0.838867 0.258789 0.843750 0.253906
0 0.189453 0.366211 0.188477 0.375000 0.190430 0.377930 0.193359 0.377930 0.194336 0.371094
0 0.479492 0.903320 0.479492 0.907227 0.482422 0.910156 0.489258 0.911133 0.485352 0.904297
0 0.678711 0.617188 0.672852 0.617188 0.668945 0.623047 0.676758 0.621094
0 0.443359 0.579102 0.436523 0.581055 0.432617 0.587891 0.435547 0.589844 0.439453 0.587891 0.443359 0.583008
0 0.238281 0.260742 0.240234 0.268555 0.246094 0.270508 0.244141 0.262695
0 0.745117 0.336914 0.747070 0.340820 0.755859 0.340820 0.757812 0.338867 0.754883 0.335938
0 0.263672 0.871094 0.267578 0.875000 0.272461 0.873047 0.272461 0.871094 0.268555 0.870117
0 0.217773 0.620117 0.222656 0.624023 0.227539 0.623047 0.224609 0.619141
0 0.605469 0.690430 0.600586 0.695312 0.600586 0.702148 0.603516 0.702148 0.606445 0.698242
0 0.878906 0.268555 0.874023 0.269531 0.871094 0.275391 0.875977 0.275391
0 0.350586 0.922852 0.352539 0.925781 0.359375 0.925781 0.356445 0.921875
0 0.794922 0.806641 0.791992 0.806641 0.790039 0.809570 0.790039 0.817383 0.794922 0.812500
0 0.718750 0.861328 0.720703 0.869141 0.726562 0.871094 0.723633 0.861328
0 0.725586 0.658203 0.726562 0.663086 0.733398 0.666992 0.733398 0.662109
0 0.112305 0.051758 0.107422 0.053711 0.106445 0.063477 0.111328 0.059570
0 0.921875 0.282227 0.916016 0.284180 0.915039 0.292969 0.920898 0.289062
0 0.317383 0.752930 0.310547 0.752930 0.306641 0.758789 0.314453 0.757812
0 0.099609 0.119141 0.104492 0.125977 0.108398 0.126953 0.108398 0.123047 0.105469 0.120117
0 0.358398 0.981445 0.362305 0.988281 0.367188 0.989258 0.362305 0.981445
0 0.739258 0.863281 0.743164 0.869141 0.748047 0.870117 0.745117 0.863281
0 0.256836 0.414062 0.251953 0.416992 0.251953 0.426758 0.256836 0.421875
0 0.389648 0.782227 0.388672 0.787109 0.392578 0.791992 0.394531 0.787109
0 0.175781 0.938477 0.170898 0.938477 0.166016 0.943359 0.173828 0.943359
0 0.620117 0.574219 0.620117 0.584961 0.623047 0.585938 0.625000 0.581055 0.623047 0.575195
0 0.272461 0.490234 0.272461 0.498047 0.277344 0.502930 0.278320 0.496094
0 0.697266 0.271484 0.692383 0.275391 0.692383 0.282227 0.697266 0.278320
0 0.404297 0.947266 0.398438 0.955078 0.401367 0.960938 0.405273 0.956055
0 0.473633 0.018555 0.473633 0.024414 0.480469 0.028320 0.478516 0.020508
0 0.202148 0.715820 0.202148 0.718750 0.205078 0.720703 0.214844 0.718750 0.209961 0.714844
0 0.601562 0.711914 0.596680 0.711914 0.591797 0.716797 0.597656 0.717773 0.601562 0.714844
0 0.057617 0.910156 0.059570 0.914062 0.068359 0.913086 0.066406 0.909180
0 0.476562 0.651367 0.471680 0.654297 0.470703 0.660156 0.475586 0.657227
0 0.575195 0.116211 0.568359 0.120117 0.568359 0.125000 0.574219 0.123047
0 0.437500 0.243164 0.429688 0.244141 0.426758 0.247070 0.426758 0.250977 0.436523 0.248047
0 0.369141 0.845703 0.364258 0.848633 0.363281 0.854492 0.367188 0.853516
0 0.782227 0.132812 0.784180 0.140625 0.789062 0.141602 0.788086 0.135742
0 0.874023 0.207031 0.869141 0.208984 0.868164 0.215820 0.874023 0.211914
0 0.346680 0.780273 0.338867 0.781250 0.334961 0.787109 0.344727 0.785156
0 0.116211 0.571289 0.116211 0.574219 0.122070 0.578125 0.124023 0.577148 0.123047 0.573242
0 0.771484 0.518555 0.774414 0.522461 0.782227 0.522461 0.780273 0.518555
0 0.208984 0.565430 0.205078 0.569336 0.205078 0.576172 0.208008 0.576172 0.209961 0.573242
0 0.312500 0.491211 0.309570 0.491211 0.307617 0.495117 0.308594 0.503906 0.312500 0.500977
0 0.967773 0.624023 0.970703 0.628906 0.977539 0.629883 0.974609 0.625000
0 0.506836 0.857422 0.500977 0.856445 0.497070 0.861328 0.503906 0.861328
0 0.277344 0.649414 0.271484 0.649414 0.265625 0.654297 0.273438 0.655273 0.277344 0.652344
0 0.136719 0.497070 0.137695 0.502930 0.142578 0.505859 0.142578 0.500977
0 0.802734 0.281250 0.802734 0.288086 0.809570 0.292969 0.808594 0.285156
0 0.431641 0.625000 0.437500 0.630859 0.443359 0.629883 0.438477 0.625000
0 0.366211 0.290039 0.359375 0.290039 0.356445 0.291992 0.356445 0.294922 0.361328 0.294922
0 0.691406 0.572266 0.685547 0.572266 0.680664 0.577148 0.688477 0.577148 0.691406 0.575195
0 0.738281 0.308594 0.734375 0.309570 0.732422 0.313477 0.733398 0.318359 0.737305 0.315430
0 0.521484 0.431641 0.517578 0.435547 0.517578 0.442383 0.520508 0.442383 0.522461 0.439453
0 0.214844 0.181641 0.217773 0.184570 0.225586 0.184570 0.229492 0.179688 0.220703 0.177734
0 0.342773 0.195312 0.342773 0.197266 0.348633 0.199219 0.354492 0.198242 0.354492 0.195312 0.350586 0.193359
0 0.779297 0.588867 0.780273 0.591797 0.788086 0.592773 0.791016 0.590820 0.790039 0.587891
0 0.835938 0.538086 0.833984 0.544922 0.837891 0.549805 0.839844 0.541992
0 0.474609 0.314453 0.467773 0.314453 0.460938 0.321289 0.469727 0.321289 0.474609 0.317383
0 0.452148 0.788086 0.447266 0.789062 0.444336 0.795898 0.448242 0.795898
0 0.665039 0.528320 0.659180 0.528320 0.653320 0.534180 0.663086 0.533203
0 0.391602 0.743164 0.393555 0.750000 0.398438 0.751953 0.397461 0.746094
0 0.598633 0.470703 0.597656 0.479492 0.599609 0.481445 0.601562 0.472656
0 0.489258 0.240234 0.491211 0.250000 0.500000 0.253906 0.498047 0.245117
0 0.021484 0.675781 0.011719 0.675781 0.009766 0.679688 0.015625 0.680664
0 0.500000 0.350586 0.496094 0.349609 0.489258 0.355469 0.497070 0.355469 0.500000 0.353516