0 0.609375 0.653320 0.611328 0.657227 0.615234 0.658203 0.622070 0.656250 0.614258 0.651367
0 0.195312 0.390625 0.204102 0.391602 0.208008 0.386719 0.199219 0.385742
0 0.765625 0.086914 0.761719 0.087891 0.761719 0.097656 0.765625 0.094727
0 0.277344 0.034180 0.275391 0.036133 0.275391 0.042969 0.280273 0.047852 0.281250 0.039062
0 0.781250 0.854492 0.777344 0.856445 0.776367 0.863281 0.781250 0.861328
0 0.689453 0.803711 0.697266 0.804688 0.701172 0.801758 0.694336 0.799805
0 0.322266 0.331055 0.318359 0.335938 0.320312 0.345703 0.323242 0.341797
0 0.148438 0.463867 0.140625 0.464844 0.137695 0.468750 0.143555 0.469727 0.148438 0.466797
0 0.222656 0.414062 0.218750 0.416016 0.218750 0.425781 0.223633 0.418945
0 0.690430 0.628906 0.691406 0.633789 0.698242 0.635742 0.694336 0.627930
0 0.793945 0.575195 0.792969 0.580078 0.796875 0.583984 0.796875 0.577148
0 0.498047 0.639648 0.496094 0.641602 0.497070 0.652344 0.500000 0.652344 0.500977 0.641602
0 0.012695 0.593750 0.013672 0.599609 0.018555 0.601562 0.016602 0.594727
0 0.472656 0.975586 0.474609 0.978516 0.481445 0.976562 0.480469 0.973633
0 0.883789 0.954102 0.885742 0.957031 0.891602 0.956055 0.890625 0.953125
0 0.571289 0.210938 0.570312 0.218750 0.575195 0.225586 0.577148 0.218750 0.574219 0.211914
0 0.596680 0.842773 0.587891 0.845703 0.586914 0.849609 0.595703 0.847656
0 0.505859 0.117188 0.500000 0.116211 0.494141 0.123047 0.501953 0.123047
0 0.170898 0.915039 0.172852 0.917969 0.181641 0.916992 0.179688 0.914062
0 0.949219 0.566406 0.943359 0.569336 0.943359 0.575195 0.947266 0.574219
0 0.812500 0.553711 0.806641 0.553711 0.803711 0.556641 0.809570 0.557617
0 0.467773 0.917969 0.464844 0.916992 0.458984 0.919922 0.457031 0.925781 0.466797 0.922852
0 0.878906 0.836914 0.880859 0.846680 0.886719 0.849609 0.884766 0.838867 0.881836 0.835938
0 0.589844 0.710938 0.590820 0.716797 0.596680 0.720703 0.593750 0.710938
0 0.845703 0.685547 0.844727 0.690430 0.848633 0.696289 0.849609 0.688477
0 0.533203 0.730469 0.526367 0.732422 0.523438 0.741211 0.530273 0.738281
0 0.857422 0.899414 0.865234 0.902344 0.871094 0.901367 0.871094 0.898438 0.867188 0.896484
0 0.412109 0.756836 0.411133 0.765625 0.416016 0.770508 0.416992 0.760742
0 0.853516 0.238281 0.847656 0.242188 0.847656 0.246094 0.852539 0.244141
0 0.425781 0.615234 0.421875 0.617188 0.421875 0.626953 0.424805 0.626953
0 0.774414 0.125000 0.780273 0.128906 0.786133 0.126953 0.780273 0.123047
0 0.815430 0.209961 0.817383 0.218750 0.822266 0.220703 0.820312 0.210938
0 0.735352 0.349609 0.733398 0.358398 0.737305 0.362305 0.739258 0.353516
0 0.768555 0.262695 0.769531 0.267578 0.776367 0.271484 0.775391 0.265625 0.772461 0.262695
0 0.290039 0.085938 0.285156 0.089844 0.285156 0.095703 0.290039 0.092773
0 0.848633 0.501953 0.845703 0.503906 0.847656 0.513672 0.850586 0.514648 0.851562 0.506836
0 0.166992 0.205078 0.172852 0.206055 0.177734 0.202148 0.169922 0.201172
0 0.416992 0.067383 0.418945 0.071289 0.426758 0.071289 0.423828 0.067383
0 0.421875 0.953125 0.425781 0.957031 0.433594 0.954102 0.427734 0.951172