0 0.909180 0.786133 0.901367 0.788086 0.898438 0.794922 0.903320 0.794922
0 0.571289 0.162109 0.571289 0.168945 0.573242 0.171875 0.576172 0.171875 0.576172 0.166016
0 0.918945 0.272461 0.918945 0.274414 0.924805 0.277344 0.930664 0.276367 0.927734 0.272461
0 0.611328 0.051758 0.605469 0.052734 0.602539 0.058594 0.608398 0.057617
0 0.808594 0.317383 0.809570 0.320312 0.819336 0.318359 0.819336 0.315430 0.812500 0.314453
0 0.510742 0.473633 0.509766 0.477539 0.513672 0.483398 0.514648 0.475586
0 0.176758 0.398438 0.171875 0.397461 0.166016 0.403320 0.174805 0.402344
0 0.979492 0.576172 0.971680 0.576172 0.969727 0.580078 0.977539 0.579102
0 0.707031 0.619141 0.708008 0.625000 0.715820 0.630859 0.717773 0.628906 0.714844 0.623047
0 0.166016 0.675781 0.166016 0.682617 0.170898 0.686523 0.170898 0.679688 0.168945 0.675781
0 0.534180 0.272461 0.534180 0.278320 0.539062 0.283203 0.538086 0.274414
0 0.256836 0.901367 0.262695 0.907227 0.269531 0.907227 0.269531 0.904297 0.265625 0.901367
0 0.820312 0.851562 0.820312 0.853516 0.826172 0.856445 0.836914 0.854492 0.835938 0.851562 0.831055 0.849609
0 0.149414 0.688477 0.148438 0.694336 0.152344 0.699219 0.154297 0.690430
0 0.535156 0.028320 0.528320 0.028320 0.525391 0.030273 0.525391 0.033203 0.530273 0.033203
0 0.654297 0.208984 0.646484 0.209961 0.644531 0.214844 0.652344 0.212891
0 0.532227 0.328125 0.532227 0.331055 0.536133 0.333984 0.544922 0.333984 0.538086 0.327148
0 0.431641 0.282227 0.430664 0.289062 0.433594 0.293945 0.435547 0.284180
0 0.239258 0.868164 0.240234 0.874023 0.246094 0.875977 0.244141 0.870117
0 0.916016 0.851562 0.922852 0.852539 0.925781 0.848633 0.919922 0.847656
0 0.955078 0.265625 0.962891 0.266602 0.966797 0.261719 0.958008 0.260742 0.955078 0.262695
0 0.369141 0.234375 0.364258 0.240234 0.365234 0.246094 0.370117 0.242188 0.371094 0.236328
0 0.496094 0.565430 0.491211 0.563477 0.486328 0.568359 0.491211 0.569336
0 0.534180 0.457031 0.535156 0.460938 0.542969 0.462891 0.540039 0.458008
0 0.465820 0.323242 0.460938 0.324219 0.458008 0.330078 0.463867 0.329102
0 0.453125 0.203125 0.451172 0.210938 0.454102 0.214844 0.457031 0.206055
0 0.559570 0.905273 0.561523 0.911133 0.570312 0.912109 0.566406 0.906250
0 0.900391 0.593750 0.905273 0.594727 0.910156 0.589844 0.902344 0.589844
0 0.117188 0.763672 0.117188 0.772461 0.120117 0.774414 0.121094 0.766602 0.120117 0.763672
0 0.084961 0.303711 0.086914 0.308594 0.093750 0.310547 0.093750 0.306641
0 0.780273 0.119141 0.772461 0.121094 0.770508 0.125000 0.778320 0.124023
0 0.236328 0.254883 0.239258 0.259766 0.246094 0.261719 0.248047 0.259766 0.240234 0.252930
0 0.929688 0.290039 0.928711 0.294922 0.931641 0.299805 0.933594 0.293945
0 0.652344 0.637695 0.649414 0.637695 0.647461 0.640625 0.648438 0.649414 0.652344 0.644531
0 0.551758 0.848633 0.552734 0.851562 0.556641 0.852539 0.561523 0.849609 0.559570 0.846680
0 0.870117 0.614258 0.867188 0.615234 0.865234 0.620117 0.867188 0.626953 0.870117 0.623047
0 0.304688 0.026367 0.313477 0.026367 0.318359 0.023438 0.318359 0.020508 0.308594 0.020508 0.304688 0.023438
0 0.510742 0.200195 0.517578 0.205078 0.522461 0.205078 0.520508 0.200195
0 0.232422 0.347656 0.231445 0.357422 0.235352 0.362305 0.238281 0.362305 0.238281 0.355469
0 0.678711 0.649414 0.681641 0.652344 0.688477 0.651367 0.687500 0.648438
0 0.460938 0.714844 0.462891 0.721680 0.465820 0.722656 0.464844 0.715820
0 0.065430 0.225586 0.066406 0.231445 0.072266 0.233398 0.070312 0.227539
0 0.434570 0.544922 0.437500 0.549805 0.448242 0.549805 0.442383 0.543945
0 0.491211 0.776367 0.484375 0.776367 0.480469 0.781250 0.484375 0.782227
0 0.835938 0.050781 0.835938 0.056641 0.838867 0.059570 0.840820 0.055664
0 0.934570 0.868164 0.934570 0.874023 0.939453 0.878906 0.939453 0.871094 0.937500 0.868164
0 0.359375 0.760742 0.363281 0.765625 0.368164 0.764648 0.366211 0.760742
0 0.705078 0.641602 0.708008 0.650391 0.711914 0.651367 0.710938 0.643555
0 0.432617 0.509766 0.426758 0.510742 0.424805 0.515625 0.429688 0.515625
0 0.753906 0.444336 0.752930 0.451172 0.755859 0.453125 0.756836 0.446289
0 0.333984 0.024414 0.331055 0.026367 0.332031 0.034180 0.335938 0.031250
0 0.652344 0.961914 0.652344 0.964844 0.663086 0.963867 0.660156 0.960938
0 0.379883 0.788086 0.373047 0.788086 0.369141 0.792969 0.377930 0.792969
0 0.571289 0.645508 0.571289 0.654297 0.573242 0.657227 0.576172 0.657227 0.576172 0.649414
0 0.672852 0.020508 0.672852 0.026367 0.679688 0.031250 0.678711 0.023438
0 0.274414 0.147461 0.278320 0.153320 0.285156 0.153320 0.282227 0.147461
0 0.684570 0.730469 0.683594 0.735352 0.693359 0.740234 0.694336 0.736328
0 0.441406 0.075195 0.442383 0.080078 0.450195 0.083984 0.448242 0.077148
0 0.490234 0.840820 0.489258 0.845703 0.494141 0.851562 0.498047 0.852539 0.495117 0.842773
0 0.642578 0.846680 0.644531 0.852539 0.650391 0.856445 0.652344 0.854492 0.647461 0.847656
0 0.487305 0.035156 0.485352 0.036133 0.485352 0.041992 0.490234 0.046875 0.490234 0.039062
0 0.451172 0.257812 0.447266 0.260742 0.448242 0.266602 0.451172 0.265625
0 0.030273 0.336914 0.032227 0.339844 0.039062 0.338867 0.038086 0.335938
0 0.350586 0.677734 0.345703 0.681641 0.345703 0.689453 0.351562 0.685547
0 0.956055 0.655273 0.956055 0.657227 0.959961 0.658203 0.968750 0.656250 0.966797 0.652344 0.960938 0.652344
0 0.187500 0.770508 0.183594 0.772461 0.181641 0.778320 0.186523 0.776367
0 0.885742 0.941406 0.886719 0.947266 0.892578 0.950195 0.893555 0.946289 0.891602 0.943359
0 0.639648 0.590820 0.635742 0.590820 0.633789 0.594727 0.634766 0.601562 0.638672 0.598633
0 0.702148 0.344727 0.704102 0.349609 0.710938 0.349609 0.708984 0.345703
0 0.747070 0.437500 0.739258 0.438477 0.738281 0.442383 0.744141 0.442383