0 0.696289 0.801758 0.699219 0.808594 0.704102 0.809570 0.703125 0.804688
0 0.910156 0.169922 0.903320 0.169922 0.900391 0.175781 0.907227 0.174805
0 0.084961 0.025391 0.086914 0.029297 0.093750 0.030273 0.091797 0.026367
0 0.390625 0.153320 0.387695 0.153320 0.385742 0.156250 0.386719 0.163086 0.389648 0.160156
0 0.722656 0.635742 0.721680 0.641602 0.726562 0.647461 0.727539 0.639648
0 0.945312 0.603516 0.939453 0.603516 0.935547 0.610352 0.943359 0.608398
0 0.135742 0.229492 0.131836 0.232422 0.132812 0.239258 0.137695 0.234375
0 0.869141 0.376953 0.871094 0.379883 0.877930 0.379883 0.876953 0.376953
0 0.794922 0.378906 0.794922 0.386719 0.799805 0.390625 0.801758 0.389648 0.800781 0.382812
0 0.505859 0.358398 0.504883 0.365234 0.507812 0.367188 0.508789 0.360352
0 0.142578 0.457031 0.137695 0.456055 0.131836 0.461914 0.137695 0.461914
0 0.343750 0.895508 0.349609 0.896484 0.354492 0.892578 0.346680 0.891602
0 0.216797 0.226562 0.212891 0.226562 0.209961 0.229492 0.209961 0.235352 0.213867 0.233398
0 0.290039 0.817383 0.289062 0.821289 0.292969 0.828125 0.293945 0.819336
0 0.345703 0.171875 0.354492 0.171875 0.359375 0.167969 0.358398 0.166016 0.350586 0.166016
0 0.675781 0.150391 0.680664 0.157227 0.686523 0.156250 0.683594 0.150391
0 0.885742 0.015625 0.887695 0.023438 0.893555 0.027344 0.891602 0.017578
0 0.844727 0.855469 0.852539 0.855469 0.856445 0.852539 0.855469 0.850586 0.849609 0.850586
0 0.719727 0.410156 0.728516 0.409180 0.730469 0.404297 0.723633 0.404297
0 0.127930 0.131836 0.132812 0.135742 0.139648 0.134766 0.138672 0.131836 0.132812 0.129883
0 0.352539 0.480469 0.360352 0.482422 0.362305 0.478516
0 0.616211 0.744141 0.617188 0.752930 0.623047 0.755859 0.622070 0.748047
0 0.826172 0.930664 0.830078 0.935547 0.836914 0.935547 0.833984 0.930664
0 0.885742 0.038086 0.887695 0.044922 0.894531 0.046875 0.893555 0.041016
0 0.439453 0.165039 0.439453 0.168945 0.445312 0.172852 0.444336 0.166992
0 0.968750 0.360352 0.967773 0.369141 0.972656 0.373047 0.972656 0.364258
0 0.265625 0.097656 0.267578 0.106445 0.271484 0.107422 0.270508 0.099609
0 0.236328 0.251953 0.229492 0.250977 0.222656 0.257812 0.232422 0.256836
0 0.566406 0.608398 0.576172 0.608398 0.578125 0.605469 0.577148 0.603516 0.569336 0.603516 0.566406 0.605469
0 0.030273 0.823242 0.033203 0.829102 0.040039 0.830078 0.038086 0.825195
0 0.579102 0.647461 0.581055 0.651367 0.587891 0.652344 0.587891 0.649414 0.583984 0.646484
0 0.055664 0.128906 0.051758 0.130859 0.053711 0.141602 0.056641 0.137695
0 0.811523 0.804688 0.806641 0.806641 0.804688 0.815430 0.811523 0.811523
0 0.874023 0.034180 0.869141 0.037109 0.870117 0.046875 0.874023 0.041992
0 0.151367 0.495117 0.152344 0.501953 0.161133 0.505859 0.160156 0.500000
0 0.247070 0.562500 0.250977 0.568359 0.255859 0.569336 0.255859 0.566406 0.250977 0.561523
0 0.641602 0.075195 0.634766 0.078125 0.631836 0.083984 0.632812 0.086914 0.641602 0.080078
0 0.949219 0.854492 0.943359 0.859375 0.944336 0.866211 0.950195 0.859375
0 0.184570 0.482422 0.184570 0.488281 0.188477 0.492188 0.188477 0.485352
0 0.343750 0.430664 0.335938 0.432617 0.334961 0.437500 0.340820 0.436523
0 0.771484 0.464844 0.772461 0.471680 0.776367 0.472656 0.775391 0.466797
0 0.671875 0.453125 0.672852 0.459961 0.676758 0.461914 0.676758 0.455078
0 0.208984 0.677734 0.208984 0.683594 0.214844 0.689453 0.213867 0.679688
0 0.874023 0.947266 0.871094 0.947266 0.868164 0.953125 0.869141 0.960938 0.874023 0.956055
0 0.850586 0.905273 0.850586 0.913086 0.855469 0.917969 0.856445 0.911133
0 0.251953 0.517578 0.247070 0.520508 0.246094 0.526367 0.250977 0.524414
0 0.909180 0.864258 0.904297 0.870117 0.905273 0.877930 0.911133 0.869141
0 0.597656 0.492188 0.591797 0.491211 0.586914 0.497070 0.593750 0.497070
0 0.959961 0.745117 0.961914 0.750000 0.967773 0.751953 0.964844 0.745117
0 0.987305 0.499023 0.979492 0.500977 0.976562 0.506836 0.985352 0.504883
0 0.656250 0.250000 0.655273 0.254883 0.661133 0.259766 0.659180 0.251953
0 0.452148 0.626953 0.446289 0.627930 0.443359 0.634766 0.448242 0.633789
0 0.837891 0.559570 0.838867 0.566406 0.843750 0.569336 0.844727 0.564453 0.842773 0.560547
0 0.773438 0.849609 0.769531 0.851562 0.767578 0.860352 0.771484 0.859375
0 0.278320 0.807617 0.280273 0.815430 0.285156 0.818359 0.284180 0.810547
0 0.972656 0.272461 0.968750 0.273438 0.966797 0.282227 0.972656 0.278320
0 0.634766 0.392578 0.636719 0.395508 0.642578 0.394531 0.641602 0.391602
0 0.084961 0.098633 0.080078 0.099609 0.077148 0.105469 0.082031 0.105469
0 0.832031 0.091797 0.826172 0.094727 0.825195 0.099609 0.832031 0.095703
0 0.427734 0.018555 0.424805 0.019531 0.422852 0.025391 0.425781 0.032227 0.428711 0.027344
0 0.721680 0.925781 0.718750 0.927734 0.719727 0.936523 0.723633 0.930664
0 0.965820 0.889648 0.969727 0.896484 0.976562 0.896484 0.971680 0.889648
0 0.361328 0.499023 0.363281 0.502930 0.372070 0.500977 0.370117 0.498047
0 0.610352 0.452148 0.610352 0.457031 0.614258 0.461914 0.615234 0.456055