0 0.860352 0.603516 0.860352 0.607422 0.863281 0.610352 0.870117 0.611328 0.866211 0.604492
0 0.432617 0.941406 0.431641 0.947266 0.435547 0.950195 0.436523 0.944336
0 0.588867 0.589844 0.587891 0.597656 0.589844 0.600586 0.592773 0.600586 0.592773 0.593750
0 0.553711 0.421875 0.549805 0.423828 0.550781 0.433594 0.554688 0.429688
0 0.401367 0.717773 0.403320 0.725586 0.410156 0.727539 0.409180 0.721680
0 0.541992 0.490234 0.541016 0.495117 0.544922 0.502930 0.546875 0.500977 0.546875 0.494141
0 0.956055 0.351562 0.950195 0.352539 0.946289 0.359375 0.953125 0.358398
0 0.750977 0.732422 0.741211 0.732422 0.738281 0.736328 0.746094 0.737305 0.750977 0.735352
0 0.089844 0.403320 0.083984 0.408203 0.083008 0.416992 0.089844 0.412109
0 0.245117 0.692383 0.244141 0.699219 0.247070 0.703125 0.249023 0.695312
0 0.207031 0.922852 0.202148 0.924805 0.201172 0.933594 0.206055 0.930664
0 0.333008 0.566406 0.334961 0.571289 0.343750 0.572266 0.340820 0.567383
0 0.717773 0.100586 0.722656 0.105469 0.726562 0.105469 0.725586 0.101562
0 0.445312 0.360352 0.445312 0.363281 0.449219 0.365234 0.455078 0.365234 0.456055 0.363281 0.452148 0.360352
0 0.208984 0.078125 0.207031 0.087891 0.210938 0.088867 0.211914 0.081055
0 0.083984 0.417969 0.080078 0.419922 0.080078 0.425781 0.083008 0.429688 0.084961 0.426758
0 0.668945 0.421875 0.663086 0.420898 0.656250 0.428711 0.666016 0.426758
0 0.037109 0.269531 0.039062 0.272461 0.046875 0.272461 0.042969 0.268555
0 0.227539 0.389648 0.231445 0.392578 0.240234 0.391602 0.237305 0.387695
0 0.384766 0.916016 0.379883 0.911133 0.371094 0.915039 0.377930 0.917969
0 0.628906 0.721680 0.632812 0.725586 0.639648 0.724609 0.636719 0.720703
0 0.395508 0.842773 0.399414 0.845703 0.405273 0.843750 0.404297 0.840820
0 0.299805 0.023438 0.300781 0.030273 0.305664 0.034180 0.304688 0.025391
0 0.484375 0.618164 0.478516 0.619141 0.476562 0.625000 0.482422 0.624023
0 0.871094 0.558594 0.869141 0.566406 0.875000 0.572266 0.875977 0.564453
0 0.446289 0.458008 0.447266 0.466797 0.452148 0.468750 0.451172 0.459961
0 0.599609 0.797852 0.597656 0.804688 0.599609 0.809570 0.601562 0.809570 0.603516 0.800781 0.602539 0.797852
0 0.039062 0.095703 0.041016 0.098633 0.047852 0.098633 0.044922 0.094727
0 0.127930 0.177734 0.124023 0.177734 0.120117 0.184570 0.122070 0.185547 0.126953 0.182617
0 0.635742 0.953125 0.635742 0.956055 0.641602 0.958984 0.648438 0.958008 0.643555 0.953125
0 0.106445 0.128906 0.101562 0.133789 0.101562 0.140625 0.104492 0.140625 0.107422 0.136719
0 0.915039 0.349609 0.909180 0.349609 0.904297 0.356445 0.912109 0.355469
0 0.148438 0.361328 0.144531 0.363281 0.144531 0.370117 0.149414 0.366211
0 0.792969 0.406250 0.796875 0.414062 0.804688 0.415039 0.800781 0.408203
0 0.716797 0.707031 0.722656 0.708008 0.726562 0.704102 0.720703 0.703125
0 0.468750 0.096680 0.467773 0.104492 0.470703 0.107422 0.471680 0.098633
0 0.861328 0.158203 0.865234 0.163086 0.872070 0.162109 0.870117 0.158203
0 0.617188 0.958008 0.613281 0.958008 0.612305 0.962891 0.615234 0.968750
0 0.725586 0.007812 0.724609 0.015625 0.729492 0.020508 0.729492 0.011719
0 0.888672 0.660156 0.881836 0.661133 0.877930 0.668945 0.884766 0.666992
0 0.083984 0.829102 0.090820 0.829102 0.092773 0.825195 0.086914 0.825195
0 0.086914 0.878906 0.083984 0.878906 0.082031 0.881836 0.082031 0.891602 0.083984 0.892578 0.087891 0.884766
0 0.729492 0.937500 0.727539 0.939453 0.728516 0.943359 0.738281 0.949219 0.739258 0.945312 0.736328 0.940430
0 0.202148 0.846680 0.197266 0.849609 0.197266 0.857422 0.202148 0.853516
0 0.851562 0.898438 0.852539 0.901367 0.857422 0.903320 0.862305 0.901367 0.861328 0.898438
0 0.164062 0.540039 0.160156 0.543945 0.160156 0.549805 0.164062 0.546875
0 0.209961 0.809570 0.218750 0.807617 0.218750 0.804688 0.210938 0.805664
0 0.571289 0.765625 0.565430 0.768555 0.564453 0.774414 0.569336 0.772461
0 0.909180 0.505859 0.910156 0.512695 0.914062 0.514648 0.913086 0.506836
0 0.502930 0.133789 0.498047 0.136719 0.497070 0.143555 0.501953 0.141602
0 0.888672 0.195312 0.884766 0.196289 0.882812 0.205078 0.888672 0.201172
0 0.887695 0.150391 0.882812 0.149414 0.878906 0.154297 0.883789 0.154297
0 0.483398 0.782227 0.488281 0.783203 0.494141 0.779297 0.487305 0.778320
0 0.031250 0.500000 0.024414 0.500977 0.021484 0.506836 0.028320 0.505859