0 0.045898 0.335938 0.044922 0.342773 0.048828 0.346680 0.049805 0.337891
0 0.425781 0.146484 0.433594 0.145508 0.434570 0.142578 0.428711 0.141602 0.425781 0.143555
0 0.532227 0.136719 0.527344 0.135742 0.522461 0.140625 0.529297 0.141602
0 0.095703 0.488281 0.099609 0.494141 0.105469 0.495117 0.104492 0.490234
0 0.541016 0.513672 0.544922 0.518555 0.551758 0.519531 0.549805 0.514648
0 0.736328 0.545898 0.740234 0.550781 0.747070 0.550781 0.745117 0.545898
0 0.698242 0.084961 0.697266 0.095703 0.700195 0.096680 0.703125 0.089844 0.701172 0.084961
0 0.657227 0.139648 0.659180 0.149414 0.664062 0.152344 0.665039 0.147461 0.663086 0.143555
0 0.290039 0.266602 0.283203 0.269531 0.282227 0.277344 0.290039 0.272461
0 0.481445 0.719727 0.473633 0.720703 0.470703 0.726562 0.479492 0.724609
0 0.403320 0.500977 0.403320 0.507812 0.406250 0.511719 0.409180 0.511719 0.409180 0.504883
0 0.946289 0.397461 0.940430 0.401367 0.939453 0.410156 0.947266 0.404297
0 0.504883 0.962891 0.506836 0.966797 0.515625 0.966797 0.515625 0.963867 0.510742 0.961914
0 0.722656 0.162109 0.716797 0.163086 0.714844 0.167969 0.720703 0.166992
0 0.220703 0.766602 0.216797 0.769531 0.218750 0.779297 0.221680 0.773438
0 0.890625 0.695312 0.884766 0.696289 0.880859 0.704102 0.882812 0.705078 0.887695 0.702148
0 0.470703 0.314453 0.470703 0.320312 0.476562 0.324219 0.476562 0.318359
0 0.896484 0.734375 0.896484 0.738281 0.900391 0.742188 0.906250 0.743164 0.902344 0.735352
0 0.904297 0.615234 0.894531 0.617188 0.893555 0.621094 0.898438 0.622070 0.902344 0.620117
0 0.329102 0.086914 0.330078 0.092773 0.334961 0.095703 0.333984 0.088867
0 0.145508 0.255859 0.140625 0.255859 0.134766 0.263672 0.143555 0.261719
0 0.601562 0.448242 0.596680 0.454102 0.596680 0.459961 0.600586 0.459961 0.602539 0.456055
0 0.423828 0.445312 0.418945 0.446289 0.416016 0.452148 0.421875 0.451172
0 0.060547 0.772461 0.060547 0.778320 0.066406 0.784180 0.065430 0.774414
0 0.490234 0.832031 0.494141 0.835938 0.499023 0.835938 0.497070 0.832031
0 0.381836 0.410156 0.380859 0.417969 0.383789 0.419922 0.384766 0.412109
0 0.509766 0.521484 0.506836 0.521484 0.504883 0.524414 0.505859 0.532227 0.509766 0.529297
0 0.990234 0.556641 0.983398 0.556641 0.981445 0.560547 0.987305 0.560547
0 0.784180 0.115234 0.791016 0.117188 0.794922 0.113281 0.789062 0.112305
0 0.160156 0.378906 0.162109 0.385742 0.168945 0.388672 0.168945 0.382812 0.164062 0.378906
0 0.386719 0.009766 0.380859 0.012695 0.380859 0.019531 0.385742 0.016602
0 0.586914 0.375000 0.580078 0.375977 0.576172 0.379883 0.576172 0.384766 0.583984 0.382812
0 0.618164 0.107422 0.619141 0.111328 0.627930 0.111328 0.623047 0.107422
0 0.655273 0.528320 0.655273 0.536133 0.660156 0.541016 0.661133 0.534180
0 0.195312 0.125000 0.194336 0.130859 0.197266 0.135742 0.199219 0.126953
0 0.014648 0.801758 0.013672 0.809570 0.015625 0.812500 0.018555 0.812500 0.018555 0.806641
0 0.278320 0.470703 0.271484 0.472656 0.268555 0.478516 0.277344 0.475586
0 0.099609 0.043945 0.106445 0.044922 0.111328 0.041016 0.104492 0.039062
0 0.045898 0.123047 0.047852 0.128906 0.051758 0.130859 0.059570 0.129883 0.054688 0.124023
0 0.216797 0.752930 0.220703 0.758789 0.226562 0.759766 0.223633 0.753906
0 0.268555 0.707031 0.265625 0.708008 0.264648 0.715820 0.268555 0.713867
0 0.822266 0.771484 0.822266 0.779297 0.825195 0.782227 0.827148 0.774414 0.825195 0.771484
0 0.609375 0.710938 0.614258 0.714844 0.619141 0.714844 0.619141 0.711914 0.616211 0.709961
0 0.537109 0.844727 0.536133 0.852539 0.539062 0.854492 0.541016 0.847656 0.540039 0.844727
0 0.397461 0.653320 0.395508 0.651367 0.388672 0.654297 0.386719 0.660156 0.392578 0.659180
0 0.707031 0.734375 0.703125 0.734375 0.699219 0.742188 0.703125 0.742188
0 0.416016 0.035156 0.416992 0.038086 0.421875 0.040039 0.428711 0.039062 0.424805 0.034180
0 0.049805 0.023438 0.044922 0.021484 0.039062 0.023438 0.039062 0.025391 0.044922 0.027344 0.049805 0.025391
0 0.807617 0.059570 0.804688 0.059570 0.802734 0.069336 0.805664 0.069336
0 0.575195 0.884766 0.578125 0.887695 0.583984 0.886719 0.582031 0.883789
0 0.615234 0.128906 0.619141 0.134766 0.626953 0.135742 0.625000 0.129883
0 0.532227 0.031250 0.526367 0.030273 0.521484 0.036133 0.527344 0.036133
0 0.711914 0.053711 0.711914 0.055664 0.716797 0.057617 0.723633 0.056641 0.723633 0.053711 0.719727 0.051758
0 0.287109 0.806641 0.288086 0.809570 0.299805 0.807617 0.297852 0.804688
0 0.842773 0.317383 0.844727 0.323242 0.851562 0.325195 0.846680 0.317383
0 0.140625 0.530273 0.135742 0.530273 0.131836 0.534180 0.130859 0.539062 0.138672 0.536133