0 0.159180 0.340820 0.155273 0.340820 0.151367 0.347656 0.157227 0.344727
0 0.206055 0.890625 0.206055 0.896484 0.210938 0.899414 0.208984 0.890625
0 0.205078 0.040039 0.204102 0.038086 0.198242 0.038086 0.192383 0.042969 0.200195 0.043945
0 0.601562 0.424805 0.606445 0.425781 0.611328 0.421875 0.604492 0.420898
0 0.250000 0.704102 0.244141 0.704102 0.241211 0.709961 0.248047 0.708008
0 0.601562 0.583008 0.601562 0.585938 0.604492 0.587891 0.615234 0.584961 0.608398 0.581055
0 0.605469 0.958008 0.604492 0.965820 0.606445 0.968750 0.609375 0.968750 0.609375 0.961914
0 0.393555 0.024414 0.393555 0.031250 0.398438 0.035156 0.398438 0.028320 0.396484 0.024414
0 0.153320 0.716797 0.158203 0.717773 0.164062 0.713867 0.155273 0.712891
0 0.283203 0.948242 0.279297 0.948242 0.275391 0.952148 0.274414 0.957031 0.280273 0.956055
0 0.790039 0.616211 0.791992 0.623047 0.796875 0.625977 0.797852 0.621094
0 0.566406 0.456055 0.561523 0.458984 0.561523 0.466797 0.566406 0.462891
0 0.580078 0.369141 0.574219 0.369141 0.571289 0.374023 0.579102 0.372070
0 0.969727 0.764648 0.969727 0.770508 0.975586 0.774414 0.973633 0.766602
0 0.237305 0.644531 0.239258 0.652344 0.245117 0.656250 0.243164 0.646484
0 0.829102 0.582031 0.825195 0.581055 0.822266 0.583008 0.818359 0.591797 0.823242 0.590820
0 0.591797 0.158203 0.587891 0.159180 0.587891 0.167969 0.591797 0.165039
0 0.467773 0.695312 0.462891 0.697266 0.460938 0.704102 0.465820 0.703125
0 0.020508 0.420898 0.012695 0.428711 0.017578 0.428711 0.020508 0.425781
0 0.773438 0.195312 0.766602 0.196289 0.763672 0.201172 0.771484 0.200195
0 0.713867 0.483398 0.717773 0.490234 0.723633 0.491211 0.720703 0.484375
0 0.940430 0.782227 0.935547 0.785156 0.935547 0.791992 0.940430 0.789062
0 0.285156 0.874023 0.279297 0.874023 0.275391 0.880859 0.282227 0.879883
0 0.733398 0.899414 0.729492 0.902344 0.729492 0.908203 0.733398 0.905273
0 0.559570 0.273438 0.560547 0.276367 0.568359 0.276367 0.566406 0.273438
0 0.509766 0.982422 0.508789 0.990234 0.511719 0.993164 0.513672 0.984375
0 0.221680 0.851562 0.219727 0.849609 0.214844 0.851562 0.212891 0.857422 0.220703 0.854492
0 0.507812 0.090820 0.504883 0.091797 0.501953 0.098633 0.503906 0.103516 0.507812 0.099609
0 0.833008 0.764648 0.836914 0.771484 0.843750 0.773438 0.845703 0.771484 0.841797 0.765625
0 0.297852 0.863281 0.292969 0.865234 0.291992 0.872070 0.297852 0.867188
0 0.887695 0.186523 0.887695 0.191406 0.892578 0.194336 0.891602 0.188477
0 0.398438 0.839844 0.397461 0.846680 0.401367 0.848633 0.401367 0.840820
0 0.049805 0.949219 0.049805 0.955078 0.052734 0.958008 0.054688 0.954102
0 0.220703 0.790039 0.219727 0.795898 0.222656 0.799805 0.223633 0.791992
0 0.580078 0.043945 0.578125 0.049805 0.582031 0.053711 0.583984 0.046875
0 0.560547 0.552734 0.559570 0.557617 0.564453 0.563477 0.564453 0.554688
0 0.525391 0.841797 0.525391 0.846680 0.530273 0.851562 0.530273 0.844727
0 0.938477 0.292969 0.932617 0.294922 0.930664 0.300781 0.935547 0.299805
0 0.125977 0.104492 0.121094 0.108398 0.123047 0.118164 0.126953 0.113281
0 0.766602 0.595703 0.770508 0.601562 0.776367 0.602539 0.774414 0.596680
0 0.027344 0.205078 0.021484 0.206055 0.017578 0.210938 0.025391 0.209961
0 0.435547 0.467773 0.439453 0.474609 0.446289 0.472656 0.443359 0.468750
0 0.454102 0.300781 0.457031 0.305664 0.462891 0.305664 0.460938 0.301758
0 0.246094 0.764648 0.244141 0.769531 0.250000 0.776367 0.250977 0.770508
0 0.420898 0.429688 0.424805 0.433594 0.430664 0.431641 0.429688 0.428711