0 0.962891 0.039062 0.966797 0.041992 0.973633 0.041992 0.973633 0.039062 0.968750 0.037109
0 0.167969 0.843750 0.166016 0.847656 0.169922 0.854492 0.170898 0.845703
0 0.579102 0.638672 0.570312 0.638672 0.569336 0.642578 0.574219 0.642578
0 0.852539 0.268555 0.851562 0.278320 0.854492 0.280273 0.856445 0.271484 0.855469 0.268555
0 0.898438 0.043945 0.892578 0.047852 0.891602 0.052734 0.893555 0.053711 0.898438 0.049805
0 0.162109 0.644531 0.158203 0.646484 0.158203 0.655273 0.162109 0.651367
0 0.342773 0.834961 0.347656 0.839844 0.356445 0.837891 0.356445 0.835938 0.350586 0.833008
0 0.269531 0.110352 0.271484 0.113281 0.280273 0.112305 0.278320 0.108398
0 0.812500 0.080078 0.808594 0.081055 0.806641 0.088867 0.813477 0.084961
0 0.200195 0.458008 0.203125 0.461914 0.212891 0.459961 0.206055 0.456055
0 0.055664 0.579102 0.059570 0.583984 0.068359 0.583984 0.068359 0.581055 0.063477 0.578125 0.057617 0.577148
0 0.645508 0.485352 0.649414 0.492188 0.654297 0.492188 0.651367 0.486328
0 0.545898 0.409180 0.541016 0.415039 0.542969 0.420898 0.546875 0.416016
0 0.339844 0.186523 0.341797 0.190430 0.351562 0.190430 0.348633 0.186523
0 0.218750 0.406250 0.215820 0.416016 0.219727 0.421875 0.221680 0.411133
0 0.869141 0.592773 0.870117 0.597656 0.877930 0.601562 0.875977 0.594727
0 0.425781 0.331055 0.421875 0.331055 0.418945 0.335938 0.425781 0.334961
0 0.452148 0.732422 0.449219 0.742188 0.453125 0.748047 0.455078 0.737305
0 0.459961 0.728516 0.462891 0.731445 0.470703 0.730469 0.468750 0.726562
0 0.875977 0.814453 0.873047 0.814453 0.871094 0.817383 0.873047 0.824219
0 0.448242 0.943359 0.456055 0.943359 0.459961 0.937500 0.452148 0.937500 0.448242 0.940430
0 0.920898 0.428711 0.917969 0.432617 0.919922 0.442383 0.922852 0.442383 0.924805 0.433594 0.923828 0.429688
0 0.939453 0.333008 0.941406 0.339844 0.948242 0.342773 0.948242 0.336914 0.943359 0.333008
0 0.692383 0.275391 0.687500 0.276367 0.684570 0.282227 0.691406 0.280273
0 0.244141 0.824219 0.242188 0.832031 0.246094 0.837891 0.248047 0.829102
0 0.234375 0.231445 0.233398 0.235352 0.236328 0.242188 0.239258 0.238281 0.238281 0.233398
0 0.863281 0.458008 0.857422 0.458984 0.855469 0.464844 0.861328 0.463867
0 0.389648 0.440430 0.384766 0.442383 0.383789 0.449219 0.388672 0.447266
0 0.935547 0.770508 0.928711 0.774414 0.927734 0.780273 0.934570 0.777344
0 0.960938 0.346680 0.961914 0.357422 0.966797 0.357422 0.963867 0.346680