0 0.285156 0.750977 0.278320 0.754883 0.278320 0.761719 0.284180 0.758789
0 0.495117 0.579102 0.496094 0.582031 0.505859 0.580078 0.505859 0.578125 0.499023 0.577148
0 0.725586 0.209961 0.728516 0.214844 0.737305 0.215820 0.733398 0.209961
0 0.053711 0.204102 0.048828 0.207031 0.047852 0.213867 0.051758 0.212891
0 0.222656 0.950195 0.226562 0.955078 0.232422 0.954102 0.228516 0.950195
0 0.302734 0.230469 0.305664 0.233398 0.313477 0.232422 0.311523 0.228516
0 0.511719 0.695312 0.514648 0.699219 0.519531 0.699219 0.523438 0.696289 0.517578 0.693359
0 0.853516 0.583984 0.852539 0.590820 0.855469 0.595703 0.857422 0.586914
0 0.696289 0.549805 0.708008 0.551758 0.712891 0.548828 0.712891 0.545898 0.704102 0.544922
0 0.704102 0.958984 0.700195 0.958984 0.698242 0.962891 0.699219 0.969727 0.703125 0.966797
0 0.164062 0.659180 0.172852 0.659180 0.173828 0.656250 0.166016 0.656250
0 0.508789 0.525391 0.502930 0.527344 0.502930 0.533203 0.507812 0.530273
0 0.453125 0.611328 0.453125 0.615234 0.458984 0.619141 0.458008 0.613281
0 0.682617 0.047852 0.684570 0.052734 0.691406 0.053711 0.689453 0.049805
0 0.882812 0.265625 0.886719 0.271484 0.890625 0.271484 0.887695 0.266602
0 0.548828 0.816406 0.541016 0.816406 0.539062 0.821289 0.543945 0.821289
0 0.492188 0.284180 0.492188 0.287109 0.495117 0.289062 0.503906 0.288086 0.500977 0.284180
0 0.197266 0.755859 0.203125 0.761719 0.209961 0.761719 0.209961 0.758789 0.206055 0.755859
0 0.831055 0.851562 0.833008 0.858398 0.839844 0.861328 0.837891 0.854492 0.834961 0.851562
0 0.597656 0.966797 0.593750 0.968750 0.594727 0.977539 0.598633 0.974609
0 0.227539 0.697266 0.222656 0.699219 0.221680 0.707031 0.226562 0.704102
0 0.932617 0.722656 0.936523 0.726562 0.941406 0.726562 0.942383 0.724609 0.937500 0.721680
0 0.090820 0.040039 0.084961 0.040039 0.081055 0.044922 0.086914 0.044922
0 0.650391 0.627930 0.645508 0.629883 0.644531 0.638672 0.648438 0.636719
0 0.473633 0.555664 0.475586 0.560547 0.483398 0.563477 0.481445 0.556641
0 0.630859 0.330078 0.625000 0.331055 0.622070 0.337891 0.626953 0.336914
0 0.423828 0.008789 0.426758 0.013672 0.431641 0.014648 0.429688 0.008789
0 0.674805 0.184570 0.673828 0.194336 0.677734 0.195312 0.678711 0.186523
0 0.525391 0.325195 0.521484 0.328125 0.521484 0.333008 0.524414 0.336914 0.527344 0.331055
0 0.502930 0.030273 0.499023 0.033203 0.499023 0.041992 0.501953 0.041992 0.503906 0.039062
0 0.380859 0.770508 0.373047 0.772461 0.371094 0.778320 0.377930 0.777344
0 0.513672 0.157227 0.513672 0.164062 0.517578 0.166992 0.517578 0.158203
0 0.928711 0.083984 0.926758 0.088867 0.928711 0.093750 0.931641 0.093750 0.931641 0.086914
0 0.463867 0.754883 0.459961 0.755859 0.458984 0.763672 0.462891 0.761719
0 0.445312 0.837891 0.445312 0.845703 0.450195 0.847656 0.450195 0.842773
0 0.315430 0.627930 0.311523 0.630859 0.311523 0.637695 0.315430 0.633789
0 0.510742 0.438477 0.513672 0.444336 0.523438 0.445312 0.519531 0.439453
0 0.510742 0.608398 0.510742 0.614258 0.518555 0.617188 0.519531 0.614258 0.516602 0.610352
0 0.342773 0.745117 0.342773 0.751953 0.348633 0.755859 0.347656 0.748047
0 0.479492 0.178711 0.479492 0.180664 0.484375 0.182617 0.489258 0.181641 0.485352 0.177734
0 0.451172 0.527344 0.451172 0.537109 0.454102 0.541016 0.457031 0.541016 0.457031 0.533203
0 0.746094 0.528320 0.747070 0.537109 0.752930 0.540039 0.751953 0.532227
0 0.063477 0.199219 0.062500 0.208008 0.065430 0.208984 0.066406 0.202148
0 0.827148 0.644531 0.828125 0.650391 0.834961 0.653320 0.833984 0.648438
0 0.876953 0.953125 0.870117 0.954102 0.866211 0.959961 0.875977 0.958008
0 0.230469 0.099609 0.236328 0.099609 0.239258 0.094727 0.233398 0.094727
0 0.207031 0.535156 0.202148 0.538086 0.201172 0.544922 0.206055 0.542969
0 0.328125 0.148438 0.320312 0.150391 0.316406 0.158203 0.325195 0.156250 0.329102 0.151367
0 0.612305 0.568359 0.615234 0.573242 0.622070 0.573242 0.617188 0.567383
0 0.087891 0.252930 0.082031 0.254883 0.080078 0.259766 0.083984 0.259766
0 0.809570 0.791016 0.812500 0.795898 0.819336 0.796875 0.817383 0.791992
0 0.480469 0.262695 0.480469 0.267578 0.484375 0.272461 0.485352 0.264648
0 0.387695 0.919922 0.384766 0.919922 0.381836 0.923828 0.382812 0.932617 0.387695 0.925781
0 0.419922 0.645508 0.414062 0.648438 0.413086 0.655273 0.419922 0.651367
0 0.329102 0.685547 0.321289 0.686523 0.319336 0.691406 0.327148 0.689453
0 0.113281 0.372070 0.107422 0.374023 0.105469 0.378906 0.110352 0.378906
0 0.364258 0.361328 0.364258 0.366211 0.371094 0.370117 0.370117 0.364258
0 0.743164 0.102539 0.745117 0.107422 0.750977 0.108398 0.750000 0.104492
0 0.739258 0.052734 0.743164 0.059570 0.748047 0.059570 0.747070 0.054688
0 0.707031 0.317383 0.702148 0.319336 0.701172 0.326172 0.706055 0.324219