0 0.749023 0.158203 0.741211 0.160156 0.740234 0.165039 0.748047 0.163086
0 0.088867 0.596680 0.090820 0.606445 0.094727 0.607422 0.094727 0.600586
0 0.579102 0.126953 0.585938 0.127930 0.591797 0.124023 0.583008 0.122070 0.579102 0.124023
0 0.900391 0.156250 0.902344 0.160156 0.910156 0.160156 0.908203 0.156250
0 0.607422 0.126953 0.603516 0.128906 0.603516 0.135742 0.607422 0.134766
0 0.719727 0.510742 0.715820 0.513672 0.715820 0.519531 0.719727 0.517578
0 0.880859 0.654297 0.880859 0.657227 0.884766 0.659180 0.891602 0.658203 0.888672 0.654297
0 0.296875 0.458008 0.301758 0.458008 0.304688 0.454102 0.298828 0.454102
0 0.794922 0.026367 0.794922 0.031250 0.804688 0.036133 0.802734 0.029297
0 0.296875 0.828125 0.291992 0.829102 0.290039 0.834961 0.294922 0.833984
0 0.587891 0.504883 0.588867 0.513672 0.594727 0.516602 0.593750 0.507812
0 0.081055 0.390625 0.079102 0.392578 0.080078 0.397461 0.086914 0.403320 0.084961 0.393555
0 0.279297 0.801758 0.279297 0.806641 0.284180 0.810547 0.284180 0.803711
0 0.625977 0.489258 0.627930 0.493164 0.635742 0.493164 0.632812 0.489258
0 0.186523 0.532227 0.188477 0.535156 0.197266 0.533203 0.194336 0.530273
0 0.349609 0.916992 0.347656 0.915039 0.339844 0.916992 0.336914 0.922852 0.343750 0.922852
0 0.810547 0.635742 0.806641 0.635742 0.803711 0.638672 0.802734 0.645508 0.809570 0.641602
0 0.083008 0.094727 0.077148 0.096680 0.075195 0.100586 0.081055 0.100586
0 0.443359 0.834961 0.442383 0.840820 0.446289 0.845703 0.447266 0.837891
0 0.724609 0.796875 0.726562 0.801758 0.735352 0.802734 0.733398 0.798828
0 0.056641 0.317383 0.057617 0.321289 0.064453 0.323242 0.062500 0.318359
0 0.473633 0.457031 0.466797 0.457031 0.463867 0.458984 0.463867 0.461914 0.468750 0.461914
0 0.701172 0.240234 0.700195 0.247070 0.704102 0.251953 0.705078 0.243164
0 0.930664 0.766602 0.925781 0.769531 0.925781 0.777344 0.930664 0.773438
0 0.191406 0.750977 0.190430 0.760742 0.193359 0.762695 0.195312 0.752930
0 0.173828 0.126953 0.166992 0.130859 0.166016 0.135742 0.167969 0.136719 0.172852 0.132812
0 0.726562 0.520508 0.729492 0.526367 0.736328 0.528320 0.732422 0.521484
0 0.294922 0.607422 0.288086 0.609375 0.286133 0.615234 0.292969 0.613281
0 0.053711 0.491211 0.049805 0.489258 0.042969 0.492188 0.041992 0.495117 0.049805 0.495117
0 0.400391 0.762695 0.394531 0.766602 0.394531 0.772461 0.399414 0.770508
0 0.865234 0.820312 0.865234 0.824219 0.868164 0.825195 0.876953 0.823242 0.875000 0.820312
0 0.431641 0.597656 0.433594 0.600586 0.442383 0.598633 0.439453 0.595703
0 0.381836 0.750977 0.378906 0.750977 0.376953 0.753906 0.376953 0.762695 0.382812 0.756836
0 0.261719 0.374023 0.264648 0.377930 0.271484 0.377930 0.269531 0.374023
0 0.493164 0.714844 0.491211 0.722656 0.494141 0.724609 0.495117 0.715820
0 0.524414 0.562500 0.529297 0.567383 0.536133 0.566406 0.532227 0.561523
0 0.225586 0.399414 0.226562 0.404297 0.230469 0.408203 0.234375 0.408203 0.232422 0.401367 0.227539 0.398438
0 0.541992 0.777344 0.537109 0.779297 0.535156 0.786133 0.541992 0.782227
0 0.677734 0.280273 0.672852 0.287109 0.674805 0.294922 0.678711 0.291016
0 0.476562 0.397461 0.476562 0.404297 0.478516 0.407227 0.481445 0.407227 0.481445 0.401367
0 0.163086 0.445312 0.161133 0.453125 0.164062 0.456055 0.165039 0.446289
0 0.903320 0.397461 0.898438 0.398438 0.894531 0.406250 0.898438 0.406250
0 0.386719 0.875977 0.386719 0.880859 0.391602 0.885742 0.391602 0.877930
0 0.013672 0.545898 0.008789 0.545898 0.004883 0.552734 0.012695 0.549805
0 0.280273 0.630859 0.279297 0.634766 0.285156 0.640625 0.285156 0.633789
0 0.780273 0.477539 0.775391 0.479492 0.774414 0.485352 0.780273 0.481445
0 0.171875 0.141602 0.166992 0.143555 0.166016 0.149414 0.172852 0.145508
0 0.495117 0.074219 0.500000 0.078125 0.507812 0.076172 0.504883 0.072266 0.497070 0.072266
0 0.916992 0.724609 0.917969 0.731445 0.925781 0.735352 0.923828 0.728516
0 0.249023 0.737305 0.242188 0.742188 0.241211 0.747070 0.248047 0.744141
0 0.071289 0.949219 0.071289 0.953125 0.077148 0.957031 0.075195 0.951172
0 0.829102 0.886719 0.830078 0.889648 0.833984 0.890625 0.838867 0.887695 0.835938 0.885742
0 0.706055 0.921875 0.704102 0.926758 0.706055 0.931641 0.708008 0.931641 0.708984 0.925781
0 0.877930 0.541016 0.871094 0.543945 0.869141 0.551758 0.871094 0.552734 0.875977 0.549805
0 0.928711 0.239258 0.924805 0.241211 0.924805 0.249023 0.928711 0.246094
0 0.937500 0.117188 0.939453 0.121094 0.948242 0.119141 0.948242 0.116211 0.943359 0.115234
0 0.740234 0.291016 0.735352 0.292969 0.734375 0.298828 0.740234 0.294922
0 0.983398 0.042969 0.983398 0.045898 0.990234 0.049805 0.989258 0.044922
0 0.422852 0.700195 0.416992 0.701172 0.415039 0.705078 0.419922 0.705078
0 0.134766 0.063477 0.131836 0.064453 0.133789 0.074219 0.135742 0.071289
0 0.233398 0.960938 0.232422 0.966797 0.235352 0.970703 0.236328 0.960938
0 0.279297 0.822266 0.282227 0.823242 0.287109 0.818359 0.281250 0.818359