0 0.793945 0.333984 0.790039 0.337891 0.791992 0.345703 0.795898 0.339844
0 0.980469 0.942383 0.976562 0.945312 0.977539 0.955078 0.980469 0.954102 0.982422 0.949219
0 0.454102 0.510742 0.449219 0.511719 0.447266 0.519531 0.454102 0.514648
0 0.982422 0.198242 0.988281 0.200195 0.995117 0.195312 0.987305 0.193359
0 0.059570 0.735352 0.054688 0.735352 0.050781 0.742188 0.056641 0.741211
0 0.433594 0.255859 0.436523 0.267578 0.439453 0.267578 0.440430 0.261719 0.437500 0.256836
0 0.459961 0.264648 0.455078 0.267578 0.455078 0.277344 0.459961 0.272461
0 0.760742 0.734375 0.760742 0.737305 0.763672 0.739258 0.772461 0.739258 0.766602 0.733398
0 0.171875 0.152344 0.171875 0.162109 0.175781 0.164062 0.176758 0.156250 0.174805 0.152344
0 0.609375 0.476562 0.608398 0.481445 0.611328 0.487305 0.613281 0.479492
0 0.796875 0.781250 0.790039 0.781250 0.787109 0.784180 0.794922 0.785156
0 0.606445 0.818359 0.605469 0.827148 0.609375 0.831055 0.611328 0.824219 0.609375 0.819336
0 0.511719 0.082031 0.505859 0.080078 0.500977 0.082031 0.500977 0.084961 0.507812 0.085938
0 0.014648 0.479492 0.015625 0.489258 0.020508 0.490234 0.019531 0.483398
0 0.458984 0.503906 0.461914 0.508789 0.468750 0.510742 0.466797 0.504883
0 0.787109 0.222656 0.791016 0.226562 0.799805 0.225586 0.794922 0.221680
0 0.397461 0.929688 0.395508 0.934570 0.396484 0.938477 0.400391 0.941406 0.401367 0.935547
0 0.854492 0.731445 0.848633 0.735352 0.847656 0.745117 0.853516 0.740234
0 0.897461 0.296875 0.896484 0.304688 0.898438 0.308594 0.901367 0.308594 0.902344 0.302734 0.900391 0.297852
0 0.519531 0.264648 0.513672 0.267578 0.512695 0.273438 0.518555 0.270508
0 0.534180 0.545898 0.538086 0.552734 0.542969 0.554688 0.548828 0.553711 0.546875 0.548828
0 0.500977 0.396484 0.504883 0.401367 0.510742 0.401367 0.511719 0.399414 0.506836 0.395508
0 0.127930 0.793945 0.133789 0.799805 0.140625 0.799805 0.138672 0.794922
0 0.919922 0.289062 0.921875 0.291992 0.931641 0.291016 0.930664 0.287109
0 0.892578 0.501953 0.892578 0.507812 0.897461 0.511719 0.898438 0.506836
0 0.686523 0.195312 0.680664 0.197266 0.678711 0.203125 0.682617 0.203125
0 0.333008 0.721680 0.327148 0.721680 0.324219 0.726562 0.330078 0.726562
0 0.530273 0.389648 0.526367 0.392578 0.525391 0.399414 0.530273 0.397461
0 0.306641 0.181641 0.301758 0.184570 0.301758 0.191406 0.307617 0.186523
0 0.060547 0.904297 0.054688 0.905273 0.050781 0.911133 0.058594 0.910156
0 0.111328 0.381836 0.107422 0.387695 0.110352 0.394531 0.113281 0.386719
0 0.314453 0.354492 0.315430 0.361328 0.319336 0.362305 0.318359 0.356445
0 0.953125 0.066406 0.953125 0.075195 0.956055 0.079102 0.961914 0.080078 0.959961 0.072266
0 0.268555 0.423828 0.270508 0.431641 0.275391 0.432617 0.274414 0.425781
0 0.325195 0.209961 0.320312 0.211914 0.318359 0.220703 0.324219 0.218750
0 0.760742 0.891602 0.761719 0.897461 0.767578 0.901367 0.767578 0.895508
0 0.510742 0.921875 0.512695 0.930664 0.516602 0.932617 0.516602 0.925781
0 0.117188 0.250977 0.121094 0.257812 0.126953 0.258789 0.123047 0.251953
0 0.221680 0.644531 0.217773 0.643555 0.210938 0.647461 0.219727 0.648438
0 0.142578 0.941406 0.144531 0.945312 0.151367 0.946289 0.150391 0.942383
0 0.422852 0.394531 0.416016 0.395508 0.412109 0.403320 0.417969 0.402344
0 0.571289 0.448242 0.566406 0.450195 0.564453 0.457031 0.571289 0.453125
0 0.899414 0.201172 0.902344 0.204102 0.908203 0.202148 0.907227 0.199219
0 0.214844 0.381836 0.213867 0.388672 0.216797 0.394531 0.218750 0.392578 0.218750 0.385742
0 0.393555 0.155273 0.394531 0.162109 0.398438 0.165039 0.398438 0.158203 0.396484 0.155273
0 0.459961 0.447266 0.452148 0.448242 0.449219 0.454102 0.456055 0.454102
0 0.339844 0.597656 0.344727 0.603516 0.353516 0.603516 0.350586 0.598633
0 0.332031 0.921875 0.333984 0.929688 0.338867 0.932617 0.336914 0.922852
0 0.628906 0.277344 0.631836 0.280273 0.638672 0.279297 0.636719 0.276367
0 0.129883 0.826172 0.133789 0.830078 0.140625 0.830078 0.140625 0.827148 0.137695 0.825195
0 0.141602 0.042969 0.136719 0.047852 0.135742 0.057617 0.142578 0.050781
0 0.436523 0.448242 0.430664 0.451172 0.429688 0.458008 0.435547 0.454102
0 0.390625 0.287109 0.385742 0.287109 0.381836 0.292969 0.388672 0.291992
0 0.656250 0.283203 0.659180 0.287109 0.666016 0.287109 0.662109 0.282227 0.658203 0.281250
0 0.803711 0.651367 0.802734 0.659180 0.807617 0.661133 0.807617 0.655273
0 0.323242 0.098633 0.324219 0.102539 0.333984 0.102539 0.331055 0.098633
0 0.144531 0.500000 0.145508 0.505859 0.153320 0.509766 0.151367 0.502930
0 0.963867 0.655273 0.958984 0.654297 0.953125 0.663086 0.959961 0.662109
0 0.593750 0.714844 0.595703 0.719727 0.603516 0.718750 0.600586 0.714844
0 0.877930 0.017578 0.882812 0.025391 0.883789 0.019531
0 0.699219 0.330078 0.698242 0.337891 0.701172 0.339844 0.703125 0.333008 0.702148 0.330078
0 0.791016 0.582031 0.786133 0.582031 0.782227 0.588867 0.788086 0.587891
0 0.321289 0.971680 0.322266 0.978516 0.328125 0.980469 0.328125 0.976562
0 0.512695 0.229492 0.520508 0.230469 0.523438 0.226562 0.516602 0.225586
0 0.308594 0.101562 0.302734 0.105469 0.301758 0.110352 0.308594 0.107422
0 0.068359 0.438477 0.062500 0.439453 0.059570 0.446289 0.061523 0.447266 0.066406 0.443359
0 0.928711 0.365234 0.929688 0.369141 0.936523 0.373047 0.935547 0.368164 0.932617 0.365234
0 0.796875 0.479492 0.797852 0.484375 0.807617 0.487305 0.809570 0.485352 0.803711 0.479492
0 0.069336 0.960938 0.077148 0.961914 0.080078 0.958008 0.073242 0.957031