0 0.182617 0.947266 0.176758 0.950195 0.174805 0.953125 0.175781 0.957031 0.183594 0.953125
0 0.852539 0.114258 0.847656 0.118164 0.847656 0.124023 0.852539 0.121094
0 0.659180 0.432617 0.659180 0.439453 0.665039 0.443359 0.664062 0.435547
0 0.312500 0.356445 0.311523 0.362305 0.313477 0.368164 0.315430 0.368164 0.316406 0.357422
0 0.578125 0.400391 0.583008 0.408203 0.589844 0.408203 0.585938 0.401367
0 0.042969 0.182617 0.042969 0.185547 0.045898 0.187500 0.052734 0.186523 0.051758 0.183594
0 0.968750 0.778320 0.972656 0.785156 0.977539 0.785156 0.975586 0.779297
0 0.298828 0.193359 0.295898 0.195312 0.296875 0.203125 0.300781 0.200195
0 0.339844 0.532227 0.338867 0.541016 0.339844 0.543945 0.342773 0.543945 0.343750 0.534180
0 0.052734 0.553711 0.047852 0.556641 0.046875 0.562500 0.053711 0.558594
0 0.727539 0.719727 0.728516 0.725586 0.733398 0.727539 0.732422 0.721680
0 0.466797 0.053711 0.473633 0.053711 0.476562 0.049805 0.468750 0.049805
0 0.777344 0.316406 0.775391 0.318359 0.776367 0.326172 0.779297 0.323242
0 0.233398 0.879883 0.233398 0.885742 0.239258 0.888672 0.238281 0.882812
0 0.715820 0.618164 0.717773 0.625977 0.720703 0.625977 0.719727 0.620117
0 0.786133 0.706055 0.785156 0.715820 0.789062 0.717773 0.791016 0.712891 0.789062 0.707031
0 0.857422 0.831055 0.854492 0.829102 0.848633 0.830078 0.844727 0.833984 0.851562 0.835938 0.857422 0.833984
0 0.105469 0.955078 0.099609 0.956055 0.097656 0.959961 0.104492 0.958984
0 0.457031 0.595703 0.456055 0.602539 0.458984 0.605469 0.460938 0.597656
0 0.788086 0.183594 0.789062 0.191406 0.795898 0.195312 0.792969 0.185547
0 0.200195 0.406250 0.195312 0.407227 0.192383 0.413086 0.197266 0.413086 0.200195 0.410156
0 0.217773 0.160156 0.221680 0.166016 0.227539 0.166016 0.225586 0.161133
0 0.544922 0.808594 0.544922 0.816406 0.547852 0.820312 0.550781 0.820312 0.550781 0.811523
0 0.067383 0.539062 0.070312 0.545898 0.075195 0.546875 0.074219 0.541992
0 0.824219 0.397461 0.820312 0.403320 0.822266 0.413086 0.826172 0.408203
0 0.684570 0.230469 0.687500 0.233398 0.693359 0.232422 0.692383 0.229492
0 0.222656 0.543945 0.217773 0.544922 0.215820 0.553711 0.221680 0.549805
0 0.946289 0.626953 0.942383 0.627930 0.940430 0.635742 0.947266 0.631836
0 0.548828 0.359375 0.551758 0.363281 0.559570 0.363281 0.555664 0.358398
0 0.567383 0.307617 0.572266 0.311523 0.578125 0.310547 0.573242 0.306641
0 0.776367 0.463867 0.771484 0.465820 0.770508 0.474609 0.775391 0.471680