0 0.800781 0.567383 0.797852 0.569336 0.798828 0.577148 0.801758 0.574219
0 0.211914 0.058594 0.212891 0.063477 0.220703 0.067383 0.218750 0.060547
0 0.113281 0.875977 0.113281 0.878906 0.117188 0.880859 0.124023 0.879883 0.121094 0.875977
0 0.500000 0.161133 0.503906 0.169922 0.510742 0.170898 0.507812 0.164062
0 0.090820 0.540039 0.091797 0.545898 0.100586 0.548828 0.095703 0.541016
0 0.419922 0.092773 0.419922 0.097656 0.425781 0.102539 0.425781 0.095703
0 0.770508 0.626953 0.773438 0.630859 0.783203 0.628906 0.778320 0.625000
0 0.096680 0.973633 0.094727 0.975586 0.095703 0.981445 0.100586 0.984375 0.101562 0.979492
0 0.356445 0.131836 0.352539 0.133789 0.351562 0.140625 0.355469 0.138672
0 0.182617 0.851562 0.177734 0.851562 0.174805 0.856445 0.182617 0.854492
0 0.501953 0.571289 0.500977 0.578125 0.504883 0.583008 0.506836 0.576172
0 0.041992 0.604492 0.041992 0.608398 0.045898 0.612305 0.051758 0.612305 0.048828 0.606445
0 0.071289 0.779297 0.068359 0.779297 0.066406 0.784180 0.068359 0.791016 0.071289 0.786133
0 0.809570 0.889648 0.803711 0.892578 0.803711 0.898438 0.808594 0.895508
0 0.768555 0.493164 0.774414 0.499023 0.780273 0.500000 0.785156 0.498047 0.785156 0.495117 0.779297 0.492188
0 0.529297 0.076172 0.529297 0.081055 0.537109 0.084961 0.535156 0.078125
0 0.591797 0.308594 0.589844 0.317383 0.593750 0.320312 0.594727 0.310547
0 0.140625 0.629883 0.142578 0.634766 0.148438 0.635742 0.146484 0.630859
0 0.946289 0.416016 0.943359 0.419922 0.943359 0.426758 0.946289 0.426758 0.948242 0.423828
0 0.291016 0.522461 0.293945 0.526367 0.303711 0.523438 0.297852 0.520508
0 0.086914 0.351562 0.085938 0.355469 0.091797 0.361328 0.090820 0.353516
0 0.273438 0.684570 0.274414 0.690430 0.279297 0.693359 0.278320 0.686523
0 0.248047 0.543945 0.241211 0.546875 0.239258 0.552734 0.245117 0.551758
0 0.698242 0.303711 0.693359 0.303711 0.689453 0.308594 0.695312 0.307617
0 0.425781 0.195312 0.429688 0.199219 0.436523 0.199219 0.433594 0.194336
0 0.166992 0.548828 0.166016 0.556641 0.169922 0.560547 0.171875 0.550781
0 0.654297 0.122070 0.653320 0.128906 0.655273 0.132812 0.658203 0.132812 0.658203 0.125977
0 0.799805 0.163086 0.794922 0.164062 0.791992 0.170898 0.792969 0.176758 0.795898 0.176758 0.799805 0.171875
0 0.080078 0.195312 0.082031 0.198242 0.090820 0.197266 0.084961 0.193359
0 0.703125 0.527344 0.697266 0.528320 0.693359 0.534180 0.700195 0.533203
0 0.605469 0.456055 0.600586 0.457031 0.597656 0.465820 0.604492 0.461914
0 0.742188 0.116211 0.736328 0.116211 0.732422 0.123047 0.740234 0.122070
0 0.758789 0.568359 0.758789 0.578125 0.761719 0.581055 0.763672 0.579102 0.763672 0.572266
0 0.705078 0.319336 0.704102 0.328125 0.707031 0.333008 0.709961 0.330078 0.708008 0.320312
0 0.396484 0.555664 0.400391 0.556641 0.406250 0.552734 0.398438 0.551758
0 0.161133 0.093750 0.163086 0.098633 0.173828 0.098633 0.173828 0.095703 0.168945 0.092773
0 0.308594 0.349609 0.308594 0.352539 0.311523 0.353516 0.319336 0.352539 0.317383 0.349609
0 0.529297 0.567383 0.531250 0.570312 0.538086 0.571289 0.537109 0.567383
0 0.881836 0.381836 0.876953 0.383789 0.875977 0.392578 0.879883 0.390625
0 0.677734 0.455078 0.672852 0.462891 0.677734 0.460938
0 0.425781 0.547852 0.418945 0.547852 0.415039 0.552734 0.421875 0.552734
0 0.970703 0.539062 0.970703 0.541992 0.973633 0.543945 0.981445 0.543945 0.977539 0.539062
0 0.367188 0.421875 0.371094 0.425781 0.380859 0.423828 0.380859 0.420898 0.376953 0.418945
0 0.083984 0.865234 0.075195 0.865234 0.073242 0.869141 0.079102 0.870117
0 0.291016 0.734375 0.294922 0.738281 0.299805 0.738281 0.298828 0.734375
0 0.928711 0.608398 0.930664 0.613281 0.937500 0.613281 0.935547 0.609375
0 0.040039 0.815430 0.041992 0.822266 0.047852 0.824219 0.046875 0.818359
0 0.724609 0.074219 0.728516 0.081055 0.733398 0.081055 0.732422 0.076172
0 0.604492 0.399414 0.606445 0.404297 0.616211 0.405273 0.612305 0.400391
0 0.333008 0.339844 0.333984 0.344727 0.341797 0.345703 0.336914 0.339844
0 0.673828 0.958984 0.675781 0.963867 0.682617 0.964844 0.680664 0.959961
0 0.359375 0.482422 0.366211 0.482422 0.370117 0.477539 0.363281 0.477539
0 0.577148 0.549805 0.575195 0.551758 0.575195 0.558594 0.578125 0.561523 0.581055 0.552734
0 0.375977 0.500000 0.377930 0.503906 0.385742 0.502930 0.385742 0.500977 0.380859 0.499023
0 0.645508 0.831055 0.655273 0.833984 0.655273 0.831055 0.651367 0.829102
0 0.397461 0.786133 0.393555 0.789062 0.394531 0.796875 0.398438 0.791016
0 0.695312 0.741211 0.691406 0.743164 0.691406 0.750977 0.695312 0.748047
0 0.201172 0.641602 0.203125 0.645508 0.211914 0.646484 0.211914 0.643555 0.208984 0.641602
0 0.124023 0.853516 0.131836 0.853516 0.135742 0.850586 0.134766 0.848633 0.128906 0.848633
0 0.375977 0.229492 0.377930 0.232422 0.385742 0.232422 0.384766 0.228516
0 0.907227 0.199219 0.901367 0.202148 0.899414 0.209961 0.907227 0.206055
0 0.275391 0.149414 0.271484 0.152344 0.272461 0.163086 0.275391 0.162109 0.277344 0.156250
0 0.729492 0.225586 0.732422 0.231445 0.740234 0.232422 0.737305 0.226562
0 0.485352 0.528320 0.491211 0.528320 0.493164 0.524414 0.488281 0.524414
0 0.121094 0.756836 0.114258 0.758789 0.111328 0.766602 0.117188 0.764648
0 0.634766 0.209961 0.626953 0.211914 0.623047 0.218750 0.631836 0.216797
0 0.343750 0.094727 0.347656 0.099609 0.353516 0.099609 0.352539 0.095703