0 0.895508 0.253906 0.889648 0.252930 0.884766 0.257812 0.892578 0.258789
0 0.241211 0.458984 0.250977 0.459961 0.253906 0.456055 0.246094 0.455078
0 0.251953 0.062500 0.251953 0.065430 0.255859 0.068359 0.262695 0.067383 0.259766 0.063477
0 0.726562 0.409180 0.728516 0.412109 0.735352 0.410156 0.734375 0.407227
0 0.742188 0.640625 0.735352 0.644531 0.734375 0.650391 0.736328 0.651367 0.740234 0.648438
0 0.957031 0.374023 0.955078 0.381836 0.959961 0.386719 0.961914 0.380859
0 0.203125 0.270508 0.203125 0.276367 0.209961 0.279297 0.208008 0.272461
0 0.265625 0.701172 0.262695 0.702148 0.263672 0.711914 0.267578 0.708008
0 0.731445 0.431641 0.738281 0.432617 0.742188 0.428711 0.734375 0.427734
0 0.545898 0.495117 0.541992 0.497070 0.541016 0.505859 0.543945 0.505859 0.546875 0.500977
0 0.302734 0.283203 0.295898 0.285156 0.293945 0.291016 0.298828 0.291016 0.302734 0.287109
0 0.651367 0.973633 0.655273 0.977539 0.662109 0.976562 0.662109 0.973633 0.657227 0.971680
0 0.732422 0.944336 0.724609 0.945312 0.721680 0.952148 0.729492 0.950195
0 0.897461 0.907227 0.897461 0.910156 0.901367 0.912109 0.908203 0.910156 0.903320 0.906250
0 0.309570 0.753906 0.311523 0.757812 0.320312 0.759766 0.317383 0.753906
0 0.667969 0.343750 0.672852 0.347656 0.677734 0.347656 0.677734 0.344727 0.674805 0.342773
0 0.170898 0.844727 0.172852 0.848633 0.181641 0.851562 0.182617 0.849609 0.178711 0.844727 0.174805 0.842773
0 0.229492 0.394531 0.233398 0.402344 0.237305 0.404297 0.243164 0.403320 0.240234 0.397461 0.232422 0.393555
0 0.246094 0.913086 0.241211 0.915039 0.240234 0.921875 0.244141 0.919922
0 0.670898 0.578125 0.670898 0.583984 0.677734 0.588867 0.675781 0.581055
0 0.290039 0.477539 0.284180 0.477539 0.282227 0.481445 0.289062 0.481445
0 0.842773 0.055664 0.834961 0.059570 0.833984 0.066406 0.841797 0.061523
0 0.964844 0.152344 0.967773 0.158203 0.971680 0.160156 0.976562 0.159180 0.973633 0.154297
0 0.851562 0.671875 0.844727 0.671875 0.840820 0.677734 0.848633 0.676758
0 0.917969 0.534180 0.910156 0.536133 0.910156 0.539062 0.915039 0.539062 0.917969 0.537109
0 0.331055 0.234375 0.326172 0.240234 0.327148 0.246094 0.332031 0.243164
0 0.076172 0.535156 0.075195 0.541016 0.079102 0.544922 0.080078 0.538086
0 0.665039 0.932617 0.667969 0.936523 0.675781 0.936523 0.670898 0.931641
0 0.913086 0.916016 0.912109 0.924805 0.916016 0.927734 0.917969 0.916992
0 0.008789 0.655273 0.005859 0.659180 0.006836 0.664062 0.008789 0.664062 0.010742 0.659180
0 0.729492 0.453125 0.730469 0.458008 0.737305 0.460938 0.737305 0.457031
0 0.432617 0.355469 0.431641 0.359375 0.437500 0.366211 0.437500 0.359375
0 0.872070 0.792969 0.876953 0.797852 0.881836 0.795898 0.878906 0.791992
0 0.187500 0.945312 0.182617 0.945312 0.178711 0.954102 0.184570 0.952148
0 0.929688 0.752930 0.927734 0.755859 0.934570 0.762695 0.935547 0.758789
0 0.765625 0.894531 0.762695 0.894531 0.760742 0.899414 0.762695 0.907227 0.766602 0.901367
0 0.669922 0.474609 0.672852 0.481445 0.678711 0.482422 0.675781 0.475586
0 0.039062 0.747070 0.041016 0.751953 0.046875 0.752930 0.044922 0.748047
0 0.900391 0.423828 0.910156 0.426758 0.910156 0.423828 0.907227 0.421875
0 0.425781 0.006836 0.422852 0.015625 0.426758 0.022461 0.428711 0.012695
0 0.891602 0.746094 0.884766 0.746094 0.880859 0.751953 0.888672 0.750977
0 0.875977 0.552734 0.875000 0.560547 0.877930 0.562500 0.878906 0.552734
0 0.729492 0.081055 0.724609 0.083984 0.723633 0.092773 0.728516 0.089844
0 0.512695 0.938477 0.511719 0.944336 0.513672 0.949219 0.515625 0.949219 0.516602 0.941406
0 0.425781 0.642578 0.425781 0.650391 0.430664 0.655273 0.431641 0.648438
0 0.891602 0.333984 0.890625 0.341797 0.893555 0.345703 0.895508 0.335938
0 0.036133 0.782227 0.036133 0.785156 0.039062 0.786133 0.048828 0.784180 0.047852 0.779297
0 0.560547 0.879883 0.561523 0.882812 0.571289 0.880859 0.568359 0.877930
0 0.082031 0.391602 0.079102 0.391602 0.077148 0.394531 0.078125 0.401367 0.081055 0.398438
0 0.559570 0.186523 0.561523 0.191406 0.567383 0.192383 0.565430 0.187500
0 0.019531 0.019531 0.014648 0.019531 0.009766 0.027344 0.016602 0.025391
0 0.936523 0.545898 0.939453 0.552734 0.947266 0.555664 0.945312 0.548828
0 0.735352 0.859375 0.735352 0.865234 0.742188 0.869141 0.741211 0.861328
0 0.553711 0.642578 0.553711 0.645508 0.563477 0.644531 0.563477 0.641602
0 0.875000 0.206055 0.864258 0.207031 0.864258 0.209961 0.873047 0.209961
0 0.618164 0.530273 0.619141 0.538086 0.625000 0.541016 0.624023 0.533203
0 0.494141 0.903320 0.489258 0.902344 0.484375 0.906250 0.493164 0.906250
0 0.714844 0.039062 0.718750 0.042969 0.725586 0.042969 0.723633 0.038086
0 0.853516 0.769531 0.860352 0.769531 0.864258 0.766602 0.864258 0.763672 0.857422 0.763672
0 0.639648 0.869141 0.644531 0.875977 0.652344 0.875977 0.652344 0.873047 0.647461 0.869141