0 0.436523 0.668945 0.437500 0.671875 0.446289 0.671875 0.444336 0.667969
0 0.511719 0.971680 0.505859 0.971680 0.501953 0.978516 0.509766 0.977539
0 0.751953 0.856445 0.758789 0.859375 0.763672 0.857422 0.764648 0.854492 0.754883 0.853516
0 0.315430 0.143555 0.313477 0.150391 0.317383 0.156250 0.319336 0.147461
0 0.338867 0.260742 0.343750 0.263672 0.347656 0.262695 0.345703 0.259766
0 0.886719 0.693359 0.882812 0.695312 0.883789 0.703125 0.887695 0.698242
0 0.291016 0.034180 0.295898 0.038086 0.300781 0.037109 0.295898 0.032227
0 0.509766 0.168945 0.514648 0.173828 0.522461 0.173828 0.516602 0.167969
0 0.015625 0.158203 0.010742 0.160156 0.009766 0.166992 0.015625 0.163086
0 0.048828 0.266602 0.050781 0.270508 0.057617 0.271484 0.056641 0.267578
0 0.135742 0.350586 0.129883 0.350586 0.127930 0.355469 0.133789 0.354492
0 0.250000 0.553711 0.246094 0.558594 0.248047 0.566406 0.251953 0.559570
0 0.565430 0.090820 0.564453 0.097656 0.570312 0.104492 0.572266 0.103516 0.572266 0.097656 0.569336 0.091797
0 0.314453 0.886719 0.314453 0.891602 0.321289 0.895508 0.321289 0.890625
0 0.734375 0.399414 0.734375 0.405273 0.738281 0.408203 0.739258 0.404297
0 0.336914 0.303711 0.340820 0.309570 0.348633 0.310547 0.347656 0.305664
0 0.522461 0.793945 0.517578 0.796875 0.516602 0.802734 0.523438 0.798828
0 0.823242 0.243164 0.817383 0.247070 0.817383 0.250977 0.822266 0.249023
0 0.500000 0.070312 0.500000 0.074219 0.504883 0.079102 0.509766 0.079102 0.504883 0.070312
0 0.477539 0.323242 0.479492 0.329102 0.486328 0.332031 0.485352 0.326172
0 0.040039 0.643555 0.040039 0.648438 0.045898 0.651367 0.045898 0.647461
0 0.024414 0.849609 0.028320 0.853516 0.038086 0.851562 0.033203 0.848633
0 0.094727 0.897461 0.094727 0.899414 0.099609 0.901367 0.104492 0.899414 0.102539 0.895508
0 0.539062 0.355469 0.543945 0.359375 0.549805 0.359375 0.544922 0.354492
0 0.356445 0.220703 0.358398 0.229492 0.363281 0.231445 0.362305 0.223633
0 0.321289 0.250000 0.313477 0.250977 0.311523 0.254883 0.315430 0.255859