0 0.537109 0.557617 0.530273 0.561523 0.527344 0.570312 0.532227 0.569336 0.536133 0.565430
0 0.829102 0.134766 0.824219 0.132812 0.819336 0.134766 0.818359 0.137695 0.826172 0.138672
0 0.100586 0.780273 0.102539 0.789062 0.106445 0.790039 0.106445 0.783203
0 0.171875 0.877930 0.169922 0.887695 0.172852 0.891602 0.174805 0.882812
0 0.190430 0.087891 0.189453 0.095703 0.194336 0.100586 0.195312 0.093750
0 0.688477 0.652344 0.682617 0.653320 0.679688 0.659180 0.686523 0.657227
0 0.249023 0.159180 0.250977 0.167969 0.254883 0.169922 0.253906 0.161133
0 0.227539 0.329102 0.222656 0.331055 0.221680 0.338867 0.226562 0.335938
0 0.280273 0.471680 0.274414 0.471680 0.270508 0.474609 0.270508 0.477539 0.279297 0.476562
0 0.390625 0.028320 0.389648 0.037109 0.393555 0.041016 0.394531 0.029297
0 0.213867 0.552734 0.213867 0.555664 0.216797 0.557617 0.225586 0.557617 0.217773 0.551758
0 0.458984 0.743164 0.460938 0.750000 0.463867 0.750000 0.463867 0.745117
0 0.830078 0.729492 0.836914 0.729492 0.840820 0.725586 0.833008 0.724609 0.830078 0.726562
0 0.355469 0.678711 0.354492 0.686523 0.356445 0.690430 0.360352 0.690430 0.360352 0.683594
0 0.983398 0.552734 0.980469 0.551758 0.975586 0.556641 0.982422 0.556641
0 0.158203 0.560547 0.158203 0.568359 0.164062 0.571289 0.163086 0.563477
0 0.780273 0.332031 0.776367 0.333008 0.776367 0.342773 0.780273 0.338867
0 0.696289 0.922852 0.700195 0.928711 0.706055 0.929688 0.704102 0.923828
0 0.499023 0.732422 0.491211 0.735352 0.490234 0.741211 0.496094 0.740234
0 0.697266 0.096680 0.699219 0.100586 0.708008 0.099609 0.705078 0.095703
0 0.427734 0.171875 0.429688 0.176758 0.435547 0.178711 0.432617 0.171875
0 0.911133 0.394531 0.906250 0.399414 0.905273 0.409180 0.912109 0.403320 0.913086 0.396484
0 0.479492 0.368164 0.483398 0.372070 0.489258 0.373047 0.489258 0.369141
0 0.351562 0.120117 0.345703 0.122070 0.342773 0.127930 0.347656 0.127930
0 0.579102 0.509766 0.581055 0.519531 0.582031 0.509766
0 0.685547 0.687500 0.688477 0.691406 0.695312 0.691406 0.692383 0.687500
0 0.279297 0.382812 0.278320 0.391602 0.281250 0.394531 0.283203 0.384766
0 0.490234 0.631836 0.484375 0.636719 0.484375 0.644531 0.488281 0.644531 0.490234 0.641602
0 0.882812 0.666016 0.876953 0.666016 0.873047 0.674805 0.878906 0.672852
0 0.490234 0.909180 0.494141 0.913086 0.500977 0.912109 0.498047 0.908203
0 0.951172 0.025391 0.944336 0.026367 0.942383 0.030273 0.950195 0.029297
0 0.769531 0.565430 0.768555 0.573242 0.772461 0.576172 0.773438 0.569336
0 0.197266 0.327148 0.193359 0.329102 0.192383 0.335938 0.198242 0.332031
0 0.326172 0.951172 0.330078 0.957031 0.335938 0.958984 0.332031 0.951172
0 0.965820 0.011719 0.962891 0.011719 0.959961 0.015625 0.960938 0.024414 0.965820 0.017578
0 0.214844 0.226562 0.218750 0.235352 0.225586 0.236328 0.222656 0.229492
0 0.700195 0.669922 0.704102 0.673828 0.710938 0.673828 0.710938 0.670898 0.708008 0.668945
0 0.605469 0.083008 0.601562 0.081055 0.595703 0.082031 0.591797 0.085938 0.603516 0.086914
0 0.223633 0.975586 0.226562 0.981445 0.233398 0.981445 0.230469 0.976562
0 0.741211 0.132812 0.747070 0.134766 0.751953 0.130859 0.744141 0.129883
0 0.028320 0.783203 0.022461 0.785156 0.019531 0.792969 0.027344 0.790039
0 0.416992 0.805664 0.416016 0.809570 0.418945 0.815430 0.420898 0.808594
0 0.236328 0.430664 0.232422 0.430664 0.227539 0.438477 0.234375 0.436523
0 0.897461 0.535156 0.891602 0.540039 0.891602 0.550781 0.897461 0.545898
0 0.965820 0.672852 0.967773 0.676758 0.974609 0.677734 0.971680 0.672852
0 0.987305 0.143555 0.983398 0.143555 0.980469 0.146484 0.979492 0.155273 0.982422 0.155273 0.986328 0.150391
0 0.772461 0.281250 0.776367 0.287109 0.782227 0.288086 0.779297 0.282227
0 0.067383 0.588867 0.068359 0.595703 0.072266 0.598633 0.072266 0.591797 0.070312 0.588867
0 0.431641 0.074219 0.431641 0.081055 0.436523 0.084961 0.436523 0.079102
0 0.717773 0.302734 0.717773 0.308594 0.722656 0.311523 0.722656 0.305664
0 0.547852 0.962891 0.549805 0.966797 0.558594 0.966797 0.558594 0.963867 0.555664 0.961914
0 0.243164 0.400391 0.247070 0.403320 0.253906 0.402344 0.250977 0.398438
0 0.209961 0.583984 0.208984 0.590820 0.212891 0.593750 0.213867 0.588867
0 0.955078 0.867188 0.958008 0.877930 0.960938 0.877930 0.959961 0.869141
0 0.926758 0.239258 0.926758 0.242188 0.929688 0.244141 0.937500 0.244141 0.937500 0.241211 0.933594 0.239258
0 0.148438 0.485352 0.141602 0.485352 0.138672 0.487305 0.138672 0.490234 0.145508 0.489258
0 0.863281 0.609375 0.862305 0.615234 0.867188 0.619141 0.867188 0.612305
0 0.911133 0.362305 0.906250 0.363281 0.906250 0.374023 0.910156 0.371094
0 0.099609 0.818359 0.094727 0.821289 0.093750 0.826172 0.100586 0.822266
0 0.074219 0.393555 0.075195 0.397461 0.082031 0.399414 0.080078 0.394531
0 0.909180 0.607422 0.903320 0.610352 0.902344 0.615234 0.908203 0.613281
0 0.225586 0.910156 0.233398 0.909180 0.236328 0.904297 0.227539 0.905273
0 0.989258 0.770508 0.987305 0.768555 0.983398 0.769531 0.980469 0.775391 0.987305 0.773438
0 0.799805 0.941406 0.800781 0.944336 0.810547 0.942383 0.807617 0.939453
0 0.399414 0.263672 0.399414 0.267578 0.404297 0.273438 0.403320 0.264648
0 0.640625 0.894531 0.637695 0.895508 0.637695 0.903320 0.641602 0.899414