0 0.314453 0.037109 0.313477 0.045898 0.317383 0.046875 0.317383 0.037109
0 0.629883 0.282227 0.623047 0.283203 0.620117 0.287109 0.621094 0.290039 0.625977 0.289062
0 0.724609 0.395508 0.724609 0.398438 0.729492 0.399414 0.736328 0.397461 0.733398 0.393555
0 0.826172 0.636719 0.821289 0.635742 0.816406 0.639648 0.823242 0.640625
0 0.100586 0.866211 0.092773 0.866211 0.089844 0.872070 0.097656 0.871094
0 0.503906 0.375000 0.506836 0.379883 0.512695 0.380859 0.510742 0.375977
0 0.762695 0.361328 0.764648 0.365234 0.771484 0.367188 0.769531 0.362305
0 0.404297 0.520508 0.398438 0.524414 0.398438 0.533203 0.403320 0.529297
0 0.155273 0.114258 0.149414 0.115234 0.144531 0.124023 0.153320 0.121094
0 0.807617 0.787109 0.809570 0.792969 0.815430 0.796875 0.817383 0.794922 0.812500 0.788086
0 0.638672 0.750000 0.636719 0.751953 0.637695 0.757812 0.642578 0.760742 0.643555 0.755859
0 0.462891 0.832031 0.463867 0.835938 0.475586 0.838867 0.473633 0.833984
0 0.248047 0.117188 0.244141 0.114258 0.239258 0.115234 0.237305 0.119141 0.241211 0.120117
0 0.899414 0.620117 0.898438 0.625000 0.902344 0.629883 0.904297 0.625000
0 0.120117 0.700195 0.114258 0.700195 0.109375 0.707031 0.117188 0.705078
0 0.466797 0.261719 0.462891 0.259766 0.456055 0.262695 0.455078 0.265625 0.459961 0.266602
0 0.257812 0.106445 0.257812 0.116211 0.262695 0.121094 0.263672 0.112305
0 0.535156 0.416016 0.529297 0.417969 0.527344 0.421875 0.531250 0.422852 0.534180 0.420898
0 0.130859 0.370117 0.133789 0.374023 0.142578 0.374023 0.138672 0.369141 0.132812 0.368164
0 0.809570 0.529297 0.812500 0.534180 0.819336 0.534180 0.817383 0.530273
0 0.581055 0.280273 0.573242 0.280273 0.571289 0.284180 0.578125 0.284180
0 0.833984 0.618164 0.833984 0.621094 0.837891 0.623047 0.846680 0.621094 0.839844 0.617188
0 0.401367 0.761719 0.398438 0.763672 0.399414 0.769531 0.402344 0.766602
0 0.930664 0.120117 0.925781 0.120117 0.920898 0.125000 0.926758 0.125000
0 0.422852 0.139648 0.424805 0.143555 0.431641 0.144531 0.429688 0.140625
0 0.597656 0.612305 0.598633 0.619141 0.603516 0.622070 0.602539 0.614258
0 0.340820 0.477539 0.341797 0.481445 0.351562 0.483398 0.349609 0.479492
0 0.345703 0.831055 0.343750 0.831055 0.341797 0.835938 0.343750 0.841797 0.346680 0.839844
0 0.945312 0.919922 0.940430 0.922852 0.940430 0.928711 0.944336 0.926758
0 0.601562 0.361328 0.593750 0.361328 0.590820 0.367188 0.598633 0.366211
0 0.936523 0.883789 0.939453 0.888672 0.947266 0.890625 0.942383 0.882812 0.938477 0.881836
0 0.564453 0.310547 0.561523 0.309570 0.557617 0.312500 0.554688 0.319336 0.560547 0.318359
0 0.677734 0.396484 0.682617 0.404297 0.687500 0.404297 0.684570 0.397461
0 0.132812 0.218750 0.134766 0.223633 0.144531 0.221680 0.143555 0.218750
0 0.630859 0.759766 0.625000 0.762695 0.625000 0.769531 0.629883 0.766602
0 0.705078 0.711914 0.698242 0.711914 0.695312 0.715820 0.703125 0.715820
0 0.976562 0.193359 0.976562 0.199219 0.981445 0.202148 0.981445 0.195312
0 0.040039 0.392578 0.034180 0.396484 0.034180 0.402344 0.039062 0.400391
0 0.262695 0.335938 0.265625 0.339844 0.273438 0.340820 0.268555 0.334961 0.264648 0.333984
0 0.917969 0.587891 0.919922 0.591797 0.926758 0.592773 0.924805 0.588867
0 0.548828 0.750000 0.547852 0.753906 0.549805 0.756836 0.556641 0.758789 0.556641 0.753906
0 0.336914 0.295898 0.336914 0.298828 0.346680 0.297852 0.346680 0.294922
0 0.970703 0.561523 0.974609 0.565430 0.982422 0.563477 0.982422 0.561523 0.977539 0.559570
0 0.663086 0.795898 0.653320 0.796875 0.651367 0.801758 0.657227 0.801758
0 0.981445 0.783203 0.976562 0.786133 0.975586 0.797852 0.981445 0.791992
0 0.211914 0.456055 0.215820 0.462891 0.220703 0.462891 0.217773 0.457031
0 0.559570 0.664062 0.554688 0.664062 0.550781 0.668945 0.557617 0.668945
0 0.709961 0.196289 0.705078 0.199219 0.704102 0.205078 0.710938 0.201172
0 0.627930 0.535156 0.629883 0.540039 0.636719 0.541992 0.633789 0.536133
0 0.365234 0.603516 0.372070 0.603516 0.376953 0.599609 0.368164 0.598633 0.365234 0.600586
0 0.228516 0.135742 0.225586 0.133789 0.218750 0.134766 0.216797 0.138672 0.227539 0.138672
0 0.367188 0.904297 0.364258 0.904297 0.361328 0.909180 0.362305 0.915039 0.367188 0.910156
0 0.892578 0.009766 0.892578 0.018555 0.898438 0.024414 0.900391 0.023438 0.899414 0.014648 0.895508 0.009766
0 0.798828 0.521484 0.803711 0.522461 0.808594 0.517578 0.800781 0.517578