0 0.366211 0.090820 0.361328 0.085938 0.355469 0.087891 0.359375 0.091797
0 0.037109 0.322266 0.031250 0.328125 0.030273 0.335938 0.032227 0.338867 0.038086 0.332031
0 0.324219 0.005859 0.324219 0.012695 0.327148 0.014648 0.328125 0.007812
0 0.396484 0.872070 0.395508 0.877930 0.398438 0.882812 0.400391 0.876953 0.399414 0.873047
0 0.627930 0.797852 0.622070 0.799805 0.619141 0.805664 0.625000 0.804688
0 0.824219 0.041016 0.819336 0.047852 0.821289 0.055664 0.825195 0.051758
0 0.892578 0.485352 0.887695 0.487305 0.885742 0.496094 0.891602 0.494141
0 0.553711 0.084961 0.554688 0.092773 0.559570 0.095703 0.559570 0.087891
0 0.435547 0.164062 0.441406 0.168945 0.448242 0.167969 0.444336 0.163086 0.438477 0.162109
0 0.741211 0.112305 0.741211 0.117188 0.749023 0.121094 0.747070 0.115234
0 0.308594 0.614258 0.313477 0.619141 0.320312 0.619141 0.320312 0.616211 0.316406 0.613281
0 0.774414 0.982422 0.771484 0.986328 0.773438 0.993164 0.776367 0.988281
0 0.193359 0.268555 0.188477 0.266602 0.181641 0.272461 0.186523 0.273438
0 0.330078 0.888672 0.330078 0.898438 0.333008 0.899414 0.334961 0.896484 0.333984 0.890625
0 0.795898 0.576172 0.795898 0.578125 0.799805 0.579102 0.806641 0.578125 0.804688 0.575195
0 0.268555 0.786133 0.268555 0.793945 0.273438 0.795898 0.273438 0.790039 0.271484 0.786133
0 0.321289 0.786133 0.323242 0.791016 0.330078 0.791016 0.328125 0.787109
0 0.761719 0.530273 0.761719 0.538086 0.766602 0.540039 0.766602 0.535156
0 0.803711 0.310547 0.809570 0.315430 0.817383 0.313477 0.811523 0.308594
0 0.416992 0.764648 0.419922 0.769531 0.425781 0.770508 0.422852 0.764648
0 0.862305 0.302734 0.866211 0.306641 0.873047 0.305664 0.873047 0.302734 0.869141 0.300781
0 0.442383 0.681641 0.443359 0.687500 0.449219 0.691406 0.449219 0.685547
0 0.526367 0.903320 0.528320 0.907227 0.536133 0.906250 0.535156 0.903320
0 0.608398 0.727539 0.611328 0.731445 0.619141 0.730469 0.616211 0.726562
0 0.744141 0.936523 0.745117 0.938477 0.752930 0.938477 0.756836 0.934570 0.746094 0.933594
0 0.551758 0.552734 0.547852 0.555664 0.547852 0.563477 0.552734 0.559570
0 0.620117 0.618164 0.628906 0.616211 0.630859 0.612305 0.624023 0.612305
0 0.035156 0.344727 0.030273 0.343750 0.025391 0.346680 0.025391 0.349609 0.030273 0.349609
0 0.309570 0.166992 0.314453 0.171875 0.318359 0.170898 0.316406 0.166992
0 0.681641 0.193359 0.684570 0.197266 0.689453 0.197266 0.693359 0.194336 0.687500 0.191406
0 0.471680 0.530273 0.472656 0.536133 0.478516 0.541016 0.478516 0.533203 0.475586 0.530273
0 0.492188 0.677734 0.488281 0.680664 0.488281 0.689453 0.493164 0.685547
0 0.450195 0.730469 0.449219 0.740234 0.453125 0.742188 0.455078 0.736328 0.454102 0.732422
0 0.485352 0.609375 0.480469 0.612305 0.480469 0.620117 0.485352 0.615234
0 0.462891 0.928711 0.458008 0.933594 0.458008 0.939453 0.462891 0.937500
0 0.533203 0.319336 0.536133 0.323242 0.542969 0.324219 0.540039 0.319336
0 0.015625 0.310547 0.023438 0.318359 0.023438 0.313477 0.020508 0.310547
0 0.928711 0.025391 0.927734 0.032227 0.930664 0.036133 0.934570 0.037109 0.933594 0.030273
0 0.813477 0.623047 0.808594 0.625000 0.807617 0.633789 0.813477 0.627930
0 0.236328 0.401367 0.238281 0.405273 0.246094 0.404297 0.246094 0.402344 0.241211 0.400391
0 0.975586 0.336914 0.965820 0.338867 0.964844 0.343750 0.973633 0.341797
0 0.524414 0.015625 0.526367 0.018555 0.533203 0.018555 0.532227 0.015625
0 0.203125 0.750977 0.204102 0.757812 0.208984 0.760742 0.208008 0.752930
0 0.505859 0.321289 0.505859 0.328125 0.509766 0.331055 0.509766 0.323242
0 0.918945 0.366211 0.915039 0.367188 0.913086 0.375977 0.918945 0.372070
0 0.629883 0.775391 0.634766 0.778320 0.642578 0.776367 0.639648 0.772461
0 0.760742 0.272461 0.763672 0.277344 0.772461 0.278320 0.768555 0.272461
0 0.623047 0.076172 0.617188 0.080078 0.617188 0.085938 0.622070 0.083984
0 0.729492 0.574219 0.730469 0.578125 0.739258 0.579102 0.736328 0.574219
0 0.098633 0.524414 0.100586 0.528320 0.108398 0.527344 0.108398 0.525391 0.103516 0.523438
0 0.054688 0.401367 0.052734 0.410156 0.056641 0.412109 0.058594 0.407227 0.057617 0.402344
0 0.397461 0.137695 0.400391 0.144531 0.405273 0.146484 0.404297 0.140625
0 0.037109 0.489258 0.039062 0.495117 0.045898 0.497070 0.041016 0.489258
0 0.761719 0.592773 0.758789 0.593750 0.759766 0.602539 0.762695 0.600586
0 0.273438 0.676758 0.274414 0.680664 0.280273 0.681641 0.283203 0.679688 0.277344 0.675781
0 0.390625 0.452148 0.383789 0.457031 0.385742 0.460938 0.389648 0.458008
0 0.140625 0.499023 0.136719 0.500977 0.134766 0.507812 0.140625 0.504883
0 0.688477 0.564453 0.693359 0.570312 0.699219 0.568359 0.696289 0.564453
0 0.391602 0.155273 0.393555 0.159180 0.402344 0.157227 0.398438 0.154297
0 0.367188 0.794922 0.358398 0.796875 0.354492 0.802734 0.356445 0.804688 0.364258 0.802734
0 0.163086 0.955078 0.153320 0.956055 0.152344 0.959961 0.159180 0.959961
0 0.762695 0.885742 0.756836 0.887695 0.753906 0.892578 0.755859 0.894531 0.758789 0.893555