0 0.934570 0.850586 0.934570 0.857422 0.940430 0.860352 0.939453 0.854492
0 0.475586 0.173828 0.476562 0.179688 0.483398 0.182617 0.481445 0.174805
0 0.951172 0.390625 0.947266 0.393555 0.947266 0.400391 0.952148 0.396484
0 0.854492 0.525391 0.858398 0.529297 0.864258 0.530273 0.862305 0.525391
0 0.544922 0.069336 0.543945 0.074219 0.545898 0.079102 0.547852 0.079102 0.547852 0.071289
0 0.347656 0.326172 0.343750 0.328125 0.343750 0.335938 0.347656 0.332031
0 0.893555 0.552734 0.888672 0.554688 0.887695 0.563477 0.892578 0.560547
0 0.782227 0.901367 0.786133 0.908203 0.791016 0.907227 0.788086 0.902344
0 0.771484 0.292969 0.765625 0.295898 0.765625 0.299805 0.769531 0.298828
0 0.474609 0.772461 0.476562 0.776367 0.483398 0.777344 0.481445 0.773438
0 0.572266 0.704102 0.566406 0.707031 0.565430 0.712891 0.571289 0.710938
0 0.577148 0.152344 0.575195 0.163086 0.579102 0.164062 0.581055 0.157227 0.579102 0.152344
0 0.275391 0.645508 0.278320 0.649414 0.285156 0.649414 0.285156 0.646484 0.281250 0.644531
0 0.615234 0.539062 0.609375 0.538086 0.603516 0.541992 0.609375 0.543945
0 0.257812 0.333008 0.262695 0.336914 0.267578 0.335938 0.264648 0.332031
0 0.673828 0.526367 0.678711 0.531250 0.685547 0.531250 0.685547 0.528320 0.681641 0.525391
0 0.821289 0.034180 0.813477 0.034180 0.808594 0.039062 0.810547 0.041016 0.817383 0.040039 0.821289 0.037109
0 0.768555 0.599609 0.764648 0.603516 0.765625 0.610352 0.769531 0.606445
0 0.453125 0.355469 0.454102 0.362305 0.461914 0.366211 0.459961 0.358398
0 0.652344 0.416016 0.645508 0.417969 0.644531 0.425781 0.650391 0.422852
0 0.700195 0.751953 0.703125 0.754883 0.710938 0.753906 0.708984 0.750000
0 0.956055 0.526367 0.958984 0.532227 0.964844 0.532227 0.963867 0.527344
0 0.387695 0.554688 0.377930 0.556641 0.375977 0.562500 0.383789 0.560547
0 0.043945 0.210938 0.037109 0.217773 0.038086 0.223633 0.042969 0.219727
0 0.071289 0.093750 0.073242 0.095703 0.081055 0.094727 0.080078 0.091797
0 0.879883 0.578125 0.880859 0.583984 0.886719 0.585938 0.885742 0.580078