0 0.969727 0.476562 0.965820 0.479492 0.966797 0.486328 0.970703 0.481445
0 0.681641 0.899414 0.676758 0.900391 0.673828 0.907227 0.677734 0.907227
0 0.116211 0.487305 0.115234 0.492188 0.120117 0.497070 0.121094 0.490234
0 0.977539 0.307617 0.981445 0.311523 0.989258 0.310547 0.987305 0.306641
0 0.334961 0.556641 0.341797 0.559570 0.346680 0.558594 0.344727 0.554688 0.336914 0.554688
0 0.392578 0.381836 0.397461 0.386719 0.403320 0.386719 0.403320 0.383789 0.400391 0.381836
0 0.346680 0.618164 0.349609 0.622070 0.357422 0.622070 0.356445 0.618164
0 0.260742 0.573242 0.255859 0.575195 0.253906 0.582031 0.260742 0.578125
0 0.339844 0.242188 0.335938 0.242188 0.332031 0.250000 0.338867 0.247070
0 0.075195 0.028320 0.070312 0.031250 0.069336 0.038086 0.075195 0.035156
0 0.302734 0.280273 0.298828 0.282227 0.298828 0.291016 0.301758 0.291016 0.303711 0.287109
0 0.562500 0.101562 0.565430 0.105469 0.574219 0.105469 0.574219 0.102539 0.570312 0.100586
0 0.333008 0.271484 0.333008 0.276367 0.336914 0.280273 0.337891 0.276367
0 0.305664 0.490234 0.299805 0.491211 0.295898 0.497070 0.303711 0.496094
0 0.471680 0.309570 0.473633 0.312500 0.481445 0.311523 0.480469 0.308594
0 0.011719 0.455078 0.017578 0.460938 0.023438 0.459961 0.020508 0.455078
0 0.846680 0.060547 0.841797 0.059570 0.836914 0.063477 0.842773 0.064453
0 0.825195 0.237305 0.824219 0.244141 0.828125 0.246094 0.828125 0.240234
0 0.874023 0.981445 0.874023 0.987305 0.878906 0.990234 0.877930 0.983398
0 0.147461 0.793945 0.139648 0.794922 0.136719 0.801758 0.145508 0.798828
0 0.778320 0.223633 0.778320 0.231445 0.781250 0.232422 0.782227 0.228516
0 0.393555 0.320312 0.393555 0.327148 0.399414 0.330078 0.398438 0.323242
0 0.927734 0.499023 0.931641 0.503906 0.938477 0.503906 0.936523 0.499023
0 0.595703 0.603516 0.593750 0.603516 0.591797 0.608398 0.593750 0.615234 0.597656 0.611328
0 0.974609 0.127930 0.974609 0.130859 0.984375 0.129883 0.982422 0.126953
0 0.238281 0.738281 0.240234 0.745117 0.245117 0.746094 0.244141 0.741211
0 0.449219 0.538086 0.443359 0.540039 0.443359 0.545898 0.448242 0.542969
0 0.540039 0.316406 0.542969 0.326172 0.545898 0.326172 0.544922 0.318359
0 0.033203 0.146484 0.028320 0.144531 0.022461 0.146484 0.022461 0.148438 0.031250 0.150391
0 0.894531 0.067383 0.897461 0.074219 0.901367 0.077148 0.903320 0.076172 0.902344 0.071289
0 0.106445 0.537109 0.104492 0.539062 0.104492 0.548828 0.108398 0.546875 0.108398 0.539062
0 0.419922 0.657227 0.416016 0.659180 0.415039 0.666992 0.417969 0.666016 0.420898 0.660156
0 0.696289 0.252930 0.690430 0.255859 0.688477 0.259766 0.689453 0.264648 0.696289 0.259766
0 0.352539 0.300781 0.358398 0.303711 0.363281 0.301758 0.361328 0.298828 0.354492 0.298828
0 0.699219 0.661133 0.699219 0.664062 0.708008 0.666016 0.708008 0.663086 0.704102 0.660156
0 0.628906 0.943359 0.631836 0.948242 0.638672 0.948242 0.633789 0.942383
0 0.517578 0.958984 0.512695 0.961914 0.511719 0.970703 0.517578 0.965820
0 0.735352 0.960938 0.730469 0.962891 0.730469 0.971680 0.733398 0.971680 0.735352 0.967773
0 0.957031 0.408203 0.958008 0.412109 0.965820 0.414062 0.961914 0.408203
0 0.416992 0.300781 0.420898 0.307617 0.428711 0.308594 0.422852 0.300781
0 0.048828 0.749023 0.042969 0.750000 0.040039 0.755859 0.044922 0.754883
0 0.321289 0.012695 0.316406 0.017578 0.315430 0.022461 0.318359 0.027344 0.322266 0.021484
0 0.670898 0.744141 0.669922 0.750000 0.672852 0.754883 0.674805 0.747070
0 0.276367 0.255859 0.269531 0.255859 0.265625 0.260742 0.269531 0.261719
0 0.838867 0.299805 0.833984 0.299805 0.829102 0.307617 0.834961 0.306641
0 0.769531 0.035156 0.771484 0.041992 0.777344 0.044922 0.775391 0.037109
0 0.722656 0.331055 0.716797 0.333984 0.715820 0.338867 0.722656 0.334961
0 0.981445 0.263672 0.982422 0.269531 0.988281 0.272461 0.988281 0.267578
0 0.824219 0.073242 0.827148 0.079102 0.834961 0.080078 0.831055 0.074219
0 0.755859 0.834961 0.755859 0.840820 0.763672 0.844727 0.764648 0.842773 0.761719 0.837891
0 0.765625 0.214844 0.764648 0.222656 0.767578 0.225586 0.768555 0.216797
0 0.587891 0.102539 0.582031 0.108398 0.583008 0.114258 0.587891 0.111328
0 0.674805 0.015625 0.675781 0.018555 0.683594 0.017578 0.682617 0.014648
0 0.573242 0.582031 0.570312 0.585938 0.572266 0.592773 0.575195 0.590820
0 0.193359 0.746094 0.193359 0.754883 0.196289 0.755859 0.197266 0.746094
0 0.232422 0.596680 0.234375 0.599609 0.241211 0.601562 0.239258 0.596680
0 0.155273 0.878906 0.162109 0.878906 0.166016 0.875000 0.156250 0.875000
0 0.716797 0.605469 0.718750 0.610352 0.724609 0.611328 0.721680 0.606445
0 0.109375 0.429688 0.106445 0.433594 0.106445 0.440430 0.109375 0.440430 0.111328 0.436523
0 0.139648 0.485352 0.134766 0.493164 0.139648 0.491211