0 0.005859 0.226562 0.008789 0.229492 0.015625 0.229492 0.012695 0.225586
0 0.691406 0.920898 0.693359 0.929688 0.697266 0.931641 0.697266 0.922852
0 0.099609 0.770508 0.098633 0.777344 0.101562 0.782227 0.104492 0.782227 0.103516 0.772461
0 0.880859 0.629883 0.873047 0.630859 0.870117 0.636719 0.879883 0.634766
0 0.759766 0.036133 0.760742 0.038086 0.767578 0.038086 0.769531 0.034180
0 0.110352 0.115234 0.104492 0.117188 0.102539 0.123047 0.107422 0.122070
0 0.876953 0.412109 0.878906 0.416992 0.885742 0.416992 0.881836 0.413086
0 0.336914 0.661133 0.340820 0.666016 0.345703 0.665039 0.343750 0.661133
0 0.414062 0.701172 0.416016 0.705078 0.424805 0.706055 0.424805 0.703125 0.419922 0.700195
0 0.756836 0.350586 0.756836 0.355469 0.761719 0.360352 0.761719 0.352539
0 0.274414 0.249023 0.280273 0.253906 0.285156 0.253906 0.285156 0.250977 0.281250 0.248047
0 0.376953 0.682617 0.372070 0.685547 0.371094 0.690430 0.376953 0.686523
0 0.809570 0.089844 0.814453 0.095703 0.820312 0.095703 0.821289 0.093750 0.817383 0.089844
0 0.834961 0.215820 0.835938 0.222656 0.839844 0.224609 0.839844 0.217773
0 0.075195 0.450195 0.068359 0.454102 0.065430 0.462891 0.070312 0.461914 0.074219 0.458008
0 0.402344 0.878906 0.402344 0.880859 0.412109 0.879883 0.411133 0.876953
0 0.937500 0.008789 0.932617 0.010742 0.931641 0.019531 0.936523 0.015625
0 0.159180 0.325195 0.160156 0.332031 0.166016 0.335938 0.164062 0.326172
0 0.291016 0.659180 0.283203 0.659180 0.279297 0.666016 0.287109 0.665039 0.291016 0.662109
0 0.567383 0.550781 0.565430 0.558594 0.570312 0.564453 0.571289 0.555664 0.569336 0.550781
0 0.213867 0.845703 0.205078 0.845703 0.202148 0.850586 0.210938 0.849609
0 0.419922 0.749023 0.415039 0.750977 0.414062 0.758789 0.418945 0.755859
0 0.962891 0.621094 0.961914 0.628906 0.964844 0.631836 0.966797 0.624023 0.965820 0.621094
0 0.467773 0.257812 0.469727 0.261719 0.476562 0.262695 0.473633 0.257812
0 0.059570 0.417969 0.053711 0.418945 0.049805 0.424805 0.055664 0.424805
0 0.110352 0.249023 0.111328 0.256836 0.118164 0.260742 0.117188 0.251953 0.114258 0.249023
0 0.982422 0.165039 0.977539 0.163086 0.970703 0.166016 0.970703 0.167969 0.976562 0.168945
0 0.420898 0.462891 0.416016 0.469727 0.417969 0.477539 0.421875 0.473633
0 0.853516 0.627930 0.853516 0.629883 0.859375 0.632812 0.867188 0.631836 0.862305 0.626953 0.857422 0.625977
0 0.939453 0.902344 0.943359 0.907227 0.950195 0.907227 0.950195 0.904297 0.946289 0.901367
0 0.945312 0.786133 0.949219 0.791016 0.955078 0.791992 0.953125 0.787109
0 0.399414 0.756836 0.400391 0.767578 0.405273 0.770508 0.407227 0.768555 0.406250 0.761719 0.402344 0.756836
0 0.149414 0.727539 0.143555 0.731445 0.143555 0.737305 0.148438 0.735352
0 0.682617 0.014648 0.684570 0.018555 0.691406 0.019531 0.690430 0.015625
0 0.596680 0.282227 0.599609 0.287109 0.606445 0.287109 0.602539 0.282227
0 0.203125 0.134766 0.203125 0.140625 0.208008 0.143555 0.208008 0.137695
0 0.116211 0.719727 0.115234 0.727539 0.119141 0.733398 0.121094 0.725586 0.118164 0.719727
0 0.120117 0.202148 0.124023 0.208008 0.128906 0.208984 0.128906 0.205078 0.125977 0.202148
0 0.507812 0.911133 0.509766 0.916992 0.515625 0.919922 0.515625 0.914062
0 0.815430 0.233398 0.814453 0.237305 0.822266 0.241211 0.823242 0.238281
0 0.122070 0.461914 0.125977 0.465820 0.130859 0.464844 0.127930 0.460938
0 0.245117 0.920898 0.240234 0.924805 0.240234 0.931641 0.242188 0.933594 0.246094 0.927734
0 0.067383 0.531250 0.069336 0.537109 0.079102 0.539062 0.074219 0.532227
0 0.425781 0.156250 0.423828 0.162109 0.425781 0.166992 0.427734 0.166992 0.428711 0.159180
0 0.651367 0.153320 0.650391 0.160156 0.654297 0.164062 0.655273 0.155273
0 0.215820 0.098633 0.217773 0.102539 0.225586 0.103516 0.221680 0.098633
0 0.387695 0.433594 0.383789 0.433594 0.379883 0.441406 0.385742 0.439453
0 0.903320 0.982422 0.904297 0.986328 0.908203 0.989258 0.912109 0.988281 0.908203 0.982422