0 0.707031 0.083008 0.703125 0.085938 0.705078 0.095703 0.708008 0.089844
0 0.705078 0.720703 0.700195 0.722656 0.699219 0.730469 0.704102 0.727539
0 0.946289 0.188477 0.948242 0.192383 0.957031 0.190430 0.954102 0.187500
0 0.583984 0.958984 0.584961 0.965820 0.589844 0.968750 0.590820 0.962891 0.588867 0.959961
0 0.423828 0.645508 0.423828 0.652344 0.427734 0.654297 0.427734 0.648438
0 0.248047 0.232422 0.249023 0.238281 0.254883 0.240234 0.253906 0.234375
0 0.072266 0.104492 0.076172 0.111328 0.082031 0.112305 0.079102 0.105469
0 0.241211 0.810547 0.236328 0.815430 0.238281 0.823242 0.242188 0.817383
0 0.484375 0.086914 0.479492 0.084961 0.472656 0.089844 0.478516 0.090820
0 0.963867 0.833984 0.969727 0.839844 0.976562 0.839844 0.972656 0.833984
0 0.048828 0.007812 0.050781 0.011719 0.057617 0.012695 0.056641 0.008789
0 0.421875 0.257812 0.416016 0.263672 0.416016 0.272461 0.421875 0.266602
0 0.763672 0.866211 0.755859 0.868164 0.752930 0.873047 0.761719 0.872070
0 0.477539 0.329102 0.473633 0.332031 0.473633 0.339844 0.478516 0.335938
0 0.453125 0.314453 0.450195 0.314453 0.448242 0.317383 0.448242 0.326172 0.453125 0.321289
0 0.459961 0.332031 0.458984 0.338867 0.462891 0.344727 0.464844 0.336914
0 0.575195 0.747070 0.572266 0.750000 0.574219 0.758789 0.577148 0.755859
0 0.446289 0.589844 0.441406 0.594727 0.443359 0.604492 0.446289 0.600586
0 0.376953 0.475586 0.375977 0.482422 0.378906 0.486328 0.380859 0.477539
0 0.504883 0.582031 0.497070 0.586914 0.502930 0.587891
0 0.789062 0.129883 0.782227 0.129883 0.778320 0.135742 0.786133 0.134766
0 0.261719 0.423828 0.256836 0.423828 0.252930 0.431641 0.258789 0.429688
0 0.779297 0.962891 0.781250 0.966797 0.790039 0.968750 0.788086 0.963867
0 0.144531 0.919922 0.137695 0.919922 0.133789 0.925781 0.141602 0.924805
0 0.056641 0.062500 0.046875 0.064453 0.045898 0.069336 0.053711 0.068359
0 0.543945 0.082031 0.539062 0.086914 0.541016 0.096680 0.544922 0.091797
0 0.128906 0.111328 0.131836 0.113281 0.140625 0.112305 0.138672 0.108398 0.132812 0.108398
0 0.019531 0.861328 0.020508 0.866211 0.026367 0.869141 0.024414 0.863281
0 0.722656 0.448242 0.721680 0.456055 0.724609 0.458008 0.726562 0.450195
0 0.787109 0.159180 0.785156 0.166016 0.789062 0.171875 0.791016 0.163086
0 0.794922 0.204102 0.790039 0.204102 0.786133 0.210938 0.791992 0.209961
0 0.553711 0.785156 0.549805 0.787109 0.548828 0.794922 0.553711 0.791992
0 0.366211 0.907227 0.367188 0.916016 0.373047 0.918945 0.372070 0.910156
0 0.068359 0.234375 0.067383 0.241211 0.071289 0.244141 0.072266 0.237305
0 0.670898 0.186523 0.669922 0.192383 0.672852 0.197266 0.675781 0.197266 0.674805 0.189453
0 0.421875 0.127930 0.418945 0.127930 0.416992 0.135742 0.421875 0.131836
0 0.021484 0.879883 0.021484 0.886719 0.024414 0.890625 0.027344 0.890625 0.026367 0.882812
0 0.702148 0.561523 0.700195 0.568359 0.704102 0.574219 0.706055 0.566406 0.705078 0.562500
0 0.659180 0.439453 0.662109 0.446289 0.667969 0.446289 0.664062 0.440430
0 0.380859 0.416016 0.381836 0.426758 0.384766 0.426758 0.384766 0.416992
0 0.341797 0.364258 0.336914 0.368164 0.336914 0.375000 0.342773 0.370117
0 0.312500 0.865234 0.303711 0.865234 0.298828 0.870117 0.306641 0.871094
0 0.208008 0.167969 0.209961 0.175781 0.214844 0.178711 0.212891 0.168945
0 0.266602 0.383789 0.268555 0.390625 0.271484 0.392578 0.273438 0.390625 0.272461 0.386719
0 0.155273 0.583008 0.156250 0.589844 0.162109 0.591797 0.160156 0.584961
0 0.944336 0.763672 0.939453 0.767578 0.940430 0.774414 0.944336 0.772461
0 0.165039 0.560547 0.161133 0.562500 0.160156 0.570312 0.163086 0.570312 0.165039 0.567383
0 0.450195 0.184570 0.452148 0.192383 0.455078 0.193359 0.455078 0.187500
0 0.855469 0.061523 0.852539 0.061523 0.850586 0.064453 0.849609 0.073242 0.852539 0.073242 0.854492 0.070312
0 0.959961 0.545898 0.958984 0.550781 0.962891 0.556641 0.964844 0.551758
0 0.382812 0.643555 0.377930 0.644531 0.376953 0.650391 0.381836 0.647461
0 0.547852 0.202148 0.551758 0.207031 0.558594 0.206055 0.556641 0.202148
0 0.758789 0.227539 0.755859 0.231445 0.756836 0.238281 0.760742 0.234375
0 0.056641 0.166992 0.052734 0.169922 0.053711 0.176758 0.058594 0.171875
0 0.372070 0.145508 0.368164 0.145508 0.364258 0.149414 0.364258 0.155273 0.369141 0.153320
0 0.119141 0.182617 0.122070 0.191406 0.128906 0.193359 0.127930 0.187500
0 0.929688 0.981445 0.928711 0.989258 0.931641 0.991211 0.933594 0.983398
0 0.018555 0.812500 0.013672 0.815430 0.013672 0.824219 0.018555 0.819336
0 0.419922 0.972656 0.418945 0.980469 0.423828 0.987305 0.425781 0.980469 0.421875 0.972656
0 0.662109 0.288086 0.657227 0.290039 0.656250 0.297852 0.661133 0.294922
0 0.644531 0.919922 0.639648 0.922852 0.637695 0.930664 0.640625 0.930664 0.645508 0.924805
0 0.468750 0.586914 0.466797 0.584961 0.460938 0.585938 0.458008 0.590820 0.464844 0.590820
0 0.066406 0.334961 0.066406 0.339844 0.072266 0.343750 0.070312 0.335938
0 0.704102 0.776367 0.704102 0.782227 0.708984 0.786133 0.708984 0.780273
0 0.847656 0.533203 0.842773 0.538086 0.843750 0.543945 0.847656 0.540039
0 0.669922 0.515625 0.666992 0.514648 0.661133 0.517578 0.659180 0.522461 0.666016 0.522461
0 0.074219 0.165039 0.076172 0.167969 0.081055 0.168945 0.086914 0.166016 0.083984 0.163086