0 0.028320 0.165039 0.025391 0.165039 0.023438 0.167969 0.025391 0.176758 0.028320 0.171875
0 0.357422 0.564453 0.360352 0.568359 0.368164 0.568359 0.363281 0.563477
0 0.708008 0.872070 0.704102 0.872070 0.702148 0.875977 0.703125 0.881836 0.707031 0.878906
0 0.457031 0.296875 0.456055 0.301758 0.462891 0.304688 0.460938 0.298828
0 0.064453 0.092773 0.065430 0.096680 0.075195 0.094727 0.072266 0.091797
0 0.722656 0.952148 0.723633 0.959961 0.728516 0.961914 0.726562 0.954102
0 0.836914 0.040039 0.830078 0.041016 0.826172 0.044922 0.825195 0.049805 0.833008 0.047852
0 0.539062 0.333008 0.534180 0.335938 0.532227 0.346680 0.539062 0.341797
0 0.166992 0.919922 0.170898 0.925781 0.174805 0.926758 0.173828 0.921875
0 0.969727 0.193359 0.970703 0.199219 0.977539 0.203125 0.976562 0.196289
0 0.549805 0.785156 0.548828 0.790039 0.552734 0.794922 0.553711 0.788086
0 0.411133 0.405273 0.407227 0.406250 0.406250 0.412109 0.408203 0.415039 0.412109 0.409180
0 0.052734 0.897461 0.047852 0.896484 0.041016 0.901367 0.050781 0.901367
0 0.948242 0.821289 0.948242 0.829102 0.955078 0.833008 0.954102 0.824219
0 0.209961 0.684570 0.211914 0.690430 0.218750 0.693359 0.218750 0.689453 0.214844 0.685547
0 0.281250 0.610352 0.280273 0.617188 0.284180 0.620117 0.285156 0.615234
0 0.457031 0.559570 0.450195 0.560547 0.448242 0.564453 0.455078 0.563477
0 0.040039 0.265625 0.031250 0.270508 0.031250 0.276367 0.039062 0.271484
0 0.168945 0.249023 0.176758 0.251953 0.179688 0.250977 0.180664 0.246094 0.174805 0.245117
0 0.379883 0.567383 0.383789 0.571289 0.390625 0.570312 0.388672 0.566406
0 0.819336 0.140625 0.815430 0.139648 0.810547 0.141602 0.810547 0.143555 0.816406 0.144531
0 0.903320 0.519531 0.902344 0.524414 0.907227 0.530273 0.907227 0.521484
0 0.216797 0.952148 0.218750 0.955078 0.227539 0.954102 0.226562 0.950195
0 0.647461 0.474609 0.642578 0.473633 0.636719 0.479492 0.643555 0.479492
0 0.977539 0.295898 0.975586 0.298828 0.982422 0.305664 0.983398 0.301758
0 0.054688 0.963867 0.047852 0.964844 0.044922 0.970703 0.052734 0.968750
0 0.689453 0.666016 0.689453 0.668945 0.692383 0.669922 0.700195 0.668945 0.697266 0.665039
0 0.475586 0.444336 0.474609 0.449219 0.477539 0.455078 0.480469 0.450195 0.478516 0.445312
0 0.892578 0.495117 0.892578 0.501953 0.897461 0.504883 0.896484 0.498047
0 0.358398 0.759766 0.350586 0.761719 0.347656 0.765625 0.349609 0.767578 0.356445 0.765625
0 0.719727 0.276367 0.710938 0.277344 0.708984 0.282227 0.714844 0.282227
0 0.927734 0.308594 0.926758 0.314453 0.931641 0.320312 0.931641 0.311523
0 0.312500 0.914062 0.311523 0.923828 0.314453 0.925781 0.317383 0.918945 0.315430 0.914062
0 0.906250 0.286133 0.902344 0.289062 0.903320 0.297852 0.907227 0.292969
0 0.534180 0.389648 0.530273 0.395508 0.532227 0.402344 0.536133 0.395508
0 0.950195 0.137695 0.950195 0.145508 0.956055 0.148438 0.955078 0.141602
0 0.534180 0.094727 0.530273 0.097656 0.531250 0.107422 0.535156 0.103516
0 0.259766 0.321289 0.255859 0.322266 0.254883 0.329102 0.259766 0.325195
0 0.084961 0.603516 0.077148 0.605469 0.076172 0.609375 0.082031 0.608398
0 0.374023 0.818359 0.371094 0.823242 0.373047 0.829102 0.375977 0.830078 0.376953 0.821289
0 0.168945 0.391602 0.166016 0.395508 0.166016 0.402344 0.170898 0.400391
0 0.523438 0.150391 0.518555 0.150391 0.515625 0.157227 0.521484 0.155273
0 0.293945 0.097656 0.290039 0.098633 0.287109 0.104492 0.291992 0.102539
0 0.236328 0.826172 0.231445 0.824219 0.224609 0.830078 0.229492 0.831055
0 0.063477 0.536133 0.065430 0.541992 0.071289 0.544922 0.071289 0.540039
0 0.872070 0.679688 0.869141 0.684570 0.871094 0.690430 0.874023 0.688477
0 0.823242 0.352539 0.817383 0.356445 0.816406 0.363281 0.822266 0.360352
0 0.137695 0.488281 0.137695 0.495117 0.141602 0.498047 0.141602 0.489258
0 0.165039 0.240234 0.160156 0.239258 0.154297 0.247070 0.163086 0.245117
0 0.054688 0.270508 0.049805 0.270508 0.045898 0.275391 0.052734 0.275391
0 0.387695 0.664062 0.378906 0.665039 0.376953 0.669922 0.382812 0.669922
0 0.052734 0.917969 0.047852 0.916992 0.043945 0.918945 0.043945 0.921875 0.049805 0.921875
0 0.352539 0.958984 0.352539 0.967773 0.356445 0.969727 0.357422 0.962891
0 0.402344 0.371094 0.406250 0.375000 0.413086 0.375000 0.410156 0.370117