0 0.640625 0.468750 0.644531 0.472656 0.651367 0.472656 0.651367 0.469727 0.648438 0.467773
0 0.049805 0.197266 0.049805 0.200195 0.059570 0.199219 0.059570 0.196289
0 0.842773 0.534180 0.842773 0.540039 0.848633 0.542969 0.847656 0.537109
0 0.603516 0.374023 0.603516 0.379883 0.608398 0.382812 0.607422 0.375977
0 0.307617 0.616211 0.310547 0.619141 0.318359 0.617188 0.315430 0.614258
0 0.580078 0.191406 0.580078 0.196289 0.586914 0.199219 0.585938 0.194336
0 0.966797 0.296875 0.967773 0.300781 0.974609 0.302734 0.972656 0.297852
0 0.658203 0.520508 0.658203 0.528320 0.663086 0.533203 0.664062 0.526367
0 0.245117 0.252930 0.247070 0.255859 0.253906 0.256836 0.251953 0.252930
0 0.511719 0.748047 0.512695 0.754883 0.516602 0.757812 0.517578 0.751953
0 0.715820 0.529297 0.711914 0.531250 0.711914 0.539062 0.715820 0.536133
0 0.185547 0.935547 0.186523 0.943359 0.191406 0.945312 0.191406 0.939453
0 0.976562 0.824219 0.970703 0.823242 0.965820 0.826172 0.965820 0.829102 0.975586 0.829102
0 0.675781 0.611328 0.668945 0.614258 0.666992 0.623047 0.673828 0.620117 0.676758 0.614258
0 0.539062 0.828125 0.533203 0.828125 0.529297 0.834961 0.537109 0.833008
0 0.389648 0.725586 0.383789 0.725586 0.380859 0.730469 0.388672 0.728516
0 0.575195 0.900391 0.575195 0.905273 0.584961 0.911133 0.584961 0.906250 0.580078 0.901367
0 0.258789 0.496094 0.254883 0.500000 0.255859 0.505859 0.257812 0.505859 0.259766 0.500977
0 0.965820 0.919922 0.967773 0.924805 0.973633 0.926758 0.971680 0.920898
0 0.380859 0.515625 0.373047 0.520508 0.372070 0.526367 0.378906 0.523438
0 0.209961 0.580078 0.209961 0.586914 0.213867 0.590820 0.213867 0.581055
0 0.662109 0.823242 0.653320 0.826172 0.652344 0.831055 0.657227 0.831055 0.662109 0.826172
0 0.070312 0.304688 0.064453 0.307617 0.064453 0.313477 0.071289 0.307617
0 0.965820 0.573242 0.965820 0.576172 0.968750 0.577148 0.976562 0.576172 0.973633 0.572266
0 0.155273 0.539062 0.148438 0.541992 0.147461 0.548828 0.155273 0.543945
0 0.350586 0.926758 0.345703 0.930664 0.345703 0.937500 0.351562 0.932617
0 0.963867 0.187500 0.960938 0.196289 0.964844 0.203125 0.966797 0.193359
0 0.373047 0.269531 0.372070 0.274414 0.375000 0.280273 0.376953 0.272461
0 0.394531 0.399414 0.403320 0.398438 0.405273 0.393555 0.396484 0.394531
0 0.329102 0.568359 0.325195 0.569336 0.324219 0.578125 0.328125 0.576172
0 0.404297 0.116211 0.399414 0.117188 0.395508 0.123047 0.401367 0.123047 0.404297 0.120117
0 0.500000 0.862305 0.494141 0.863281 0.492188 0.869141 0.496094 0.868164
0 0.051758 0.130859 0.051758 0.133789 0.056641 0.134766 0.063477 0.132812 0.060547 0.128906
0 0.861328 0.651367 0.857422 0.652344 0.855469 0.659180 0.860352 0.657227
0 0.337891 0.127930 0.336914 0.134766 0.339844 0.137695 0.341797 0.129883
0 0.307617 0.141602 0.311523 0.143555 0.319336 0.139648 0.308594 0.138672
0 0.613281 0.797852 0.610352 0.798828 0.609375 0.803711 0.612305 0.809570 0.614258 0.805664
0 0.417969 0.657227 0.414062 0.661133 0.414062 0.667969 0.416992 0.667969 0.418945 0.664062
0 0.152344 0.592773 0.157227 0.592773 0.160156 0.588867 0.154297 0.588867
0 0.698242 0.658203 0.706055 0.658203 0.708008 0.654297 0.700195 0.654297
0 0.042969 0.921875 0.036133 0.921875 0.033203 0.924805 0.041016 0.925781
0 0.863281 0.733398 0.857422 0.735352 0.855469 0.739258 0.862305 0.738281
0 0.650391 0.695312 0.641602 0.701172 0.642578 0.705078 0.650391 0.701172