0 0.613281 0.259766 0.620117 0.259766 0.624023 0.256836 0.624023 0.253906 0.617188 0.253906
0 0.374023 0.297852 0.367188 0.298828 0.361328 0.307617 0.367188 0.307617 0.372070 0.304688
0 0.037109 0.670898 0.039062 0.673828 0.045898 0.673828 0.045898 0.670898
0 0.266602 0.635742 0.258789 0.635742 0.255859 0.637695 0.255859 0.640625 0.262695 0.640625
0 0.470703 0.037109 0.474609 0.040039 0.483398 0.039062 0.483398 0.036133 0.479492 0.034180 0.471680 0.035156
0 0.284180 0.949219 0.279297 0.948242 0.274414 0.953125 0.280273 0.953125
0 0.173828 0.453125 0.167969 0.451172 0.163086 0.456055 0.170898 0.456055
0 0.201172 0.002930 0.200195 0.009766 0.203125 0.010742 0.204102 0.004883
0 0.697266 0.916992 0.692383 0.916992 0.687500 0.920898 0.690430 0.922852 0.697266 0.919922
0 0.794922 0.034180 0.793945 0.042969 0.796875 0.044922 0.798828 0.037109 0.797852 0.034180
0 0.173828 0.657227 0.177734 0.662109 0.183594 0.663086 0.181641 0.658203
0 0.195312 0.047852 0.198242 0.053711 0.203125 0.054688 0.199219 0.047852
0 0.358398 0.911133 0.357422 0.918945 0.360352 0.920898 0.362305 0.912109
0 0.030273 0.658203 0.025391 0.656250 0.018555 0.662109 0.023438 0.663086
0 0.666992 0.221680 0.666992 0.229492 0.671875 0.231445 0.671875 0.226562
0 0.477539 0.571289 0.469727 0.572266 0.467773 0.577148 0.476562 0.575195
0 0.430664 0.263672 0.425781 0.268555 0.426758 0.276367 0.430664 0.276367 0.432617 0.271484
0 0.266602 0.663086 0.272461 0.664062 0.277344 0.662109 0.278320 0.659180 0.270508 0.658203
0 0.447266 0.225586 0.442383 0.223633 0.437500 0.224609 0.436523 0.227539 0.442383 0.229492 0.446289 0.228516
0 0.083008 0.068359 0.083008 0.074219 0.087891 0.078125 0.087891 0.069336
0 0.929688 0.430664 0.922852 0.430664 0.918945 0.436523 0.927734 0.435547
0 0.538086 0.203125 0.541992 0.207031 0.548828 0.207031 0.548828 0.204102 0.544922 0.202148
0 0.435547 0.333984 0.430664 0.339844 0.432617 0.347656 0.437500 0.341797
0 0.552734 0.073242 0.552734 0.077148 0.555664 0.080078 0.561523 0.081055 0.557617 0.074219
0 0.319336 0.755859 0.314453 0.758789 0.314453 0.769531 0.320312 0.763672
0 0.616211 0.320312 0.617188 0.326172 0.622070 0.329102 0.622070 0.323242
0 0.712891 0.226562 0.707031 0.226562 0.703125 0.231445 0.709961 0.231445
0 0.178711 0.842773 0.180664 0.849609 0.185547 0.850586 0.185547 0.846680
0 0.579102 0.337891 0.580078 0.343750 0.585938 0.346680 0.583984 0.338867
0 0.625977 0.607422 0.626953 0.613281 0.632812 0.617188 0.631836 0.609375
0 0.249023 0.416992 0.246094 0.416992 0.244141 0.419922 0.245117 0.428711 0.250000 0.423828
0 0.579102 0.280273 0.575195 0.282227 0.574219 0.287109 0.579102 0.285156
0 0.591797 0.396484 0.593750 0.401367 0.602539 0.403320 0.599609 0.397461
0 0.818359 0.628906 0.813477 0.630859 0.810547 0.635742 0.811523 0.637695 0.817383 0.634766
0 0.025391 0.730469 0.022461 0.729492 0.016602 0.732422 0.014648 0.738281 0.024414 0.735352
0 0.718750 0.523438 0.713867 0.524414 0.709961 0.531250 0.715820 0.530273
0 0.026367 0.272461 0.028320 0.278320 0.033203 0.282227 0.033203 0.275391 0.030273 0.272461
0 0.748047 0.736328 0.743164 0.741211 0.744141 0.749023 0.749023 0.745117
0 0.121094 0.198242 0.116211 0.197266 0.111328 0.202148 0.119141 0.201172
0 0.303711 0.824219 0.304688 0.831055 0.313477 0.835938 0.314453 0.833008 0.311523 0.827148
0 0.642578 0.326172 0.638672 0.324219 0.631836 0.327148 0.630859 0.330078 0.635742 0.331055
0 0.250977 0.835938 0.252930 0.839844 0.262695 0.838867 0.256836 0.834961
0 0.854492 0.227539 0.856445 0.233398 0.861328 0.235352 0.860352 0.229492
0 0.876953 0.251953 0.876953 0.254883 0.879883 0.255859 0.887695 0.254883 0.885742 0.250977
0 0.875000 0.145508 0.870117 0.148438 0.869141 0.155273 0.874023 0.152344
0 0.110352 0.282227 0.114258 0.288086 0.119141 0.287109 0.117188 0.283203
0 0.496094 0.409180 0.497070 0.416992 0.501953 0.418945 0.500000 0.409180
0 0.781250 0.228516 0.775391 0.228516 0.769531 0.233398 0.776367 0.234375 0.781250 0.231445
0 0.687500 0.760742 0.687500 0.768555 0.691406 0.773438 0.692383 0.764648
0 0.704102 0.337891 0.708008 0.343750 0.713867 0.343750 0.711914 0.338867
0 0.307617 0.483398 0.303711 0.486328 0.304688 0.494141 0.306641 0.494141 0.308594 0.488281
0 0.716797 0.782227 0.717773 0.789062 0.725586 0.792969 0.722656 0.784180
0 0.670898 0.163086 0.664062 0.164062 0.662109 0.167969 0.668945 0.167969
0 0.766602 0.579102 0.759766 0.580078 0.756836 0.585938 0.763672 0.584961
0 0.240234 0.791992 0.236328 0.793945 0.236328 0.803711 0.240234 0.800781
0 0.190430 0.774414 0.196289 0.781250 0.202148 0.781250 0.201172 0.776367 0.194336 0.773438
0 0.855469 0.862305 0.848633 0.866211 0.848633 0.871094 0.853516 0.870117
0 0.843750 0.310547 0.846680 0.317383 0.852539 0.319336 0.851562 0.314453
0 0.192383 0.425781 0.190430 0.424805 0.185547 0.428711 0.183594 0.437500 0.187500 0.437500 0.190430 0.434570
0 0.104492 0.360352 0.099609 0.363281 0.098633 0.370117 0.102539 0.369141
0 0.338867 0.433594 0.341797 0.441406 0.349609 0.442383 0.344727 0.434570
0 0.674805 0.812500 0.676758 0.816406 0.685547 0.815430 0.681641 0.811523
0 0.236328 0.083008 0.236328 0.088867 0.241211 0.093750 0.240234 0.084961
0 0.472656 0.552734 0.465820 0.554688 0.464844 0.559570 0.469727 0.558594