0 0.339844 0.752930 0.335938 0.754883 0.335938 0.764648 0.339844 0.760742
0 0.095703 0.654297 0.089844 0.654297 0.084961 0.659180 0.091797 0.660156 0.095703 0.657227
0 0.337891 0.735352 0.340820 0.741211 0.349609 0.743164 0.348633 0.738281
0 0.814453 0.674805 0.809570 0.675781 0.807617 0.683594 0.814453 0.678711
0 0.211914 0.701172 0.213867 0.704102 0.221680 0.703125 0.221680 0.700195
0 0.081055 0.899414 0.076172 0.902344 0.075195 0.908203 0.082031 0.904297
0 0.632812 0.632812 0.627930 0.631836 0.620117 0.636719 0.626953 0.638672 0.631836 0.636719
0 0.816406 0.973633 0.812500 0.972656 0.809570 0.974609 0.805664 0.981445 0.814453 0.979492
0 0.171875 0.859375 0.174805 0.865234 0.180664 0.865234 0.177734 0.860352
0 0.812500 0.119141 0.806641 0.119141 0.801758 0.124023 0.809570 0.124023 0.812500 0.122070
0 0.356445 0.980469 0.356445 0.989258 0.361328 0.993164 0.361328 0.983398
0 0.199219 0.719727 0.196289 0.719727 0.195312 0.722656 0.196289 0.729492 0.199219 0.726562
0 0.662109 0.912109 0.664062 0.917969 0.668945 0.918945 0.667969 0.914062
0 0.454102 0.199219 0.450195 0.199219 0.445312 0.207031 0.451172 0.206055
0 0.157227 0.935547 0.150391 0.935547 0.146484 0.939453 0.152344 0.940430
0 0.135742 0.006836 0.128906 0.011719 0.127930 0.016602 0.136719 0.011719
0 0.161133 0.826172 0.157227 0.827148 0.156250 0.835938 0.160156 0.833008
0 0.842773 0.823242 0.837891 0.825195 0.837891 0.833008 0.842773 0.828125
0 0.450195 0.082031 0.449219 0.090820 0.453125 0.094727 0.454102 0.083984
0 0.346680 0.925781 0.346680 0.933594 0.351562 0.938477 0.352539 0.930664
0 0.975586 0.244141 0.976562 0.250000 0.984375 0.253906 0.982422 0.247070
0 0.532227 0.926758 0.527344 0.925781 0.522461 0.930664 0.530273 0.929688
0 0.612305 0.855469 0.610352 0.857422 0.611328 0.866211 0.615234 0.860352
0 0.577148 0.790039 0.581055 0.796875 0.585938 0.796875 0.583984 0.791016
0 0.111328 0.619141 0.107422 0.624023 0.110352 0.633789 0.113281 0.627930
0 0.856445 0.880859 0.856445 0.886719 0.859375 0.889648 0.860352 0.881836
0 0.146484 0.073242 0.148438 0.079102 0.154297 0.082031 0.158203 0.081055 0.154297 0.075195
0 0.936523 0.182617 0.932617 0.185547 0.932617 0.192383 0.936523 0.188477
0 0.891602 0.192383 0.897461 0.192383 0.900391 0.187500 0.894531 0.187500
0 0.666992 0.652344 0.666992 0.655273 0.675781 0.657227 0.674805 0.653320
0 0.039062 0.771484 0.034180 0.774414 0.034180 0.780273 0.038086 0.778320
0 0.377930 0.492188 0.385742 0.492188 0.387695 0.487305 0.381836 0.487305
0 0.065430 0.812500 0.059570 0.815430 0.059570 0.822266 0.064453 0.819336
0 0.562500 0.125000 0.554688 0.126953 0.553711 0.131836 0.559570 0.130859
0 0.023438 0.905273 0.019531 0.907227 0.018555 0.912109 0.022461 0.911133
0 0.633789 0.460938 0.640625 0.460938 0.642578 0.456055 0.636719 0.456055
0 0.553711 0.605469 0.555664 0.608398 0.563477 0.609375 0.561523 0.604492
0 0.198242 0.848633 0.199219 0.851562 0.205078 0.852539 0.209961 0.849609 0.208984 0.846680
0 0.680664 0.381836 0.675781 0.383789 0.673828 0.391602 0.678711 0.390625 0.681641 0.384766
0 0.623047 0.784180 0.627930 0.784180 0.631836 0.780273 0.625977 0.779297 0.623047 0.781250
0 0.103516 0.685547 0.099609 0.689453 0.099609 0.694336 0.103516 0.693359
0 0.533203 0.705078 0.534180 0.711914 0.541992 0.714844 0.540039 0.708008
0 0.841797 0.055664 0.841797 0.059570 0.850586 0.064453 0.849609 0.059570
0 0.923828 0.938477 0.922852 0.947266 0.926758 0.950195 0.928711 0.940430
0 0.040039 0.934570 0.036133 0.935547 0.034180 0.941406 0.039062 0.939453
0 0.365234 0.366211 0.373047 0.367188 0.375000 0.363281 0.368164 0.363281
0 0.519531 0.259766 0.518555 0.264648 0.520508 0.268555 0.525391 0.270508 0.523438 0.260742
0 0.686523 0.162109 0.682617 0.162109 0.678711 0.166016 0.677734 0.173828 0.683594 0.170898
0 0.875977 0.295898 0.877930 0.298828 0.885742 0.298828 0.881836 0.294922
0 0.724609 0.914062 0.715820 0.916992 0.713867 0.924805 0.721680 0.921875
0 0.197266 0.009766 0.190430 0.013672 0.189453 0.018555 0.193359 0.018555 0.196289 0.015625
0 0.721680 0.445312 0.713867 0.446289 0.711914 0.451172 0.717773 0.451172
0 0.043945 0.368164 0.040039 0.371094 0.041016 0.376953 0.043945 0.375977
0 0.597656 0.693359 0.599609 0.696289 0.607422 0.696289 0.605469 0.692383
0 0.441406 0.629883 0.442383 0.636719 0.449219 0.639648 0.447266 0.632812
0 0.542969 0.534180 0.537109 0.536133 0.535156 0.542969 0.541992 0.540039
0 0.321289 0.928711 0.323242 0.936523 0.327148 0.937500 0.326172 0.930664
0 0.817383 0.300781 0.813477 0.301758 0.814453 0.311523 0.817383 0.308594
0 0.716797 0.107422 0.713867 0.117188 0.717773 0.122070 0.719727 0.115234
0 0.109375 0.430664 0.110352 0.433594 0.118164 0.432617 0.118164 0.429688
0 0.580078 0.485352 0.586914 0.486328 0.590820 0.482422 0.583008 0.481445
0 0.896484 0.493164 0.897461 0.500000 0.903320 0.501953 0.901367 0.495117
0 0.416992 0.863281 0.411133 0.864258 0.407227 0.870117 0.414062 0.869141
0 0.885742 0.868164 0.886719 0.872070 0.895508 0.872070 0.893555 0.868164
0 0.580078 0.030273 0.579102 0.038086 0.580078 0.041016 0.583008 0.041016 0.583984 0.034180
0 0.358398 0.323242 0.360352 0.327148 0.368164 0.328125 0.365234 0.323242
0 0.807617 0.524414 0.802734 0.528320 0.804688 0.533203 0.807617 0.530273
0 0.281250 0.798828 0.285156 0.805664 0.291016 0.804688 0.289062 0.799805
0 0.748047 0.637695 0.754883 0.638672 0.759766 0.633789 0.752930 0.632812