0 0.707031 0.702148 0.702148 0.707031 0.702148 0.713867 0.707031 0.709961
0 0.360352 0.583984 0.369141 0.584961 0.375000 0.579102 0.365234 0.578125 0.360352 0.581055
0 0.781250 0.396484 0.786133 0.401367 0.792969 0.401367 0.792969 0.398438 0.789062 0.395508
0 0.431641 0.175781 0.427734 0.177734 0.427734 0.186523 0.431641 0.183594
0 0.719727 0.670898 0.719727 0.678711 0.722656 0.681641 0.726562 0.681641 0.724609 0.673828
0 0.623047 0.872070 0.618164 0.872070 0.614258 0.880859 0.620117 0.878906
0 0.626953 0.982422 0.622070 0.984375 0.620117 0.992188 0.625000 0.991211 0.627930 0.985352
0 0.907227 0.143555 0.903320 0.146484 0.904297 0.155273 0.908203 0.151367
0 0.620117 0.074219 0.621094 0.079102 0.627930 0.082031 0.627930 0.078125
0 0.794922 0.856445 0.793945 0.861328 0.796875 0.866211 0.797852 0.858398
0 0.239258 0.185547 0.239258 0.190430 0.247070 0.194336 0.246094 0.189453
0 0.644531 0.905273 0.643555 0.916016 0.646484 0.916992 0.648438 0.911133 0.647461 0.906250
0 0.321289 0.841797 0.324219 0.845703 0.331055 0.844727 0.328125 0.841797
0 0.482422 0.726562 0.480469 0.734375 0.484375 0.736328 0.485352 0.728516
0 0.383789 0.033203 0.382812 0.039062 0.385742 0.043945 0.388672 0.043945 0.389648 0.037109 0.386719 0.033203
0 0.073242 0.884766 0.069336 0.881836 0.063477 0.883789 0.062500 0.886719 0.066406 0.887695
0 0.946289 0.050781 0.938477 0.053711 0.935547 0.059570 0.937500 0.061523 0.942383 0.059570 0.946289 0.054688
0 0.550781 0.007812 0.543945 0.009766 0.541016 0.017578 0.546875 0.015625
0 0.286133 0.499023 0.290039 0.503906 0.295898 0.502930 0.292969 0.499023
0 0.155273 0.069336 0.147461 0.067383 0.139648 0.072266 0.149414 0.074219
0 0.591797 0.794922 0.593750 0.802734 0.597656 0.804688 0.596680 0.796875
0 0.972656 0.473633 0.975586 0.477539 0.985352 0.475586 0.980469 0.471680
0 0.050781 0.316406 0.045898 0.316406 0.042969 0.324219 0.048828 0.322266
0 0.530273 0.655273 0.537109 0.655273 0.540039 0.651367 0.532227 0.651367
0 0.689453 0.182617 0.687500 0.190430 0.691406 0.192383 0.692383 0.183594
0 0.564453 0.170898 0.566406 0.173828 0.573242 0.173828 0.570312 0.169922
0 0.188477 0.566406 0.184570 0.570312 0.184570 0.577148 0.187500 0.577148 0.189453 0.573242
0 0.446289 0.443359 0.445312 0.453125 0.448242 0.455078 0.450195 0.446289 0.449219 0.443359
0 0.115234 0.245117 0.109375 0.245117 0.103516 0.251953 0.112305 0.250977
0 0.578125 0.166016 0.583008 0.166016 0.586914 0.161133 0.581055 0.161133 0.578125 0.163086
0 0.008789 0.936523 0.008789 0.946289 0.012695 0.948242 0.012695 0.938477
0 0.324219 0.065430 0.324219 0.068359 0.327148 0.070312 0.333008 0.069336 0.329102 0.065430
0 0.722656 0.586914 0.725586 0.593750 0.731445 0.594727 0.728516 0.588867
0 0.305664 0.692383 0.308594 0.696289 0.318359 0.694336 0.318359 0.692383 0.313477 0.690430
0 0.840820 0.018555 0.836914 0.019531 0.835938 0.026367 0.840820 0.022461
0 0.100586 0.329102 0.105469 0.333984 0.112305 0.332031 0.109375 0.328125
0 0.457031 0.152344 0.450195 0.156250 0.449219 0.162109 0.456055 0.159180
0 0.158203 0.760742 0.154297 0.762695 0.155273 0.770508
0 0.041992 0.911133 0.043945 0.914062 0.051758 0.913086 0.050781 0.910156
0 0.493164 0.081055 0.500000 0.081055 0.503906 0.076172 0.497070 0.076172
0 0.120117 0.344727 0.126953 0.345703 0.129883 0.341797 0.124023 0.340820
0 0.242188 0.588867 0.242188 0.591797 0.251953 0.593750 0.254883 0.590820 0.252930 0.586914
0 0.848633 0.150391 0.848633 0.160156 0.852539 0.162109 0.852539 0.153320
0 0.399414 0.807617 0.397461 0.810547 0.398438 0.815430 0.403320 0.821289 0.404297 0.811523