0 0.390625 0.767578 0.392578 0.772461 0.401367 0.773438 0.400391 0.769531
0 0.703125 0.304688 0.705078 0.311523 0.709961 0.312500 0.708984 0.307617
0 0.595703 0.959961 0.597656 0.964844 0.604492 0.965820 0.600586 0.959961
0 0.386719 0.969727 0.382812 0.968750 0.377930 0.972656 0.385742 0.972656
0 0.072266 0.351562 0.067383 0.350586 0.062500 0.356445 0.070312 0.355469
0 0.111328 0.611328 0.113281 0.618164 0.119141 0.620117 0.117188 0.613281
0 0.581055 0.040039 0.577148 0.040039 0.572266 0.046875 0.579102 0.045898
0 0.644531 0.355469 0.643555 0.363281 0.647461 0.366211 0.648438 0.359375
0 0.420898 0.410156 0.423828 0.413086 0.430664 0.411133 0.428711 0.408203
0 0.986328 0.234375 0.980469 0.235352 0.978516 0.240234 0.984375 0.239258
0 0.588867 0.125977 0.590820 0.129883 0.598633 0.130859 0.594727 0.125977
0 0.306641 0.100586 0.310547 0.105469 0.317383 0.105469 0.311523 0.099609
0 0.476562 0.361328 0.479492 0.365234 0.487305 0.366211 0.482422 0.360352
0 0.003906 0.820312 0.006836 0.824219 0.013672 0.824219 0.011719 0.820312
0 0.246094 0.778320 0.250000 0.782227 0.256836 0.781250 0.253906 0.777344
0 0.786133 0.677734 0.781250 0.678711 0.777344 0.684570 0.783203 0.684570
0 0.445312 0.620117 0.449219 0.625000 0.456055 0.625000 0.456055 0.622070 0.453125 0.620117
0 0.803711 0.771484 0.803711 0.779297 0.807617 0.781250 0.807617 0.775391
0 0.980469 0.210938 0.975586 0.214844 0.976562 0.221680 0.981445 0.216797
0 0.888672 0.774414 0.883789 0.776367 0.882812 0.784180 0.887695 0.781250
0 0.948242 0.914062 0.942383 0.916992 0.941406 0.921875 0.947266 0.919922
0 0.817383 0.928711 0.810547 0.932617 0.810547 0.940430 0.816406 0.937500
0 0.666992 0.826172 0.668945 0.834961 0.671875 0.834961 0.670898 0.827148
0 0.298828 0.919922 0.296875 0.927734 0.297852 0.930664 0.300781 0.930664 0.302734 0.922852
0 0.284180 0.625977 0.279297 0.630859 0.279297 0.639648 0.282227 0.639648 0.284180 0.636719
0 0.207031 0.503906 0.213867 0.505859 0.218750 0.501953 0.210938 0.500000
0 0.767578 0.153320 0.771484 0.158203 0.778320 0.158203 0.772461 0.152344
0 0.083984 0.449219 0.086914 0.457031 0.091797 0.458984 0.090820 0.453125
0 0.896484 0.086914 0.891602 0.091797 0.891602 0.094727 0.896484 0.092773
0 0.867188 0.650391 0.872070 0.654297 0.877930 0.653320 0.873047 0.649414
0 0.278320 0.070312 0.275391 0.075195 0.277344 0.081055 0.280273 0.078125
0 0.356445 0.916016 0.356445 0.922852 0.363281 0.925781 0.361328 0.918945
0 0.287109 0.391602 0.292969 0.395508 0.302734 0.393555 0.297852 0.389648
0 0.874023 0.077148 0.870117 0.078125 0.868164 0.084961 0.873047 0.083008
0 0.478516 0.733398 0.472656 0.735352 0.472656 0.745117 0.477539 0.741211
0 0.202148 0.683594 0.201172 0.689453 0.205078 0.692383 0.206055 0.688477 0.204102 0.683594
0 0.258789 0.329102 0.252930 0.329102 0.250000 0.333984 0.256836 0.333008
0 0.454102 0.983398 0.456055 0.987305 0.465820 0.987305 0.467773 0.985352 0.458008 0.981445
0 0.598633 0.435547 0.599609 0.443359 0.604492 0.446289 0.604492 0.439453
0 0.779297 0.440430 0.780273 0.445312 0.786133 0.448242 0.785156 0.442383
0 0.209961 0.091797 0.205078 0.093750 0.204102 0.101562 0.208984 0.098633
0 0.292969 0.251953 0.288086 0.253906 0.287109 0.263672 0.291992 0.259766
0 0.933594 0.341797 0.935547 0.346680 0.942383 0.347656 0.940430 0.342773
0 0.062500 0.847656 0.061523 0.852539 0.067383 0.858398 0.067383 0.851562 0.065430 0.847656
0 0.501953 0.140625 0.504883 0.146484 0.511719 0.148438 0.508789 0.141602
0 0.026367 0.216797 0.035156 0.216797 0.040039 0.212891 0.038086 0.210938 0.031250 0.210938 0.026367 0.213867
0 0.494141 0.742188 0.495117 0.749023 0.500000 0.752930 0.500000 0.746094
0 0.831055 0.816406 0.831055 0.824219 0.835938 0.827148 0.836914 0.822266
0 0.836914 0.577148 0.836914 0.585938 0.839844 0.588867 0.840820 0.578125
0 0.354492 0.234375 0.358398 0.239258 0.365234 0.239258 0.362305 0.234375
0 0.198242 0.946289 0.193359 0.950195 0.192383 0.955078 0.194336 0.957031 0.198242 0.952148
0 0.815430 0.357422 0.817383 0.361328 0.826172 0.361328 0.821289 0.356445
0 0.627930 0.152344 0.622070 0.151367 0.618164 0.157227 0.625000 0.156250
0 0.940430 0.747070 0.943359 0.753906 0.948242 0.755859 0.947266 0.750000