0 0.362305 0.248047 0.357422 0.250000 0.355469 0.256836 0.361328 0.253906
0 0.134766 0.209961 0.134766 0.212891 0.138672 0.214844 0.145508 0.213867 0.144531 0.209961
0 0.152344 0.891602 0.155273 0.897461 0.162109 0.899414 0.158203 0.892578
0 0.575195 0.290039 0.567383 0.293945 0.564453 0.301758 0.570312 0.300781 0.575195 0.295898
0 0.760742 0.746094 0.763672 0.750000 0.770508 0.750977 0.767578 0.746094
0 0.833008 0.069336 0.828125 0.074219 0.828125 0.081055 0.831055 0.081055 0.833984 0.077148
0 0.557617 0.172852 0.558594 0.179688 0.563477 0.182617 0.562500 0.174805
0 0.294922 0.364258 0.299805 0.372070 0.305664 0.373047 0.301758 0.365234
0 0.962891 0.304688 0.962891 0.306641 0.966797 0.307617 0.973633 0.306641 0.971680 0.303711
0 0.204102 0.758789 0.201172 0.758789 0.199219 0.763672 0.201172 0.769531 0.204102 0.766602
0 0.848633 0.041016 0.839844 0.043945 0.838867 0.048828 0.844727 0.047852
0 0.933594 0.901367 0.938477 0.908203 0.943359 0.909180 0.941406 0.903320
0 0.762695 0.448242 0.756836 0.449219 0.754883 0.455078 0.760742 0.454102
0 0.850586 0.113281 0.846680 0.116211 0.848633 0.125000 0.851562 0.120117
0 0.268555 0.480469 0.269531 0.487305 0.277344 0.490234 0.275391 0.482422
0 0.758789 0.964844 0.753906 0.967773 0.754883 0.977539 0.756836 0.977539 0.758789 0.972656
0 0.957031 0.220703 0.954102 0.221680 0.954102 0.229492 0.957031 0.227539
0 0.457031 0.827148 0.458984 0.831055 0.467773 0.833008 0.466797 0.828125
0 0.451172 0.049805 0.451172 0.054688 0.456055 0.058594 0.456055 0.052734 0.454102 0.049805
0 0.355469 0.682617 0.362305 0.687500 0.367188 0.686523 0.365234 0.682617
0 0.200195 0.850586 0.192383 0.851562 0.189453 0.857422 0.197266 0.855469
0 0.163086 0.363281 0.162109 0.372070 0.165039 0.374023 0.166992 0.365234
0 0.372070 0.004883 0.372070 0.010742 0.375977 0.015625 0.378906 0.015625 0.376953 0.006836
0 0.791016 0.411133 0.785156 0.412109 0.782227 0.417969 0.789062 0.416016
0 0.407227 0.275391 0.402344 0.277344 0.402344 0.287109 0.408203 0.282227 0.409180 0.278320
0 0.136719 0.180664 0.134766 0.189453 0.135742 0.192383 0.138672 0.192383 0.140625 0.183594
0 0.562500 0.344727 0.560547 0.348633 0.563477 0.355469 0.566406 0.356445 0.566406 0.348633
0 0.164062 0.166992 0.166992 0.169922 0.170898 0.169922 0.173828 0.166992 0.169922 0.165039
0 0.220703 0.492188 0.222656 0.500977 0.228516 0.502930 0.227539 0.496094
0 0.128906 0.161133 0.128906 0.165039 0.134766 0.168945 0.134766 0.165039
0 0.487305 0.498047 0.485352 0.506836 0.489258 0.508789 0.491211 0.501953
0 0.290039 0.791016 0.286133 0.791016 0.281250 0.798828 0.288086 0.796875
0 0.617188 0.959961 0.610352 0.961914 0.608398 0.967773 0.616211 0.964844
0 0.317383 0.292969 0.319336 0.302734 0.325195 0.303711 0.323242 0.295898
0 0.088867 0.822266 0.085938 0.822266 0.083008 0.827148 0.083984 0.833008 0.087891 0.829102
0 0.970703 0.875000 0.973633 0.877930 0.981445 0.875977 0.979492 0.873047
0 0.853516 0.657227 0.857422 0.661133 0.863281 0.660156 0.858398 0.656250
0 0.838867 0.153320 0.834961 0.155273 0.833984 0.159180 0.835938 0.166016 0.840820 0.158203
0 0.378906 0.542969 0.375977 0.542969 0.374023 0.545898 0.374023 0.553711 0.376953 0.553711 0.378906 0.549805
0 0.669922 0.914062 0.668945 0.921875 0.674805 0.927734 0.674805 0.918945
0 0.157227 0.189453 0.156250 0.198242 0.160156 0.202148 0.161133 0.191406
0 0.081055 0.277344 0.071289 0.279297 0.071289 0.283203 0.077148 0.283203 0.081055 0.280273
0 0.867188 0.075195 0.870117 0.080078 0.879883 0.080078 0.875000 0.075195
0 0.438477 0.927734 0.440430 0.931641 0.447266 0.930664 0.443359 0.926758
0 0.673828 0.933594 0.667969 0.934570 0.666016 0.940430 0.670898 0.939453
0 0.208984 0.446289 0.202148 0.443359 0.193359 0.445312 0.194336 0.448242 0.199219 0.450195 0.207031 0.449219
0 0.689453 0.510742 0.689453 0.514648 0.693359 0.519531 0.695312 0.517578 0.694336 0.512695
0 0.818359 0.277344 0.820312 0.281250 0.829102 0.282227 0.822266 0.276367
0 0.461914 0.867188 0.456055 0.868164 0.454102 0.874023 0.458008 0.874023
0 0.421875 0.785156 0.423828 0.790039 0.431641 0.790039 0.426758 0.785156
0 0.178711 0.085938 0.174805 0.088867 0.174805 0.097656 0.179688 0.093750 0.180664 0.087891
0 0.577148 0.713867 0.579102 0.716797 0.586914 0.716797 0.584961 0.712891
0 0.281250 0.805664 0.280273 0.810547 0.286133 0.818359 0.286133 0.808594
0 0.962891 0.073242 0.957031 0.076172 0.955078 0.084961 0.958984 0.084961 0.961914 0.082031
0 0.765625 0.613281 0.766602 0.620117 0.771484 0.623047 0.772461 0.617188 0.770508 0.614258
0 0.931641 0.014648 0.931641 0.022461 0.936523 0.025391 0.935547 0.016602
0 0.382812 0.833984 0.376953 0.836914 0.376953 0.841797 0.382812 0.837891