0 0.370117 0.234375 0.367188 0.234375 0.365234 0.237305 0.366211 0.245117 0.368164 0.245117
0 0.450195 0.404297 0.444336 0.407227 0.442383 0.414062 0.449219 0.410156
0 0.242188 0.936523 0.237305 0.938477 0.236328 0.948242 0.241211 0.944336
0 0.037109 0.312500 0.037109 0.315430 0.041016 0.317383 0.046875 0.316406 0.043945 0.312500
0 0.984375 0.632812 0.980469 0.635742 0.980469 0.642578 0.985352 0.638672
0 0.425781 0.340820 0.419922 0.341797 0.417969 0.346680 0.424805 0.344727
0 0.430664 0.190430 0.430664 0.196289 0.436523 0.200195 0.434570 0.191406
0 0.081055 0.781250 0.078125 0.781250 0.074219 0.786133 0.078125 0.787109
0 0.750000 0.416992 0.746094 0.416992 0.742188 0.424805 0.747070 0.422852
0 0.501953 0.761719 0.497070 0.766602 0.498047 0.775391 0.500977 0.775391 0.503906 0.769531
0 0.213867 0.956055 0.208984 0.958008 0.208008 0.964844 0.212891 0.961914
0 0.474609 0.587891 0.475586 0.593750 0.480469 0.595703 0.479492 0.587891
0 0.897461 0.744141 0.897461 0.751953 0.900391 0.754883 0.902344 0.753906 0.902344 0.747070 0.900391 0.744141
0 0.967773 0.481445 0.968750 0.487305 0.975586 0.491211 0.974609 0.484375
0 0.153320 0.779297 0.153320 0.785156 0.157227 0.788086 0.158203 0.783203 0.156250 0.779297
0 0.446289 0.181641 0.440430 0.185547 0.439453 0.191406 0.444336 0.191406
0 0.830078 0.942383 0.823242 0.943359 0.821289 0.947266 0.829102 0.946289
0 0.709961 0.743164 0.708984 0.748047 0.713867 0.752930 0.714844 0.746094
0 0.215820 0.521484 0.217773 0.526367 0.222656 0.528320 0.221680 0.524414
0 0.528320 0.961914 0.519531 0.962891 0.517578 0.967773 0.523438 0.967773
0 0.934570 0.846680 0.937500 0.849609 0.945312 0.848633 0.942383 0.844727
0 0.812500 0.301758 0.820312 0.301758 0.824219 0.296875 0.816406 0.295898 0.812500 0.298828
0 0.546875 0.288086 0.546875 0.293945 0.551758 0.297852 0.552734 0.292969 0.550781 0.289062
0 0.898438 0.362305 0.902344 0.366211 0.909180 0.366211 0.902344 0.360352
0 0.822266 0.507812 0.824219 0.511719 0.833008 0.509766 0.827148 0.506836
0 0.973633 0.196289 0.967773 0.198242 0.965820 0.208984 0.972656 0.205078
0 0.506836 0.738281 0.500977 0.737305 0.497070 0.742188 0.504883 0.742188
0 0.056641 0.943359 0.049805 0.946289 0.047852 0.952148 0.053711 0.951172
0 0.083984 0.083008 0.086914 0.085938 0.093750 0.085938 0.095703 0.083984 0.091797 0.081055
0 0.625000 0.943359 0.625977 0.948242 0.631836 0.950195 0.631836 0.946289
0 0.099609 0.959961 0.094727 0.958008 0.089844 0.959961 0.089844 0.961914 0.096680 0.962891
0 0.250000 0.703125 0.240234 0.704102 0.239258 0.708984 0.247070 0.708008
0 0.260742 0.923828 0.260742 0.932617 0.265625 0.936523 0.265625 0.928711
0 0.615234 0.515625 0.614258 0.520508 0.620117 0.526367 0.620117 0.518555 0.618164 0.515625
0 0.855469 0.614258 0.864258 0.613281 0.866211 0.610352 0.858398 0.609375 0.855469 0.611328
0 0.208008 0.190430 0.210938 0.194336 0.216797 0.192383 0.215820 0.189453
0 0.152344 0.092773 0.152344 0.098633 0.155273 0.101562 0.156250 0.093750
0 0.520508 0.375977 0.516602 0.375977 0.511719 0.379883 0.516602 0.380859 0.520508 0.378906
0 0.851562 0.027344 0.851562 0.035156 0.853516 0.038086 0.856445 0.038086 0.857422 0.034180
0 0.450195 0.143555 0.455078 0.149414 0.461914 0.150391 0.458984 0.144531 0.455078 0.142578
0 0.417969 0.806641 0.410156 0.809570 0.408203 0.817383 0.416992 0.812500
0 0.287109 0.177734 0.287109 0.185547 0.290039 0.187500 0.291992 0.182617
0 0.554688 0.247070 0.559570 0.250977 0.565430 0.250000 0.561523 0.246094
0 0.702148 0.875000 0.693359 0.875000 0.688477 0.879883 0.696289 0.880859
0 0.662109 0.703125 0.663086 0.708984 0.668945 0.711914 0.667969 0.706055
0 0.080078 0.843750 0.078125 0.846680 0.079102 0.852539 0.083008 0.856445 0.083984 0.845703
0 0.478516 0.039062 0.477539 0.045898 0.482422 0.049805 0.482422 0.042969
0 0.618164 0.097656 0.612305 0.100586 0.611328 0.108398 0.617188 0.104492
0 0.119141 0.576172 0.113281 0.579102 0.111328 0.584961 0.117188 0.583984
0 0.128906 0.267578 0.129883 0.270508 0.137695 0.269531 0.134766 0.266602
0 0.616211 0.401367 0.611328 0.403320 0.610352 0.411133 0.615234 0.408203
0 0.026367 0.384766 0.025391 0.392578 0.028320 0.394531 0.030273 0.389648 0.029297 0.385742
0 0.924805 0.359375 0.918945 0.362305 0.917969 0.367188 0.924805 0.363281
0 0.393555 0.911133 0.388672 0.914062 0.389648 0.923828 0.391602 0.923828 0.393555 0.918945
0 0.980469 0.180664 0.980469 0.190430 0.984375 0.191406 0.984375 0.182617
0 0.105469 0.357422 0.101562 0.358398 0.098633 0.364258 0.104492 0.362305
0 0.733398 0.014648 0.734375 0.016602 0.739258 0.016602 0.743164 0.011719 0.736328 0.011719
0 0.299805 0.123047 0.294922 0.124023 0.291992 0.129883 0.295898 0.129883
0 0.519531 0.681641 0.515625 0.685547 0.516602 0.691406 0.520508 0.688477
0 0.739258 0.773438 0.732422 0.774414 0.729492 0.779297 0.737305 0.778320
0 0.092773 0.065430 0.085938 0.068359 0.083008 0.076172 0.090820 0.073242
0 0.102539 0.531250 0.097656 0.534180 0.097656 0.542969 0.103516 0.537109
0 0.971680 0.016602 0.966797 0.016602 0.963867 0.024414 0.969727 0.022461
0 0.264648 0.021484 0.261719 0.021484 0.259766 0.024414 0.261719 0.033203 0.264648 0.029297
0 0.969727 0.078125 0.965820 0.077148 0.958984 0.081055 0.959961 0.083008 0.964844 0.083008