0 0.192383 0.191406 0.196289 0.196289 0.205078 0.196289 0.205078 0.193359 0.200195 0.190430
0 0.847656 0.585938 0.844727 0.584961 0.840820 0.591797 0.843750 0.591797
0 0.151367 0.667969 0.155273 0.674805 0.159180 0.676758 0.162109 0.674805 0.158203 0.668945
0 0.595703 0.156250 0.594727 0.165039 0.596680 0.168945 0.599609 0.168945 0.599609 0.159180
0 0.873047 0.608398 0.870117 0.606445 0.863281 0.607422 0.861328 0.611328 0.873047 0.611328
0 0.911133 0.022461 0.903320 0.022461 0.901367 0.026367 0.906250 0.027344
0 0.240234 0.696289 0.232422 0.701172 0.231445 0.705078 0.233398 0.707031 0.239258 0.703125
0 0.471680 0.297852 0.465820 0.300781 0.464844 0.308594 0.470703 0.304688
0 0.094727 0.203125 0.088867 0.205078 0.086914 0.214844 0.093750 0.208984
0 0.907227 0.362305 0.901367 0.362305 0.896484 0.367188 0.903320 0.367188
0 0.277344 0.384766 0.272461 0.384766 0.269531 0.391602 0.274414 0.390625
0 0.768555 0.419922 0.762695 0.423828 0.762695 0.427734 0.768555 0.424805
0 0.083984 0.562500 0.086914 0.566406 0.093750 0.566406 0.089844 0.561523
0 0.072266 0.528320 0.071289 0.534180 0.074219 0.540039 0.077148 0.540039 0.077148 0.532227
0 0.216797 0.811523 0.217773 0.818359 0.223633 0.821289 0.222656 0.815430
0 0.185547 0.793945 0.180664 0.795898 0.179688 0.802734 0.185547 0.798828
0 0.842773 0.268555 0.841797 0.274414 0.846680 0.279297 0.846680 0.272461
0 0.920898 0.356445 0.924805 0.363281 0.930664 0.364258 0.928711 0.358398
0 0.387695 0.326172 0.394531 0.326172 0.397461 0.322266 0.391602 0.322266
0 0.307617 0.013672 0.307617 0.017578 0.313477 0.021484 0.313477 0.016602
0 0.827148 0.868164 0.826172 0.876953 0.829102 0.879883 0.831055 0.871094 0.830078 0.868164
0 0.938477 0.338867 0.931641 0.339844 0.928711 0.345703 0.935547 0.344727
0 0.723633 0.006836 0.724609 0.012695 0.730469 0.015625 0.728516 0.007812
0 0.261719 0.439453 0.254883 0.438477 0.249023 0.444336 0.256836 0.444336
0 0.704102 0.323242 0.704102 0.326172 0.712891 0.330078 0.714844 0.328125 0.710938 0.323242
0 0.211914 0.837891 0.214844 0.842773 0.220703 0.842773 0.218750 0.838867
0 0.492188 0.504883 0.490234 0.503906 0.484375 0.508789 0.483398 0.514648 0.491211 0.510742
0 0.572266 0.373047 0.572266 0.376953 0.576172 0.378906 0.584961 0.377930 0.580078 0.373047
0 0.717773 0.294922 0.713867 0.297852 0.713867 0.306641 0.717773 0.303711
0 0.735352 0.751953 0.737305 0.755859 0.747070 0.754883 0.741211 0.750977
0 0.823242 0.756836 0.817383 0.755859 0.812500 0.761719 0.818359 0.761719
0 0.152344 0.767578 0.149414 0.769531 0.150391 0.779297 0.153320 0.774414
0 0.486328 0.293945 0.490234 0.299805 0.498047 0.299805 0.494141 0.294922
0 0.502930 0.461914 0.498047 0.463867 0.496094 0.472656 0.501953 0.468750
0 0.610352 0.646484 0.609375 0.652344 0.613281 0.657227 0.614258 0.649414