0 0.266602 0.677734 0.256836 0.677734 0.253906 0.679688 0.253906 0.683594 0.262695 0.682617
0 0.341797 0.613281 0.342773 0.617188 0.348633 0.621094 0.348633 0.616211
0 0.983398 0.472656 0.982422 0.478516 0.985352 0.483398 0.987305 0.477539 0.986328 0.473633
0 0.233398 0.389648 0.228516 0.391602 0.227539 0.397461 0.231445 0.396484
0 0.957031 0.032227 0.958008 0.035156 0.969727 0.033203 0.967773 0.030273
0 0.211914 0.008789 0.207031 0.013672 0.208008 0.019531 0.211914 0.014648
0 0.526367 0.850586 0.531250 0.856445 0.537109 0.855469 0.533203 0.850586
0 0.074219 0.830078 0.076172 0.834961 0.083008 0.835938 0.079102 0.830078
0 0.192383 0.908203 0.194336 0.912109 0.203125 0.915039 0.201172 0.909180
0 0.376953 0.389648 0.374023 0.391602 0.375000 0.399414 0.377930 0.395508
0 0.112305 0.831055 0.105469 0.831055 0.102539 0.835938 0.107422 0.835938
0 0.413086 0.872070 0.407227 0.875000 0.406250 0.878906 0.408203 0.880859 0.412109 0.877930
0 0.060547 0.538086 0.059570 0.542969 0.062500 0.547852 0.064453 0.541992
0 0.011719 0.502930 0.008789 0.512695 0.010742 0.517578 0.013672 0.518555 0.015625 0.508789 0.013672 0.502930
0 0.475586 0.890625 0.472656 0.891602 0.474609 0.900391 0.477539 0.897461
0 0.677734 0.028320 0.670898 0.029297 0.667969 0.036133 0.674805 0.034180
0 0.907227 0.256836 0.902344 0.263672 0.904297 0.270508 0.908203 0.264648
0 0.232422 0.759766 0.232422 0.763672 0.235352 0.765625 0.244141 0.764648 0.238281 0.759766
0 0.841797 0.167969 0.835938 0.167969 0.832031 0.174805 0.839844 0.171875
0 0.316406 0.337891 0.312500 0.340820 0.313477 0.348633 0.317383 0.344727
0 0.159180 0.514648 0.160156 0.518555 0.164062 0.520508 0.169922 0.519531 0.166016 0.514648
0 0.329102 0.698242 0.331055 0.705078 0.336914 0.707031 0.336914 0.702148 0.333008 0.698242
0 0.679688 0.911133 0.672852 0.912109 0.670898 0.916016 0.676758 0.916016
0 0.955078 0.882812 0.958008 0.886719 0.965820 0.886719 0.964844 0.882812
0 0.120117 0.079102 0.120117 0.082031 0.127930 0.084961 0.129883 0.083008 0.125000 0.079102
0 0.875977 0.097656 0.872070 0.099609 0.874023 0.111328 0.877930 0.106445
0 0.071289 0.327148 0.073242 0.330078 0.079102 0.329102 0.078125 0.326172
0 0.414062 0.560547 0.416992 0.565430 0.423828 0.565430 0.421875 0.561523
0 0.022461 0.155273 0.018555 0.158203 0.019531 0.165039 0.023438 0.160156
0 0.766602 0.426758 0.761719 0.425781 0.757812 0.429688 0.756836 0.434570 0.762695 0.432617
0 0.533203 0.087891 0.535156 0.094727 0.540039 0.095703 0.540039 0.091797
0 0.702148 0.038086 0.702148 0.043945 0.710938 0.048828 0.712891 0.046875 0.707031 0.039062
0 0.279297 0.006836 0.272461 0.007812 0.270508 0.011719 0.276367 0.011719
0 0.840820 0.636719 0.840820 0.642578 0.845703 0.646484 0.845703 0.640625
0 0.752930 0.198242 0.759766 0.198242 0.764648 0.192383 0.755859 0.192383
0 0.723633 0.775391 0.725586 0.780273 0.732422 0.782227 0.729492 0.776367
0 0.228516 0.275391 0.234375 0.279297 0.244141 0.277344 0.239258 0.273438
0 0.272461 0.667969 0.271484 0.673828 0.278320 0.677734 0.277344 0.670898
0 0.467773 0.278320 0.467773 0.285156 0.471680 0.287109 0.471680 0.281250
0 0.238281 0.193359 0.246094 0.194336 0.251953 0.190430 0.251953 0.187500 0.243164 0.187500 0.239258 0.189453
0 0.775391 0.905273 0.774414 0.913086 0.779297 0.917969 0.780273 0.910156
0 0.925781 0.084961 0.920898 0.087891 0.919922 0.096680 0.923828 0.095703
0 0.892578 0.878906 0.895508 0.886719 0.899414 0.886719 0.898438 0.881836
0 0.911133 0.658203 0.908203 0.667969 0.912109 0.672852 0.914062 0.663086
0 0.080078 0.196289 0.076172 0.198242 0.075195 0.205078 0.078125 0.205078 0.081055 0.201172
0 0.127930 0.040039 0.130859 0.043945 0.137695 0.044922 0.135742 0.040039
0 0.656250 0.185547 0.656250 0.190430 0.661133 0.195312 0.662109 0.190430 0.659180 0.185547
0 0.151367 0.502930 0.145508 0.506836 0.144531 0.512695 0.150391 0.510742
0 0.962891 0.848633 0.961914 0.853516 0.969727 0.859375 0.968750 0.852539
0 0.215820 0.279297 0.219727 0.282227 0.226562 0.282227 0.226562 0.279297 0.222656 0.277344
0 0.029297 0.299805 0.029297 0.308594 0.033203 0.310547 0.034180 0.304688
0 0.368164 0.703125 0.375977 0.702148 0.378906 0.697266 0.372070 0.697266 0.368164 0.700195
0 0.277344 0.224609 0.281250 0.230469 0.289062 0.231445 0.287109 0.225586
0 0.216797 0.782227 0.219727 0.786133 0.226562 0.786133 0.226562 0.783203 0.223633 0.781250
0 0.390625 0.979492 0.394531 0.983398 0.401367 0.982422 0.398438 0.978516