0 0.579102 0.088867 0.580078 0.098633 0.584961 0.100586 0.583984 0.092773
0 0.373047 0.545898 0.374023 0.551758 0.379883 0.554688 0.378906 0.548828
0 0.424805 0.306641 0.419922 0.308594 0.417969 0.316406 0.424805 0.312500
0 0.338867 0.309570 0.337891 0.315430 0.342773 0.323242 0.344727 0.319336 0.343750 0.312500
0 0.146484 0.412109 0.143555 0.414062 0.144531 0.421875 0.147461 0.416992
0 0.946289 0.891602 0.942383 0.895508 0.943359 0.901367 0.945312 0.901367 0.947266 0.896484
0 0.672852 0.285156 0.666016 0.286133 0.663086 0.291992 0.669922 0.291016
0 0.639648 0.707031 0.642578 0.709961 0.650391 0.708984 0.648438 0.705078
0 0.385742 0.058594 0.380859 0.059570 0.376953 0.066406 0.380859 0.067383 0.383789 0.065430
0 0.245117 0.385742 0.237305 0.390625 0.237305 0.395508 0.244141 0.392578
0 0.100586 0.901367 0.095703 0.907227 0.097656 0.915039 0.101562 0.910156
0 0.710938 0.425781 0.711914 0.432617 0.717773 0.436523 0.717773 0.430664 0.713867 0.425781
0 0.450195 0.291992 0.445312 0.291016 0.441406 0.292969 0.439453 0.297852 0.447266 0.296875
0 0.916016 0.380859 0.920898 0.383789 0.926758 0.382812 0.921875 0.378906
0 0.904297 0.839844 0.910156 0.839844 0.912109 0.835938 0.907227 0.835938
0 0.379883 0.182617 0.376953 0.183594 0.375000 0.189453 0.377930 0.196289 0.380859 0.191406
0 0.196289 0.401367 0.189453 0.405273 0.189453 0.412109 0.195312 0.408203
0 0.460938 0.199219 0.460938 0.205078 0.465820 0.209961 0.466797 0.204102
0 0.230469 0.537109 0.227539 0.538086 0.226562 0.542969 0.229492 0.549805 0.232422 0.544922
0 0.591797 0.709961 0.598633 0.709961 0.603516 0.705078 0.595703 0.704102
0 0.085938 0.802734 0.081055 0.804688 0.080078 0.810547 0.085938 0.806641
0 0.108398 0.672852 0.111328 0.677734 0.118164 0.679688 0.116211 0.673828
0 0.473633 0.967773 0.476562 0.977539 0.480469 0.978516 0.479492 0.970703
0 0.915039 0.588867 0.910156 0.589844 0.907227 0.598633 0.914062 0.594727
0 0.489258 0.895508 0.493164 0.901367 0.498047 0.902344 0.494141 0.895508
0 0.273438 0.188477 0.275391 0.193359 0.282227 0.194336 0.281250 0.190430
0 0.719727 0.250977 0.713867 0.252930 0.712891 0.260742 0.718750 0.256836
0 0.340820 0.275391 0.338867 0.282227 0.340820 0.288086 0.343750 0.289062 0.345703 0.281250 0.343750 0.275391
0 0.342773 0.716797 0.337891 0.717773 0.334961 0.724609 0.340820 0.722656
0 0.154297 0.740234 0.154297 0.742188 0.159180 0.744141 0.166016 0.742188 0.158203 0.738281
0 0.052734 0.526367 0.052734 0.533203 0.058594 0.538086 0.058594 0.529297
0 0.019531 0.385742 0.025391 0.390625 0.031250 0.389648 0.025391 0.383789 0.020508 0.383789
0 0.514648 0.457031 0.518555 0.461914 0.525391 0.461914 0.520508 0.456055
0 0.569336 0.304688 0.564453 0.307617 0.565430 0.317383 0.569336 0.312500
0 0.141602 0.979492 0.142578 0.982422 0.150391 0.982422 0.148438 0.979492
0 0.940430 0.490234 0.940430 0.497070 0.946289 0.501953 0.946289 0.494141 0.943359 0.490234
0 0.856445 0.163086 0.860352 0.168945 0.866211 0.168945 0.864258 0.164062
0 0.100586 0.871094 0.107422 0.873047 0.112305 0.871094 0.113281 0.868164 0.104492 0.867188
0 0.588867 0.100586 0.590820 0.107422 0.596680 0.110352 0.595703 0.103516
0 0.334961 0.848633 0.336914 0.851562 0.344727 0.850586 0.341797 0.846680
0 0.021484 0.906250 0.021484 0.909180 0.026367 0.914062 0.029297 0.914062 0.027344 0.908203
0 0.854492 0.713867 0.853516 0.719727 0.858398 0.723633 0.857422 0.715820
0 0.886719 0.753906 0.887695 0.760742 0.893555 0.764648 0.894531 0.759766 0.892578 0.755859
0 0.797852 0.193359 0.799805 0.199219 0.805664 0.202148 0.804688 0.195312
0 0.241211 0.342773 0.239258 0.340820 0.234375 0.341797 0.231445 0.347656 0.237305 0.346680
0 0.585938 0.155273 0.580078 0.155273 0.574219 0.162109 0.583008 0.161133
0 0.639648 0.506836 0.635742 0.506836 0.631836 0.510742 0.631836 0.516602 0.637695 0.513672
0 0.444336 0.498047 0.443359 0.505859 0.448242 0.510742 0.449219 0.501953
0 0.160156 0.556641 0.157227 0.556641 0.155273 0.559570 0.156250 0.567383 0.160156 0.564453
0 0.914062 0.162109 0.916016 0.167969 0.921875 0.171875 0.921875 0.166016
0 0.157227 0.875000 0.158203 0.879883 0.165039 0.883789 0.165039 0.878906
0 0.908203 0.187500 0.901367 0.190430 0.898438 0.196289 0.900391 0.198242 0.906250 0.194336
0 0.707031 0.611328 0.701172 0.612305 0.699219 0.618164 0.704102 0.616211
0 0.926758 0.564453 0.921875 0.564453 0.917969 0.571289 0.925781 0.568359
0 0.443359 0.411133 0.438477 0.412109 0.436523 0.418945 0.441406 0.416992
0 0.514648 0.588867 0.507812 0.586914 0.500977 0.591797 0.510742 0.593750
0 0.083008 0.747070 0.083984 0.752930 0.089844 0.755859 0.090820 0.751953 0.088867 0.749023
0 0.863281 0.578125 0.857422 0.581055 0.854492 0.588867 0.855469 0.592773 0.862305 0.587891
0 0.886719 0.235352 0.882812 0.235352 0.878906 0.243164 0.881836 0.243164
0 0.162109 0.009766 0.158203 0.013672 0.159180 0.020508 0.163086 0.015625
0 0.799805 0.379883 0.799805 0.386719 0.804688 0.389648 0.803711 0.381836
0 0.417969 0.594727 0.412109 0.598633 0.412109 0.604492 0.416992 0.602539
0 0.416992 0.175781 0.419922 0.178711 0.426758 0.177734 0.424805 0.174805
0 0.611328 0.533203 0.611328 0.539062 0.616211 0.543945 0.616211 0.536133 0.614258 0.533203
0 0.956055 0.318359 0.958008 0.325195 0.963867 0.328125 0.962891 0.321289
0 0.230469 0.875977 0.231445 0.878906 0.241211 0.876953 0.238281 0.874023
0 0.612305 0.474609 0.607422 0.474609 0.602539 0.479492 0.610352 0.479492
0 0.208008 0.215820 0.208008 0.221680 0.213867 0.225586 0.211914 0.217773