0 0.646484 0.875000 0.642578 0.877930 0.642578 0.885742 0.647461 0.881836 0.648438 0.875977
0 0.121094 0.221680 0.121094 0.228516 0.125000 0.233398 0.127930 0.233398 0.126953 0.225586 0.124023 0.221680
0 0.137695 0.188477 0.133789 0.189453 0.132812 0.197266 0.135742 0.197266
0 0.667969 0.322266 0.663086 0.324219 0.663086 0.333008 0.666016 0.333008 0.667969 0.329102
0 0.792969 0.342773 0.793945 0.350586 0.799805 0.353516 0.798828 0.346680
0 0.033203 0.767578 0.038086 0.771484 0.047852 0.769531 0.043945 0.766602
0 0.768555 0.882812 0.763672 0.883789 0.760742 0.889648 0.765625 0.889648 0.768555 0.886719
0 0.037109 0.698242 0.034180 0.698242 0.032227 0.701172 0.032227 0.709961 0.036133 0.708008
0 0.697266 0.333008 0.697266 0.336914 0.705078 0.341797 0.705078 0.335938
0 0.265625 0.452148 0.267578 0.456055 0.275391 0.456055 0.272461 0.452148
0 0.799805 0.515625 0.800781 0.520508 0.806641 0.524414 0.807617 0.519531
0 0.711914 0.626953 0.717773 0.630859 0.725586 0.628906 0.724609 0.625977 0.718750 0.624023
0 0.926758 0.450195 0.927734 0.456055 0.934570 0.458984 0.932617 0.451172
0 0.750000 0.199219 0.747070 0.203125 0.747070 0.209961 0.750000 0.209961 0.751953 0.206055
0 0.478516 0.132812 0.478516 0.142578 0.482422 0.144531 0.483398 0.139648
0 0.336914 0.943359 0.338867 0.947266 0.346680 0.946289 0.346680 0.944336 0.340820 0.942383
0 0.453125 0.708008 0.452148 0.715820 0.456055 0.720703 0.457031 0.710938
0 0.921875 0.635742 0.922852 0.642578 0.926758 0.644531 0.925781 0.636719
0 0.112305 0.969727 0.106445 0.971680 0.104492 0.979492 0.111328 0.975586
0 0.772461 0.372070 0.767578 0.374023 0.766602 0.381836 0.771484 0.377930
0 0.215820 0.920898 0.209961 0.922852 0.209961 0.930664 0.214844 0.926758
0 0.564453 0.458008 0.557617 0.457031 0.549805 0.460938 0.549805 0.462891 0.559570 0.463867 0.564453 0.460938
0 0.777344 0.453125 0.783203 0.454102 0.787109 0.449219 0.780273 0.449219
0 0.704102 0.348633 0.704102 0.355469 0.708984 0.358398 0.708008 0.350586
0 0.034180 0.113281 0.034180 0.124023 0.037109 0.125000 0.039062 0.120117 0.037109 0.114258
0 0.683594 0.073242 0.684570 0.076172 0.689453 0.078125 0.697266 0.076172 0.691406 0.071289
0 0.707031 0.285156 0.708984 0.288086 0.717773 0.287109 0.714844 0.283203
0 0.901367 0.310547 0.896484 0.313477 0.896484 0.319336 0.900391 0.317383
0 0.985352 0.942383 0.979492 0.943359 0.975586 0.949219 0.983398 0.948242 0.986328 0.944336
0 0.122070 0.526367 0.118164 0.525391 0.112305 0.531250 0.121094 0.531250
0 0.432617 0.011719 0.430664 0.018555 0.431641 0.021484 0.434570 0.021484 0.435547 0.013672
0 0.537109 0.823242 0.531250 0.826172 0.531250 0.834961 0.534180 0.834961 0.536133 0.832031
0 0.426758 0.023438 0.418945 0.024414 0.416016 0.030273 0.424805 0.028320
0 0.075195 0.381836 0.070312 0.382812 0.069336 0.388672 0.074219 0.385742
0 0.927734 0.234375 0.929688 0.237305 0.940430 0.236328 0.939453 0.233398 0.934570 0.232422
0 0.010742 0.115234 0.009766 0.120117 0.013672 0.125000 0.015625 0.120117
0 0.110352 0.903320 0.102539 0.904297 0.100586 0.909180 0.110352 0.906250
0 0.955078 0.365234 0.957031 0.368164 0.962891 0.367188 0.961914 0.364258
0 0.125000 0.283203 0.124023 0.291016 0.126953 0.294922 0.128906 0.292969 0.128906 0.286133
0 0.913086 0.251953 0.916016 0.256836 0.924805 0.257812 0.924805 0.253906 0.921875 0.251953
0 0.269531 0.685547 0.271484 0.690430 0.280273 0.691406 0.276367 0.685547
0 0.732422 0.364258 0.731445 0.372070 0.734375 0.376953 0.736328 0.367188
0 0.175781 0.612305 0.170898 0.613281 0.168945 0.621094 0.174805 0.618164
0 0.064453 0.497070 0.063477 0.503906 0.067383 0.505859 0.068359 0.500977
0 0.908203 0.083984 0.909180 0.090820 0.914062 0.092773 0.913086 0.086914
0 0.784180 0.207031 0.778320 0.208008 0.774414 0.213867 0.782227 0.212891 0.785156 0.208984
0 0.382812 0.604492 0.378906 0.609375 0.378906 0.613281 0.383789 0.610352
0 0.926758 0.221680 0.929688 0.224609 0.935547 0.224609 0.936523 0.222656 0.935547 0.220703
0 0.614258 0.515625 0.612305 0.524414 0.616211 0.528320 0.618164 0.519531
0 0.609375 0.439453 0.610352 0.443359 0.620117 0.442383
0 0.684570 0.630859 0.687500 0.634766 0.695312 0.634766 0.695312 0.631836 0.691406 0.629883
0 0.325195 0.816406 0.321289 0.817383 0.320312 0.825195 0.324219 0.823242
0 0.786133 0.886719 0.785156 0.893555 0.791016 0.897461 0.790039 0.889648
0 0.699219 0.273438 0.694336 0.275391 0.694336 0.282227 0.698242 0.278320
0 0.310547 0.186523 0.307617 0.188477 0.308594 0.197266 0.311523 0.193359
0 0.261719 0.179688 0.255859 0.178711 0.248047 0.186523 0.256836 0.186523
0 0.942383 0.787109 0.950195 0.787109 0.953125 0.784180 0.946289 0.783203
0 0.658203 0.076172 0.658203 0.082031 0.663086 0.084961 0.663086 0.079102
0 0.778320 0.087891 0.773438 0.091797 0.774414 0.098633 0.779297 0.093750
0 0.385742 0.807617 0.387695 0.812500 0.396484 0.813477 0.393555 0.808594
0 0.821289 0.506836 0.815430 0.512695 0.815430 0.521484 0.821289 0.515625
0 0.718750 0.420898 0.715820 0.420898 0.713867 0.423828 0.716797 0.433594 0.719727 0.427734
0 0.834961 0.441406 0.836914 0.445312 0.844727 0.446289 0.844727 0.443359 0.841797 0.441406
0 0.091797 0.038086 0.088867 0.038086 0.083984 0.042969 0.083984 0.047852 0.089844 0.045898
0 0.065430 0.695312 0.063477 0.697266 0.065430 0.704102 0.069336 0.708008 0.073242 0.708008 0.071289 0.699219
0 0.300781 0.615234 0.302734 0.621094 0.309570 0.623047 0.304688 0.615234
0 0.854492 0.630859 0.846680 0.631836 0.843750 0.636719 0.848633 0.637695 0.852539 0.635742
0 0.257812 0.670898 0.267578 0.673828 0.267578 0.670898 0.264648 0.668945