0 0.371094 0.616211 0.370117 0.624023 0.375000 0.625977 0.375000 0.620117
0 0.057617 0.909180 0.058594 0.912109 0.063477 0.914062 0.070312 0.913086 0.065430 0.908203
0 0.416992 0.327148 0.412109 0.330078 0.411133 0.335938 0.416016 0.333984
0 0.922852 0.622070 0.919922 0.623047 0.920898 0.632812 0.923828 0.626953
0 0.192383 0.471680 0.195312 0.476562 0.201172 0.478516 0.201172 0.474609 0.198242 0.471680
0 0.793945 0.943359 0.798828 0.947266 0.804688 0.946289 0.800781 0.942383
0 0.069336 0.171875 0.061523 0.173828 0.058594 0.176758 0.058594 0.181641 0.064453 0.180664 0.068359 0.176758
0 0.895508 0.009766 0.897461 0.016602 0.902344 0.021484 0.905273 0.021484 0.902344 0.011719
0 0.887695 0.417969 0.888672 0.423828 0.894531 0.425781 0.894531 0.421875
0 0.057617 0.083984 0.058594 0.089844 0.064453 0.092773 0.062500 0.084961
0 0.622070 0.925781 0.625000 0.929688 0.633789 0.929688 0.633789 0.926758 0.630859 0.924805
0 0.965820 0.671875 0.973633 0.671875 0.976562 0.669922 0.976562 0.666992 0.969727 0.666992
0 0.168945 0.710938 0.165039 0.714844 0.166992 0.722656 0.170898 0.714844
0 0.075195 0.973633 0.069336 0.974609 0.066406 0.980469 0.071289 0.980469
0 0.083984 0.751953 0.083984 0.759766 0.086914 0.762695 0.088867 0.761719 0.088867 0.754883 0.086914 0.751953
0 0.264648 0.009766 0.258789 0.009766 0.254883 0.014648 0.262695 0.013672
0 0.620117 0.444336 0.621094 0.452148 0.627930 0.456055 0.628906 0.453125 0.625977 0.446289
0 0.750977 0.484375 0.748047 0.484375 0.746094 0.488281 0.748047 0.495117 0.751953 0.488281
0 0.104492 0.694336 0.103516 0.701172 0.107422 0.705078 0.108398 0.696289
0 0.731445 0.461914 0.724609 0.463867 0.721680 0.469727 0.729492 0.467773
0 0.907227 0.671875 0.908203 0.676758 0.914062 0.678711 0.914062 0.674805
0 0.542969 0.451172 0.542969 0.456055 0.545898 0.458984 0.546875 0.454102
0 0.970703 0.335938 0.971680 0.342773 0.976562 0.345703 0.976562 0.338867
0 0.608398 0.503906 0.608398 0.507812 0.611328 0.510742 0.617188 0.511719 0.613281 0.504883
0 0.859375 0.526367 0.854492 0.528320 0.852539 0.534180 0.858398 0.531250
0 0.458984 0.163086 0.455078 0.167969 0.456055 0.176758 0.460938 0.171875
0 0.250977 0.340820 0.255859 0.345703 0.260742 0.343750 0.257812 0.339844
0 0.091797 0.452148 0.084961 0.452148 0.081055 0.458984 0.089844 0.457031
0 0.981445 0.587891 0.975586 0.587891 0.970703 0.594727 0.978516 0.592773
0 0.100586 0.966797 0.095703 0.965820 0.089844 0.971680 0.096680 0.971680
0 0.196289 0.034180 0.195312 0.040039 0.197266 0.044922 0.200195 0.045898 0.200195 0.036133
0 0.483398 0.924805 0.477539 0.924805 0.472656 0.931641 0.480469 0.929688
0 0.188477 0.482422 0.190430 0.492188 0.194336 0.493164 0.193359 0.485352
0 0.853516 0.907227 0.848633 0.912109 0.849609 0.917969 0.853516 0.913086
0 0.564453 0.564453 0.567383 0.569336 0.574219 0.569336 0.570312 0.564453
0 0.392578 0.715820 0.395508 0.719727 0.401367 0.719727 0.399414 0.715820
0 0.562500 0.250977 0.558594 0.255859 0.558594 0.260742 0.562500 0.259766
0 0.580078 0.963867 0.574219 0.964844 0.570312 0.971680 0.578125 0.969727
0 0.654297 0.349609 0.648438 0.350586 0.645508 0.356445 0.651367 0.355469
0 0.648438 0.098633 0.641602 0.099609 0.638672 0.104492 0.648438 0.102539
0 0.768555 0.425781 0.761719 0.426758 0.757812 0.432617 0.765625 0.431641
0 0.544922 0.753906 0.543945 0.756836 0.550781 0.761719 0.550781 0.756836
0 0.824219 0.166992 0.827148 0.168945 0.834961 0.167969 0.833008 0.165039 0.826172 0.165039
0 0.890625 0.602539 0.885742 0.603516 0.881836 0.609375 0.887695 0.609375 0.890625 0.606445
0 0.578125 0.728516 0.573242 0.729492 0.569336 0.737305 0.574219 0.736328
0 0.071289 0.677734 0.072266 0.681641 0.077148 0.684570 0.077148 0.680664
0 0.316406 0.712891 0.309570 0.709961 0.300781 0.711914 0.300781 0.713867 0.306641 0.716797 0.314453 0.715820
0 0.444336 0.782227 0.444336 0.788086 0.451172 0.791992 0.449219 0.784180
0 0.124023 0.857422 0.118164 0.856445 0.113281 0.861328 0.120117 0.862305 0.124023 0.860352
0 0.374023 0.374023 0.368164 0.373047 0.364258 0.378906 0.371094 0.377930
0 0.034180 0.658203 0.035156 0.663086 0.041992 0.666016 0.040039 0.660156
0 0.638672 0.397461 0.630859 0.398438 0.628906 0.403320 0.635742 0.402344
0 0.226562 0.237305 0.235352 0.238281 0.239258 0.234375 0.229492 0.233398
0 0.575195 0.081055 0.573242 0.081055 0.572266 0.088867 0.576172 0.085938
0 0.843750 0.232422 0.844727 0.242188 0.847656 0.242188 0.847656 0.234375
0 0.695312 0.327148 0.695312 0.331055 0.701172 0.335938 0.701172 0.330078