0 0.381836 0.465820 0.382812 0.471680 0.386719 0.473633 0.385742 0.467773
0 0.872070 0.059570 0.872070 0.063477 0.875000 0.066406 0.880859 0.067383 0.875977 0.059570
0 0.339844 0.465820 0.338867 0.471680 0.344727 0.477539 0.345703 0.472656
0 0.905273 0.622070 0.905273 0.627930 0.909180 0.631836 0.914062 0.632812 0.911133 0.625000
0 0.540039 0.803711 0.536133 0.806641 0.538086 0.815430 0.541016 0.811523
0 0.229492 0.513672 0.223633 0.516602 0.221680 0.524414 0.230469 0.519531
0 0.254883 0.958008 0.258789 0.961914 0.264648 0.959961 0.259766 0.957031
0 0.623047 0.754883 0.625977 0.758789 0.632812 0.759766 0.630859 0.754883
0 0.935547 0.854492 0.936523 0.861328 0.945312 0.865234 0.942383 0.856445
0 0.422852 0.048828 0.423828 0.053711 0.430664 0.056641 0.428711 0.050781
0 0.899414 0.713867 0.901367 0.718750 0.909180 0.721680 0.905273 0.713867
0 0.049805 0.336914 0.047852 0.334961 0.041992 0.335938 0.039062 0.340820 0.045898 0.340820
0 0.850586 0.152344 0.854492 0.156250 0.861328 0.155273 0.858398 0.151367
0 0.019531 0.685547 0.022461 0.690430 0.029297 0.692383 0.027344 0.686523
0 0.325195 0.147461 0.320312 0.156250 0.322266 0.160156 0.326172 0.156250 0.327148 0.149414
0 0.196289 0.504883 0.196289 0.506836 0.206055 0.505859 0.205078 0.502930
0 0.300781 0.374023 0.295898 0.375000 0.293945 0.380859 0.298828 0.378906
0 0.657227 0.688477 0.648438 0.691406 0.646484 0.697266 0.653320 0.696289
0 0.211914 0.990234 0.213867 0.993164 0.221680 0.992188 0.219727 0.988281
0 0.900391 0.162109 0.901367 0.164062 0.910156 0.163086 0.909180 0.160156 0.902344 0.160156
0 0.692383 0.734375 0.692383 0.737305 0.696289 0.739258 0.701172 0.739258 0.702148 0.737305
0 0.969727 0.207031 0.964844 0.206055 0.959961 0.208984 0.965820 0.210938
0 0.474609 0.453125 0.474609 0.461914 0.477539 0.461914 0.477539 0.454102
0 0.797852 0.667969 0.799805 0.672852 0.808594 0.673828 0.805664 0.668945
0 0.747070 0.140625 0.749023 0.148438 0.753906 0.150391 0.753906 0.144531
0 0.774414 0.560547 0.769531 0.562500 0.769531 0.569336 0.772461 0.568359
0 0.871094 0.314453 0.863281 0.315430 0.859375 0.322266 0.863281 0.323242 0.869141 0.320312
0 0.045898 0.120117 0.046875 0.127930 0.051758 0.129883 0.051758 0.124023
0 0.381836 0.743164 0.382812 0.749023 0.388672 0.751953 0.386719 0.744141
0 0.213867 0.305664 0.212891 0.311523 0.216797 0.315430 0.217773 0.307617
0 0.614258 0.104492 0.613281 0.112305 0.616211 0.115234 0.617188 0.107422
0 0.102539 0.952148 0.096680 0.954102 0.094727 0.959961 0.100586 0.958008
0 0.259766 0.200195 0.267578 0.201172 0.270508 0.197266 0.264648 0.196289
0 0.213867 0.871094 0.210938 0.871094 0.208984 0.875000 0.210938 0.881836 0.214844 0.875977
0 0.325195 0.853516 0.324219 0.858398 0.329102 0.863281 0.329102 0.855469
0 0.059570 0.931641 0.063477 0.934570 0.069336 0.933594 0.069336 0.930664 0.065430 0.929688
0 0.875000 0.533203 0.871094 0.533203 0.867188 0.539062 0.873047 0.539062
0 0.201172 0.756836 0.202148 0.760742 0.210938 0.760742 0.208008 0.756836
0 0.333008 0.376953 0.333008 0.384766 0.336914 0.386719 0.336914 0.377930
0 0.524414 0.560547 0.518555 0.560547 0.513672 0.566406 0.523438 0.564453
0 0.731445 0.720703 0.731445 0.726562 0.736328 0.731445 0.736328 0.723633 0.734375 0.720703
0 0.375000 0.384766 0.370117 0.387695 0.369141 0.394531 0.374023 0.392578
0 0.929688 0.602539 0.928711 0.609375 0.931641 0.613281 0.932617 0.604492
0 0.275391 0.613281 0.270508 0.614258 0.267578 0.621094 0.270508 0.621094 0.275391 0.616211
0 0.990234 0.601562 0.986328 0.602539 0.987305 0.612305
0 0.324219 0.535156 0.316406 0.536133 0.314453 0.541016 0.322266 0.539062
0 0.433594 0.381836 0.434570 0.389648 0.440430 0.392578 0.439453 0.385742
0 0.058594 0.887695 0.062500 0.891602 0.071289 0.891602 0.070312 0.887695 0.067383 0.886719
0 0.112305 0.469727 0.107422 0.468750 0.102539 0.473633 0.109375 0.474609
0 0.639648 0.929688 0.640625 0.933594 0.645508 0.934570 0.649414 0.932617 0.643555 0.928711
0 0.320312 0.951172 0.320312 0.956055 0.324219 0.959961 0.325195 0.956055
0 0.670898 0.923828 0.672852 0.931641 0.679688 0.934570 0.678711 0.927734
0 0.129883 0.137695 0.134766 0.142578 0.139648 0.143555 0.144531 0.140625 0.138672 0.136719
0 0.508789 0.984375 0.510742 0.987305 0.519531 0.985352 0.517578 0.982422
0 0.815430 0.232422 0.819336 0.238281 0.826172 0.238281 0.823242 0.233398
0 0.546875 0.705078 0.545898 0.713867 0.548828 0.713867 0.549805 0.706055
0 0.836914 0.953125 0.832031 0.954102 0.830078 0.962891 0.835938 0.958984