0 0.980469 0.257812 0.975586 0.261719 0.976562 0.268555 0.981445 0.263672
0 0.793945 0.321289 0.791016 0.321289 0.787109 0.328125 0.791016 0.328125
0 0.750000 0.036133 0.756836 0.038086 0.761719 0.034180 0.753906 0.032227
0 0.058594 0.841797 0.058594 0.844727 0.061523 0.846680 0.069336 0.844727 0.069336 0.842773 0.064453 0.840820
0 0.324219 0.357422 0.324219 0.366211 0.329102 0.370117 0.329102 0.360352
0 0.293945 0.090820 0.299805 0.091797 0.304688 0.089844 0.305664 0.086914 0.295898 0.086914
0 0.793945 0.811523 0.790039 0.814453 0.790039 0.820312 0.793945 0.816406
0 0.145508 0.950195 0.150391 0.950195 0.155273 0.945312 0.148438 0.945312 0.145508 0.947266
0 0.511719 0.669922 0.511719 0.676758 0.515625 0.680664 0.515625 0.671875
0 0.291992 0.726562 0.291992 0.732422 0.297852 0.738281 0.298828 0.731445 0.294922 0.726562
0 0.826172 0.736328 0.821289 0.739258 0.819336 0.744141 0.821289 0.751953 0.826172 0.747070
0 0.640625 0.214844 0.638672 0.214844 0.635742 0.220703 0.637695 0.228516 0.640625 0.227539 0.642578 0.222656
0 0.396484 0.585938 0.390625 0.587891 0.389648 0.595703 0.395508 0.591797
0 0.887695 0.825195 0.883789 0.825195 0.879883 0.829102 0.878906 0.833008 0.880859 0.834961 0.884766 0.833008
0 0.142578 0.551758 0.134766 0.551758 0.131836 0.557617 0.138672 0.556641
0 0.905273 0.696289 0.904297 0.701172 0.908203 0.705078 0.909180 0.700195
0 0.833984 0.564453 0.828125 0.566406 0.826172 0.572266 0.831055 0.571289
0 0.733398 0.880859 0.732422 0.886719 0.736328 0.890625 0.737305 0.883789
0 0.318359 0.860352 0.320312 0.864258 0.330078 0.862305 0.325195 0.859375
0 0.627930 0.206055 0.626953 0.214844 0.629883 0.216797 0.631836 0.207031
0 0.207031 0.538086 0.207031 0.543945 0.214844 0.546875 0.215820 0.543945 0.212891 0.540039
0 0.553711 0.855469 0.555664 0.860352 0.562500 0.861328 0.559570 0.856445
0 0.079102 0.962891 0.075195 0.963867 0.074219 0.971680 0.078125 0.969727
0 0.303711 0.470703 0.305664 0.474609 0.313477 0.473633 0.313477 0.471680 0.308594 0.469727
0 0.973633 0.705078 0.982422 0.705078 0.983398 0.702148 0.974609 0.701172
0 0.983398 0.389648 0.984375 0.393555 0.993164 0.395508 0.990234 0.390625
0 0.342773 0.253906 0.348633 0.256836 0.353516 0.254883 0.349609 0.251953
0 0.032227 0.692383 0.025391 0.695312 0.024414 0.703125 0.030273 0.700195
0 0.008789 0.810547 0.010742 0.816406 0.015625 0.818359 0.015625 0.813477
0 0.980469 0.046875 0.979492 0.056641 0.984375 0.059570 0.985352 0.052734
0 0.618164 0.625000 0.612305 0.625977 0.610352 0.630859 0.616211 0.629883
0 0.372070 0.891602 0.367188 0.891602 0.363281 0.896484 0.371094 0.895508
0 0.078125 0.414062 0.081055 0.418945 0.086914 0.419922 0.083008 0.414062
0 0.569336 0.760742 0.559570 0.760742 0.557617 0.764648 0.563477 0.765625
0 0.237305 0.519531 0.236328 0.525391 0.241211 0.530273 0.241211 0.522461
0 0.241211 0.176758 0.242188 0.182617 0.245117 0.184570 0.246094 0.179688 0.244141 0.176758
0 0.656250 0.632812 0.658203 0.642578 0.663086 0.645508 0.665039 0.642578 0.663086 0.636719
0 0.174805 0.365234 0.173828 0.372070 0.176758 0.375977 0.180664 0.376953 0.179688 0.369141
0 0.847656 0.017578 0.847656 0.022461 0.853516 0.027344 0.852539 0.019531
0 0.747070 0.709961 0.750977 0.715820 0.757812 0.716797 0.752930 0.709961
0 0.837891 0.085938 0.840820 0.088867 0.851562 0.087891 0.851562 0.084961 0.844727 0.083008
0 0.276367 0.156250 0.278320 0.161133 0.286133 0.164062 0.284180 0.157227
0 0.900391 0.548828 0.892578 0.549805 0.889648 0.555664 0.894531 0.555664
0 0.836914 0.413086 0.840820 0.417969 0.847656 0.416992 0.843750 0.413086
0 0.835938 0.604492 0.838867 0.608398 0.845703 0.608398 0.844727 0.604492
0 0.224609 0.009766 0.221680 0.009766 0.219727 0.012695 0.220703 0.020508 0.224609 0.016602
0 0.138672 0.847656 0.137695 0.854492 0.141602 0.857422 0.142578 0.852539
0 0.243164 0.666016 0.244141 0.670898 0.250000 0.674805 0.250977 0.669922
0 0.611328 0.571289 0.610352 0.579102 0.614258 0.582031 0.614258 0.573242
0 0.457031 0.592773 0.457031 0.595703 0.460938 0.596680 0.470703 0.595703 0.468750 0.591797 0.461914 0.590820
0 0.085938 0.486328 0.083008 0.486328 0.080078 0.490234 0.081055 0.499023 0.085938 0.492188
0 0.788086 0.647461 0.783203 0.650391 0.782227 0.656250 0.789062 0.652344
0 0.477539 0.558594 0.474609 0.558594 0.472656 0.561523 0.473633 0.570312 0.477539 0.565430
0 0.915039 0.555664 0.917969 0.559570 0.925781 0.558594 0.922852 0.554688
0 0.988281 0.897461 0.988281 0.902344 0.991211 0.906250 0.994141 0.906250 0.992188 0.898438
0 0.129883 0.385742 0.131836 0.389648 0.139648 0.388672 0.139648 0.386719 0.134766 0.384766
0 0.260742 0.122070 0.256836 0.124023 0.255859 0.132812 0.258789 0.132812 0.260742 0.129883
0 0.422852 0.661133 0.423828 0.664062 0.433594 0.662109 0.431641 0.659180
0 0.013672 0.639648 0.016602 0.643555 0.023438 0.643555 0.023438 0.640625 0.020508 0.638672
0 0.846680 0.439453 0.851562 0.445312 0.857422 0.443359 0.854492 0.439453
0 0.006836 0.833008 0.007812 0.835938 0.015625 0.834961 0.014648 0.833008
0 0.930664 0.011719 0.938477 0.014648 0.944336 0.013672 0.944336 0.010742 0.940430 0.008789
0 0.716797 0.618164 0.709961 0.622070 0.708984 0.629883 0.715820 0.625977