0 0.381836 0.322266 0.383789 0.325195 0.391602 0.323242 0.390625 0.320312
0 0.624023 0.837891 0.624023 0.844727 0.627930 0.846680 0.626953 0.838867
0 0.397461 0.838867 0.401367 0.842773 0.409180 0.841797 0.406250 0.837891
0 0.578125 0.829102 0.573242 0.827148 0.566406 0.831055 0.566406 0.833008 0.571289 0.833984
0 0.424805 0.220703 0.424805 0.222656 0.428711 0.223633 0.434570 0.222656 0.432617 0.218750
0 0.464844 0.583984 0.459961 0.583984 0.457031 0.589844 0.462891 0.588867
0 0.559570 0.037109 0.562500 0.043945 0.568359 0.044922 0.566406 0.039062
0 0.447266 0.843750 0.450195 0.848633 0.458984 0.850586 0.458984 0.846680 0.456055 0.844727
0 0.304688 0.203125 0.296875 0.203125 0.294922 0.206055 0.303711 0.207031
0 0.900391 0.915039 0.899414 0.923828 0.903320 0.924805 0.903320 0.916016
0 0.577148 0.092773 0.573242 0.094727 0.573242 0.103516 0.578125 0.098633
0 0.166992 0.740234 0.166992 0.742188 0.173828 0.742188 0.175781 0.738281
0 0.410156 0.939453 0.415039 0.946289 0.420898 0.946289 0.417969 0.940430
0 0.208008 0.930664 0.202148 0.933594 0.201172 0.941406 0.207031 0.939453
0 0.933594 0.939453 0.929688 0.940430 0.928711 0.948242 0.932617 0.946289
0 0.390625 0.551758 0.390625 0.560547 0.392578 0.563477 0.395508 0.563477 0.396484 0.557617
0 0.466797 0.853516 0.465820 0.858398 0.470703 0.863281 0.469727 0.855469
0 0.794922 0.560547 0.790039 0.561523 0.788086 0.564453 0.789062 0.569336 0.793945 0.565430
0 0.362305 0.184570 0.357422 0.186523 0.356445 0.192383 0.362305 0.189453
0 0.380859 0.265625 0.382812 0.269531 0.393555 0.267578 0.389648 0.263672
0 0.763672 0.131836 0.757812 0.134766 0.754883 0.145508 0.762695 0.141602 0.764648 0.137695
0 0.462891 0.801758 0.456055 0.802734 0.452148 0.808594 0.459961 0.808594
0 0.358398 0.609375 0.361328 0.614258 0.368164 0.615234 0.367188 0.611328
0 0.733398 0.458984 0.734375 0.461914 0.741211 0.462891 0.746094 0.460938 0.747070 0.457031 0.739258 0.456055
0 0.810547 0.604492 0.811523 0.607422 0.819336 0.606445 0.819336 0.603516
0 0.323242 0.742188 0.326172 0.748047 0.333008 0.748047 0.331055 0.744141
0 0.779297 0.015625 0.774414 0.017578 0.773438 0.026367 0.778320 0.022461
0 0.862305 0.321289 0.863281 0.326172 0.870117 0.329102 0.869141 0.324219
0 0.866211 0.146484 0.870117 0.151367 0.876953 0.150391 0.875000 0.146484
0 0.318359 0.041016 0.319336 0.043945 0.326172 0.044922 0.324219 0.041016
0 0.146484 0.488281 0.143555 0.488281 0.141602 0.491211 0.142578 0.498047 0.146484 0.493164
0 0.848633 0.849609 0.843750 0.849609 0.838867 0.856445 0.844727 0.856445
0 0.862305 0.797852 0.866211 0.803711 0.872070 0.804688 0.869141 0.798828
0 0.398438 0.650391 0.399414 0.656250 0.404297 0.659180 0.403320 0.652344
0 0.722656 0.180664 0.718750 0.182617 0.717773 0.190430 0.722656 0.187500
0 0.571289 0.767578 0.572266 0.770508 0.581055 0.770508 0.581055 0.766602
0 0.714844 0.529297 0.709961 0.527344 0.704102 0.530273 0.703125 0.533203 0.711914 0.534180