0 0.067383 0.763672 0.063477 0.766602 0.063477 0.773438 0.068359 0.769531 0.069336 0.765625
0 0.257812 0.733398 0.259766 0.736328 0.268555 0.734375 0.265625 0.731445
0 0.024414 0.509766 0.025391 0.516602 0.029297 0.518555 0.029297 0.511719
0 0.822266 0.188477 0.824219 0.193359 0.833008 0.193359 0.828125 0.188477
0 0.515625 0.666016 0.510742 0.666992 0.506836 0.673828 0.511719 0.673828
0 0.961914 0.895508 0.963867 0.898438 0.970703 0.897461 0.968750 0.894531
0 0.913086 0.105469 0.916992 0.112305 0.925781 0.112305 0.921875 0.106445 0.917969 0.104492
0 0.935547 0.782227 0.939453 0.786133 0.944336 0.786133 0.943359 0.782227
0 0.168945 0.004883 0.163086 0.006836 0.163086 0.014648 0.167969 0.010742
0 0.674805 0.381836 0.668945 0.380859 0.661133 0.384766 0.669922 0.386719 0.674805 0.384766
0 0.534180 0.539062 0.528320 0.542969 0.528320 0.546875 0.533203 0.544922
0 0.023438 0.852539 0.025391 0.856445 0.032227 0.857422 0.031250 0.853516
0 0.752930 0.384766 0.749023 0.387695 0.749023 0.396484 0.752930 0.394531
0 0.171875 0.978516 0.172852 0.983398 0.176758 0.985352 0.176758 0.980469
0 0.177734 0.953125 0.171875 0.953125 0.167969 0.958008 0.172852 0.958984
0 0.959961 0.965820 0.959961 0.974609 0.965820 0.979492 0.965820 0.969727 0.962891 0.965820
0 0.959961 0.305664 0.954102 0.306641 0.952148 0.311523 0.956055 0.311523
0 0.291992 0.459961 0.292969 0.468750 0.296875 0.472656 0.299805 0.471680 0.297852 0.462891
0 0.690430 0.324219 0.682617 0.332031 0.687500 0.332031 0.690430 0.329102
0 0.988281 0.741211 0.988281 0.747070 0.991211 0.751953 0.992188 0.743164
0 0.341797 0.897461 0.333984 0.898438 0.330078 0.904297 0.336914 0.904297
0 0.202148 0.047852 0.197266 0.052734 0.199219 0.060547 0.203125 0.054688
0 0.910156 0.324219 0.912109 0.331055 0.917969 0.333008 0.916016 0.326172
0 0.367188 0.415039 0.368164 0.418945 0.376953 0.419922 0.372070 0.415039
0 0.850586 0.115234 0.853516 0.120117 0.860352 0.120117 0.859375 0.117188
0 0.824219 0.787109 0.824219 0.790039 0.831055 0.793945 0.830078 0.789062
0 0.350586 0.719727 0.345703 0.721680 0.344727 0.731445 0.349609 0.727539
0 0.207031 0.762695 0.207031 0.769531 0.209961 0.773438 0.211914 0.766602
0 0.845703 0.528320 0.845703 0.534180 0.849609 0.537109 0.850586 0.531250 0.848633 0.528320
0 0.384766 0.277344 0.381836 0.278320 0.382812 0.286133 0.385742 0.283203
0 0.217773 0.570312 0.216797 0.578125 0.222656 0.583984 0.222656 0.575195
0 0.701172 0.118164 0.697266 0.123047 0.697266 0.128906 0.700195 0.132812 0.702148 0.128906
0 0.613281 0.834961 0.619141 0.838867 0.625977 0.837891 0.626953 0.835938 0.624023 0.833008 0.615234 0.833008
0 0.493164 0.826172 0.492188 0.833984 0.494141 0.836914 0.497070 0.836914 0.498047 0.831055
0 0.912109 0.580078 0.915039 0.583008 0.924805 0.581055 0.924805 0.579102 0.919922 0.577148 0.913086 0.578125
0 0.063477 0.982422 0.065430 0.986328 0.073242 0.985352 0.073242 0.983398 0.067383 0.981445
0 0.269531 0.430664 0.271484 0.438477 0.276367 0.440430 0.276367 0.434570
0 0.400391 0.884766 0.395508 0.886719 0.394531 0.892578 0.400391 0.888672
0 0.125000 0.797852 0.120117 0.798828 0.116211 0.806641 0.122070 0.805664
0 0.485352 0.132812 0.486328 0.135742 0.496094 0.133789 0.493164 0.130859
0 0.495117 0.748047 0.499023 0.751953 0.505859 0.751953 0.505859 0.749023 0.502930 0.747070
0 0.878906 0.645508 0.881836 0.649414 0.889648 0.647461 0.886719 0.644531
0 0.381836 0.102539 0.375977 0.101562 0.371094 0.106445 0.378906 0.107422
0 0.387695 0.585938 0.383789 0.587891 0.383789 0.596680 0.387695 0.593750
0 0.371094 0.980469 0.372070 0.986328 0.376953 0.989258 0.375977 0.980469
0 0.063477 0.964844 0.062500 0.969727 0.068359 0.975586 0.068359 0.968750
0 0.944336 0.072266 0.946289 0.074219 0.953125 0.073242 0.951172 0.070312
0 0.530273 0.206055 0.525391 0.205078 0.520508 0.208984 0.527344 0.209961
0 0.848633 0.201172 0.843750 0.202148 0.840820 0.208984 0.845703 0.208008
0 0.680664 0.584961 0.681641 0.588867 0.692383 0.590820 0.690430 0.585938 0.686523 0.583984
0 0.798828 0.111328 0.793945 0.111328 0.790039 0.119141 0.795898 0.117188
0 0.863281 0.202148 0.859375 0.204102 0.859375 0.213867 0.863281 0.210938
0 0.570312 0.882812 0.561523 0.882812 0.560547 0.885742 0.567383 0.886719
0 0.618164 0.151367 0.625977 0.151367 0.628906 0.147461 0.622070 0.146484 0.618164 0.148438
0 0.494141 0.705078 0.496094 0.710938 0.502930 0.711914 0.500000 0.706055
0 0.658203 0.687500 0.659180 0.691406 0.666992 0.691406 0.662109 0.687500