0 0.338867 0.526367 0.340820 0.534180 0.346680 0.536133 0.344727 0.529297
0 0.352539 0.707031 0.356445 0.710938 0.364258 0.708008 0.364258 0.706055 0.358398 0.705078
0 0.137695 0.603516 0.133789 0.605469 0.134766 0.615234 0.138672 0.611328
0 0.638672 0.281250 0.633789 0.282227 0.629883 0.289062 0.637695 0.286133
0 0.287109 0.533203 0.281250 0.533203 0.278320 0.539062 0.285156 0.537109
0 0.457031 0.164062 0.451172 0.163086 0.447266 0.168945 0.455078 0.167969
0 0.698242 0.490234 0.700195 0.498047 0.703125 0.499023 0.703125 0.493164
0 0.017578 0.403320 0.019531 0.408203 0.025391 0.409180 0.021484 0.403320
0 0.518555 0.682617 0.521484 0.686523 0.529297 0.685547 0.529297 0.682617 0.524414 0.680664
0 0.100586 0.192383 0.105469 0.197266 0.110352 0.197266 0.112305 0.194336 0.109375 0.191406
0 0.645508 0.351562 0.639648 0.357422 0.640625 0.364258 0.643555 0.364258 0.645508 0.361328
0 0.433594 0.623047 0.433594 0.625977 0.439453 0.628906 0.445312 0.627930 0.442383 0.623047
0 0.437500 0.482422 0.437500 0.488281 0.446289 0.493164 0.447266 0.491211 0.444336 0.486328
0 0.434570 0.973633 0.434570 0.977539 0.437500 0.980469 0.444336 0.981445 0.440430 0.974609
0 0.016602 0.879883 0.014648 0.887695 0.016602 0.892578 0.020508 0.893555 0.021484 0.885742 0.019531 0.880859
0 0.574219 0.106445 0.573242 0.115234 0.575195 0.119141 0.578125 0.119141 0.578125 0.109375
0 0.085938 0.555664 0.080078 0.556641 0.078125 0.560547 0.083984 0.560547
0 0.770508 0.936523 0.766602 0.937500 0.765625 0.945312 0.769531 0.943359
0 0.259766 0.459961 0.251953 0.461914 0.250000 0.466797 0.255859 0.466797
0 0.363281 0.258789 0.358398 0.260742 0.357422 0.266602 0.363281 0.262695
0 0.492188 0.057617 0.492188 0.061523 0.500000 0.065430 0.499023 0.060547
0 0.842773 0.706055 0.847656 0.707031 0.851562 0.702148 0.845703 0.702148
0 0.450195 0.719727 0.446289 0.717773 0.440430 0.719727 0.439453 0.722656 0.448242 0.723633
0 0.182617 0.726562 0.193359 0.727539 0.198242 0.723633 0.188477 0.721680 0.183594 0.723633
0 0.666992 0.976562 0.666016 0.981445 0.668945 0.986328 0.669922 0.977539
0 0.679688 0.129883 0.674805 0.132812 0.674805 0.143555 0.680664 0.137695
0 0.838867 0.960938 0.840820 0.964844 0.847656 0.964844 0.841797 0.959961
0 0.972656 0.967773 0.974609 0.972656 0.981445 0.973633 0.977539 0.967773
0 0.173828 0.544922 0.172852 0.550781 0.176758 0.555664 0.178711 0.550781 0.176758 0.545898
0 0.211914 0.167969 0.209961 0.169922 0.211914 0.174805 0.219727 0.177734 0.217773 0.170898
0 0.864258 0.291992 0.863281 0.296875 0.867188 0.301758 0.869141 0.297852
0 0.950195 0.967773 0.949219 0.972656 0.954102 0.980469 0.956055 0.973633 0.954102 0.968750
0 0.569336 0.048828 0.570312 0.053711 0.577148 0.058594 0.577148 0.051758
0 0.977539 0.321289 0.982422 0.326172 0.987305 0.325195 0.983398 0.321289
0 0.852539 0.407227 0.857422 0.412109 0.862305 0.412109 0.864258 0.409180 0.861328 0.406250
0 0.975586 0.273438 0.976562 0.277344 0.981445 0.280273 0.981445 0.275391
0 0.175781 0.125000 0.177734 0.131836 0.185547 0.134766 0.183594 0.127930 0.180664 0.125000
0 0.869141 0.582031 0.864258 0.585938 0.864258 0.592773 0.869141 0.590820
0 0.263672 0.381836 0.258789 0.383789 0.257812 0.391602 0.260742 0.391602
0 0.246094 0.081055 0.245117 0.085938 0.247070 0.089844 0.251953 0.091797 0.250977 0.083984
0 0.283203 0.216797 0.280273 0.216797 0.277344 0.221680 0.278320 0.229492 0.284180 0.223633
0 0.256836 0.492188 0.258789 0.497070 0.267578 0.499023 0.264648 0.493164
0 0.815430 0.522461 0.810547 0.522461 0.807617 0.528320 0.813477 0.527344
0 0.182617 0.280273 0.176758 0.284180 0.175781 0.289062 0.182617 0.286133
0 0.050781 0.570312 0.050781 0.575195 0.058594 0.578125 0.056641 0.572266
0 0.696289 0.558594 0.692383 0.559570 0.690430 0.567383 0.695312 0.565430
0 0.737305 0.203125 0.733398 0.205078 0.735352 0.215820 0.738281 0.212891
0 0.504883 0.673828 0.504883 0.677734 0.512695 0.681641 0.511719 0.676758
0 0.740234 0.159180 0.741211 0.161133 0.750977 0.161133 0.751953 0.157227
0 0.703125 0.282227 0.701172 0.289062 0.705078 0.293945 0.706055 0.286133
0 0.543945 0.708984 0.541016 0.708984 0.539062 0.712891 0.540039 0.719727 0.541992 0.719727 0.544922 0.713867
0 0.665039 0.957031 0.665039 0.959961 0.667969 0.961914 0.675781 0.960938 0.672852 0.957031
0 0.038086 0.872070 0.033203 0.874023 0.032227 0.882812 0.036133 0.880859
0 0.949219 0.770508 0.950195 0.775391 0.960938 0.778320 0.960938 0.775391 0.955078 0.770508
0 0.080078 0.852539 0.077148 0.862305 0.081055 0.867188 0.083008 0.860352
0 0.944336 0.199219 0.945312 0.201172 0.954102 0.200195 0.952148 0.197266
0 0.256836 0.346680 0.249023 0.348633 0.249023 0.351562 0.255859 0.350586
0 0.066406 0.130859 0.073242 0.131836 0.078125 0.127930 0.069336 0.126953
0 0.399414 0.187500 0.391602 0.189453 0.389648 0.193359 0.397461 0.192383
0 0.045898 0.423828 0.044922 0.428711 0.047852 0.432617 0.049805 0.425781