0 0.459961 0.125000 0.466797 0.125000 0.470703 0.123047 0.470703 0.120117 0.463867 0.120117 0.459961 0.122070
0 0.925781 0.802734 0.927734 0.807617 0.936523 0.808594 0.932617 0.803711
0 0.255859 0.233398 0.256836 0.237305 0.260742 0.239258 0.266602 0.238281 0.260742 0.233398
0 0.789062 0.180664 0.783203 0.181641 0.781250 0.186523 0.789062 0.185547
0 0.050781 0.520508 0.057617 0.520508 0.062500 0.515625 0.054688 0.514648 0.050781 0.517578
0 0.350586 0.650391 0.351562 0.658203 0.357422 0.661133 0.355469 0.651367
0 0.673828 0.452148 0.674805 0.461914 0.678711 0.462891 0.678711 0.454102
0 0.950195 0.059570 0.946289 0.063477 0.946289 0.069336 0.951172 0.064453
0 0.263672 0.676758 0.265625 0.682617 0.272461 0.685547 0.270508 0.678711
0 0.864258 0.954102 0.866211 0.957031 0.873047 0.955078 0.872070 0.952148
0 0.817383 0.534180 0.812500 0.536133 0.811523 0.543945 0.814453 0.543945
0 0.229492 0.214844 0.223633 0.214844 0.221680 0.218750 0.226562 0.218750
0 0.918945 0.394531 0.915039 0.396484 0.914062 0.403320 0.918945 0.399414
0 0.625000 0.397461 0.626953 0.402344 0.635742 0.402344 0.631836 0.397461
0 0.407227 0.823242 0.408203 0.828125 0.413086 0.831055 0.412109 0.824219
0 0.785156 0.414062 0.785156 0.416992 0.788086 0.418945 0.797852 0.417969 0.793945 0.414062
0 0.540039 0.051758 0.533203 0.052734 0.530273 0.058594 0.538086 0.056641
0 0.631836 0.065430 0.622070 0.068359 0.622070 0.072266 0.627930 0.071289
0 0.781250 0.974609 0.783203 0.977539 0.792969 0.976562 0.792969 0.973633 0.783203 0.972656
0 0.643555 0.618164 0.643555 0.626953 0.645508 0.629883 0.648438 0.629883 0.648438 0.622070
0 0.602539 0.639648 0.598633 0.642578 0.598633 0.650391 0.603516 0.645508
0 0.124023 0.563477 0.117188 0.563477 0.114258 0.566406 0.122070 0.567383
0 0.605469 0.168945 0.605469 0.171875 0.611328 0.175781 0.611328 0.170898
0 0.869141 0.219727 0.875000 0.222656 0.881836 0.221680 0.881836 0.218750 0.878906 0.216797
0 0.862305 0.643555 0.864258 0.651367 0.869141 0.654297 0.867188 0.644531
0 0.475586 0.898438 0.470703 0.899414 0.468750 0.906250 0.474609 0.903320
0 0.189453 0.664062 0.185547 0.664062 0.182617 0.669922 0.188477 0.668945
0 0.552734 0.925781 0.554688 0.930664 0.561523 0.930664 0.559570 0.926758
0 0.644531 0.439453 0.645508 0.442383 0.655273 0.440430 0.652344 0.437500
0 0.949219 0.284180 0.950195 0.286133 0.959961 0.285156 0.958008 0.282227 0.951172 0.282227
0 0.864258 0.971680 0.867188 0.975586 0.872070 0.975586 0.873047 0.973633 0.869141 0.970703