0 0.551758 0.753906 0.546875 0.755859 0.545898 0.766602 0.551758 0.760742
0 0.240234 0.952148 0.242188 0.958008 0.247070 0.959961 0.248047 0.956055 0.244141 0.952148
0 0.331055 0.324219 0.338867 0.324219 0.341797 0.321289 0.334961 0.319336
0 0.885742 0.602539 0.885742 0.604492 0.891602 0.606445 0.897461 0.604492 0.895508 0.600586
0 0.325195 0.046875 0.323242 0.051758 0.328125 0.058594 0.329102 0.052734
0 0.022461 0.313477 0.022461 0.321289 0.025391 0.322266 0.026367 0.315430
0 0.823242 0.266602 0.823242 0.270508 0.828125 0.276367 0.827148 0.267578
0 0.389648 0.007812 0.389648 0.010742 0.392578 0.011719 0.400391 0.009766 0.400391 0.007812 0.396484 0.006836
0 0.899414 0.620117 0.907227 0.620117 0.912109 0.616211 0.904297 0.615234
0 0.406250 0.507812 0.406250 0.515625 0.409180 0.518555 0.410156 0.510742 0.409180 0.507812
0 0.820312 0.641602 0.813477 0.642578 0.811523 0.646484 0.818359 0.645508
0 0.069336 0.772461 0.072266 0.776367 0.079102 0.776367 0.077148 0.772461
0 0.328125 0.139648 0.328125 0.147461 0.330078 0.150391 0.333008 0.150391 0.333008 0.143555
0 0.395508 0.352539 0.390625 0.354492 0.390625 0.361328 0.394531 0.358398
0 0.431641 0.756836 0.437500 0.761719 0.444336 0.760742 0.440430 0.755859
0 0.319336 0.247070 0.320312 0.251953 0.324219 0.253906 0.329102 0.252930 0.325195 0.248047
0 0.399414 0.390625 0.394531 0.392578 0.392578 0.401367 0.398438 0.398438
0 0.039062 0.684570 0.037109 0.682617 0.031250 0.684570 0.028320 0.692383 0.035156 0.690430
0 0.273438 0.850586 0.273438 0.854492 0.280273 0.857422 0.279297 0.852539
0 0.964844 0.510742 0.958984 0.510742 0.955078 0.517578 0.962891 0.515625
0 0.760742 0.266602 0.762695 0.272461 0.767578 0.275391 0.766602 0.269531
0 0.919922 0.966797 0.919922 0.975586 0.922852 0.976562 0.924805 0.969727 0.923828 0.966797
0 0.951172 0.812500 0.945312 0.813477 0.941406 0.822266 0.948242 0.819336
0 0.289062 0.403320 0.291016 0.408203 0.298828 0.410156 0.297852 0.406250 0.293945 0.403320
0 0.105469 0.527344 0.109375 0.532227 0.115234 0.533203 0.113281 0.528320
0 0.678711 0.412109 0.674805 0.415039 0.674805 0.422852 0.679688 0.418945 0.680664 0.415039
0 0.096680 0.034180 0.096680 0.041992 0.099609 0.044922 0.101562 0.043945 0.101562 0.037109 0.099609 0.034180
0 0.734375 0.180664 0.735352 0.184570 0.743164 0.185547 0.741211 0.181641
0 0.769531 0.987305 0.764648 0.988281 0.762695 0.993164 0.767578 0.992188
0 0.916992 0.579102 0.914062 0.582031 0.915039 0.591797 0.917969 0.590820 0.918945 0.580078
0 0.362305 0.183594 0.356445 0.182617 0.350586 0.186523 0.356445 0.188477
0 0.291016 0.561523 0.287109 0.565430 0.287109 0.571289 0.291992 0.566406
0 0.983398 0.651367 0.978516 0.652344 0.975586 0.659180 0.979492 0.659180
0 0.167969 0.530273 0.161133 0.531250 0.157227 0.537109 0.165039 0.536133
0 0.935547 0.791016 0.930664 0.793945 0.929688 0.800781 0.933594 0.799805
0 0.328125 0.191406 0.329102 0.194336 0.336914 0.194336 0.335938 0.191406
0 0.273438 0.515625 0.273438 0.521484 0.277344 0.525391 0.278320 0.519531 0.276367 0.515625
0 0.302734 0.261719 0.309570 0.260742 0.312500 0.256836 0.305664 0.256836 0.302734 0.258789
0 0.686523 0.178711 0.689453 0.181641 0.696289 0.181641 0.694336 0.177734
0 0.360352 0.964844 0.367188 0.965820 0.372070 0.960938 0.364258 0.959961
0 0.596680 0.416016 0.598633 0.423828 0.602539 0.426758 0.602539 0.417969
0 0.865234 0.825195 0.867188 0.832031 0.872070 0.834961 0.873047 0.830078 0.869141 0.825195
0 0.017578 0.649414 0.011719 0.649414 0.007812 0.654297 0.013672 0.654297
0 0.971680 0.592773 0.973633 0.600586 0.977539 0.601562 0.976562 0.594727
0 0.170898 0.777344 0.165039 0.775391 0.158203 0.778320 0.157227 0.781250 0.166992 0.781250
0 0.543945 0.935547 0.545898 0.944336 0.549805 0.945312 0.549805 0.938477
0 0.761719 0.632812 0.755859 0.638672 0.756836 0.644531 0.761719 0.641602
0 0.116211 0.745117 0.118164 0.750000 0.126953 0.751953 0.126953 0.749023 0.123047 0.746094
0 0.340820 0.164062 0.341797 0.168945 0.348633 0.171875 0.347656 0.166992
0 0.428711 0.375977 0.429688 0.379883 0.439453 0.381836 0.437500 0.377930
0 0.765625 0.007812 0.762695 0.007812 0.760742 0.010742 0.760742 0.017578 0.762695 0.019531 0.765625 0.015625
0 0.691406 0.589844 0.686523 0.590820 0.684570 0.595703 0.685547 0.601562 0.689453 0.598633
0 0.413086 0.098633 0.408203 0.098633 0.403320 0.105469 0.410156 0.104492
0 0.119141 0.958008 0.117188 0.962891 0.120117 0.968750 0.122070 0.960938
0 0.311523 0.861328 0.320312 0.862305 0.324219 0.858398 0.314453 0.857422