0 0.583008 0.142578 0.585938 0.149414 0.593750 0.151367 0.588867 0.143555
0 0.949219 0.387695 0.951172 0.392578 0.959961 0.392578 0.956055 0.387695
0 0.203125 0.437500 0.212891 0.439453 0.215820 0.438477 0.215820 0.435547 0.208008 0.434570
0 0.516602 0.365234 0.510742 0.363281 0.504883 0.366211 0.503906 0.369141 0.512695 0.369141
0 0.502930 0.389648 0.504883 0.396484 0.510742 0.399414 0.509766 0.392578
0 0.141602 0.624023 0.145508 0.628906 0.154297 0.627930 0.150391 0.623047
0 0.258789 0.392578 0.263672 0.395508 0.268555 0.394531 0.265625 0.390625
0 0.730469 0.154297 0.736328 0.154297 0.740234 0.150391 0.734375 0.149414
0 0.038086 0.106445 0.037109 0.109375 0.040039 0.114258 0.045898 0.116211 0.045898 0.111328
0 0.954102 0.624023 0.947266 0.625977 0.945312 0.631836 0.950195 0.631836
0 0.537109 0.708008 0.533203 0.709961 0.533203 0.716797 0.537109 0.715820
0 0.857422 0.086914 0.859375 0.093750 0.865234 0.095703 0.865234 0.090820
0 0.187500 0.516602 0.178711 0.518555 0.176758 0.523438 0.182617 0.523438 0.187500 0.519531
0 0.921875 0.847656 0.916016 0.847656 0.911133 0.854492 0.918945 0.852539
0 0.203125 0.536133 0.203125 0.541016 0.208984 0.544922 0.208984 0.540039
0 0.295898 0.833008 0.294922 0.837891 0.298828 0.843750 0.300781 0.838867 0.298828 0.833984
0 0.785156 0.711914 0.788086 0.717773 0.793945 0.718750 0.791016 0.712891
0 0.046875 0.875977 0.047852 0.884766 0.052734 0.886719 0.051758 0.878906
0 0.560547 0.615234 0.555664 0.617188 0.555664 0.626953 0.561523 0.622070 0.562500 0.618164
0 0.287109 0.141602 0.287109 0.143555 0.292969 0.143555 0.294922 0.139648
0 0.565430 0.532227 0.562500 0.532227 0.560547 0.535156 0.561523 0.541016 0.565430 0.537109
0 0.172852 0.625977 0.166992 0.628906 0.166016 0.635742 0.172852 0.632812
0 0.386719 0.711914 0.385742 0.715820 0.388672 0.720703 0.394531 0.722656 0.392578 0.714844
0 0.713867 0.504883 0.715820 0.509766 0.720703 0.511719 0.719727 0.507812
0 0.313477 0.902344 0.313477 0.912109 0.318359 0.914062 0.317383 0.906250
0 0.545898 0.227539 0.545898 0.230469 0.548828 0.232422 0.559570 0.230469 0.559570 0.228516 0.554688 0.226562
0 0.476562 0.523438 0.470703 0.524414 0.468750 0.532227 0.475586 0.528320
0 0.414062 0.892578 0.416992 0.899414 0.421875 0.900391 0.419922 0.894531
0 0.621094 0.455078 0.622070 0.460938 0.628906 0.464844 0.626953 0.457031
0 0.061523 0.143555 0.056641 0.145508 0.055664 0.153320 0.060547 0.150391
0 0.336914 0.934570 0.341797 0.938477 0.347656 0.937500 0.343750 0.933594
0 0.568359 0.274414 0.564453 0.279297 0.564453 0.284180 0.567383 0.284180 0.569336 0.281250
0 0.376953 0.683594 0.373047 0.684570 0.370117 0.690430 0.371094 0.694336 0.376953 0.690430
0 0.915039 0.045898 0.916992 0.051758 0.923828 0.052734 0.920898 0.046875
0 0.711914 0.660156 0.708008 0.663086 0.708008 0.670898 0.712891 0.667969
0 0.851562 0.493164 0.849609 0.500000 0.852539 0.504883 0.854492 0.496094
0 0.052734 0.466797 0.044922 0.466797 0.041016 0.470703 0.050781 0.470703
0 0.986328 0.181641 0.985352 0.186523 0.989258 0.190430 0.990234 0.184570
0 0.350586 0.682617 0.351562 0.688477 0.360352 0.691406 0.356445 0.683594
0 0.854492 0.443359 0.849609 0.449219 0.850586 0.455078 0.855469 0.452148
0 0.450195 0.156250 0.444336 0.160156 0.443359 0.166016 0.449219 0.164062
0 0.392578 0.215820 0.387695 0.217773 0.386719 0.225586 0.391602 0.221680
0 0.308594 0.523438 0.307617 0.533203 0.310547 0.536133 0.313477 0.533203 0.313477 0.527344
0 0.235352 0.190430 0.236328 0.194336 0.241211 0.198242 0.241211 0.192383
0 0.047852 0.769531 0.041992 0.767578 0.036133 0.771484 0.043945 0.773438