0 0.432617 0.500977 0.426758 0.501953 0.424805 0.507812 0.429688 0.506836
0 0.688477 0.072266 0.687500 0.076172 0.693359 0.082031 0.692383 0.074219
0 0.904297 0.794922 0.907227 0.799805 0.916016 0.801758 0.915039 0.797852 0.911133 0.794922
0 0.166992 0.743164 0.160156 0.745117 0.157227 0.750977 0.164062 0.750000
0 0.009766 0.334961 0.011719 0.336914 0.020508 0.336914 0.022461 0.333008 0.014648 0.332031
0 0.506836 0.556641 0.509766 0.561523 0.516602 0.562500 0.513672 0.556641
0 0.426758 0.249023 0.421875 0.251953 0.419922 0.258789 0.421875 0.260742 0.427734 0.254883 0.428711 0.250977
0 0.591797 0.191406 0.585938 0.192383 0.583008 0.198242 0.588867 0.197266
0 0.083008 0.741211 0.084961 0.745117 0.093750 0.743164 0.091797 0.740234
0 0.131836 0.041992 0.127930 0.042969 0.127930 0.051758 0.131836 0.048828
0 0.379883 0.592773 0.385742 0.593750 0.390625 0.588867 0.382812 0.588867
0 0.728516 0.013672 0.731445 0.020508 0.736328 0.020508 0.735352 0.015625
0 0.599609 0.618164 0.608398 0.618164 0.610352 0.614258 0.603516 0.613281
0 0.821289 0.427734 0.825195 0.431641 0.832031 0.431641 0.825195 0.425781
0 0.348633 0.388672 0.343750 0.387695 0.338867 0.391602 0.344727 0.392578
0 0.115234 0.172852 0.115234 0.178711 0.120117 0.183594 0.119141 0.174805
0 0.924805 0.335938 0.923828 0.341797 0.928711 0.346680 0.928711 0.339844
0 0.978516 0.868164 0.972656 0.871094 0.971680 0.876953 0.976562 0.875000
0 0.766602 0.299805 0.760742 0.299805 0.757812 0.305664 0.762695 0.305664
0 0.889648 0.221680 0.892578 0.228516 0.898438 0.228516 0.894531 0.222656
0 0.579102 0.567383 0.580078 0.570312 0.585938 0.572266 0.594727 0.569336 0.592773 0.565430
0 0.083984 0.951172 0.082031 0.954102 0.086914 0.960938 0.087891 0.957031
0 0.392578 0.189453 0.391602 0.192383 0.394531 0.197266 0.400391 0.199219 0.400391 0.194336
0 0.763672 0.849609 0.763672 0.852539 0.769531 0.855469 0.775391 0.854492 0.772461 0.849609
0 0.203125 0.982422 0.197266 0.983398 0.195312 0.988281 0.200195 0.987305
0 0.810547 0.291992 0.808594 0.295898 0.812500 0.301758 0.813477 0.294922
0 0.399414 0.475586 0.393555 0.478516 0.392578 0.484375 0.398438 0.480469
0 0.128906 0.090820 0.127930 0.097656 0.133789 0.102539 0.133789 0.095703
0 0.769531 0.413086 0.764648 0.413086 0.759766 0.420898 0.765625 0.419922
0 0.258789 0.372070 0.254883 0.374023 0.255859 0.381836
0 0.916992 0.742188 0.910156 0.745117 0.909180 0.751953 0.916992 0.747070
0 0.282227 0.941406 0.280273 0.948242 0.287109 0.954102 0.286133 0.944336
0 0.345703 0.709961 0.340820 0.713867 0.340820 0.720703 0.345703 0.717773
0 0.324219 0.232422 0.325195 0.239258 0.330078 0.241211 0.330078 0.236328
0 0.921875 0.666992 0.923828 0.671875 0.931641 0.672852 0.928711 0.667969
0 0.218750 0.232422 0.223633 0.234375 0.228516 0.232422 0.229492 0.229492 0.222656 0.228516
0 0.551758 0.511719 0.546875 0.513672 0.545898 0.521484 0.550781 0.518555
0 0.085938 0.151367 0.082031 0.155273 0.083008 0.161133 0.086914 0.156250
0 0.887695 0.418945 0.884766 0.419922 0.883789 0.425781 0.885742 0.431641 0.889648 0.433594 0.891602 0.428711