0 0.472656 0.472656 0.471680 0.476562 0.473633 0.479492 0.480469 0.482422 0.477539 0.474609
0 0.958984 0.216797 0.965820 0.218750 0.968750 0.217773 0.968750 0.214844 0.962891 0.213867
0 0.992188 0.812500 0.983398 0.813477 0.980469 0.815430 0.979492 0.820312 0.987305 0.819336
0 0.549805 0.782227 0.546875 0.783203 0.544922 0.791992 0.549805 0.789062
0 0.987305 0.870117 0.982422 0.870117 0.978516 0.876953 0.986328 0.874023
0 0.651367 0.551758 0.655273 0.556641 0.661133 0.557617 0.663086 0.555664 0.660156 0.551758
0 0.925781 0.178711 0.925781 0.181641 0.934570 0.180664 0.932617 0.177734
0 0.024414 0.591797 0.023438 0.597656 0.026367 0.601562 0.028320 0.593750
0 0.262695 0.135742 0.255859 0.140625 0.255859 0.146484 0.261719 0.143555
0 0.316406 0.215820 0.324219 0.216797 0.330078 0.212891 0.330078 0.209961 0.321289 0.209961 0.317383 0.211914
0 0.403320 0.092773 0.398438 0.093750 0.395508 0.100586 0.399414 0.100586
0 0.041992 0.764648 0.045898 0.770508 0.051758 0.771484 0.049805 0.765625
0 0.147461 0.712891 0.149414 0.721680 0.154297 0.723633 0.152344 0.713867
0 0.267578 0.590820 0.266602 0.598633 0.269531 0.600586 0.270508 0.592773
0 0.205078 0.389648 0.203125 0.389648 0.200195 0.395508 0.201172 0.401367 0.206055 0.398438
0 0.422852 0.890625 0.417969 0.891602 0.415039 0.897461 0.419922 0.897461
0 0.858398 0.439453 0.859375 0.445312 0.865234 0.448242 0.864258 0.442383
0 0.958984 0.262695 0.958984 0.269531 0.963867 0.272461 0.963867 0.265625
0 0.285156 0.013672 0.276367 0.015625 0.274414 0.019531 0.279297 0.020508
0 0.695312 0.347656 0.696289 0.355469 0.703125 0.360352 0.702148 0.351562 0.700195 0.348633
0 0.923828 0.223633 0.928711 0.227539 0.937500 0.225586 0.936523 0.222656 0.926758 0.220703
0 0.267578 0.755859 0.264648 0.756836 0.265625 0.764648 0.268555 0.761719
0 0.238281 0.292969 0.234375 0.292969 0.231445 0.295898 0.230469 0.303711 0.233398 0.303711 0.238281 0.298828
0 0.763672 0.642578 0.762695 0.649414 0.767578 0.653320 0.767578 0.645508
0 0.637695 0.369141 0.642578 0.374023 0.650391 0.374023 0.652344 0.372070 0.647461 0.368164
0 0.843750 0.389648 0.846680 0.394531 0.853516 0.395508 0.850586 0.389648
0 0.719727 0.709961 0.715820 0.711914 0.715820 0.717773 0.718750 0.716797
0 0.963867 0.738281 0.962891 0.745117 0.964844 0.749023 0.967773 0.749023 0.967773 0.742188
0 0.825195 0.142578 0.820312 0.143555 0.818359 0.152344 0.824219 0.149414
0 0.790039 0.635742 0.780273 0.637695 0.779297 0.642578 0.787109 0.641602
0 0.811523 0.120117 0.807617 0.124023 0.808594 0.129883
0 0.073242 0.297852 0.069336 0.299805 0.068359 0.307617 0.071289 0.307617 0.073242 0.304688
0 0.512695 0.305664 0.516602 0.309570 0.523438 0.308594 0.523438 0.305664 0.520508 0.303711
0 0.033203 0.822266 0.039062 0.824219 0.043945 0.820312 0.036133 0.819336
0 0.314453 0.458984 0.314453 0.464844 0.317383 0.468750 0.320312 0.468750 0.319336 0.459961
0 0.216797 0.139648 0.217773 0.147461 0.220703 0.148438 0.221680 0.144531
0 0.446289 0.984375 0.450195 0.987305 0.456055 0.986328 0.454102 0.982422
0 0.363281 0.916016 0.364258 0.920898 0.375000 0.923828 0.375977 0.920898 0.367188 0.915039
0 0.488281 0.474609 0.488281 0.479492 0.493164 0.484375 0.496094 0.484375 0.495117 0.476562
0 0.142578 0.347656 0.143555 0.351562 0.152344 0.352539 0.150391 0.348633
0 0.346680 0.808594 0.351562 0.814453 0.357422 0.812500 0.354492 0.808594
0 0.881836 0.210938 0.886719 0.214844 0.893555 0.213867 0.893555 0.210938 0.888672 0.208984
0 0.912109 0.654297 0.912109 0.659180 0.918945 0.663086 0.917969 0.657227
0 0.207031 0.549805 0.203125 0.549805 0.201172 0.553711 0.202148 0.561523 0.207031 0.556641
0 0.929688 0.718750 0.928711 0.728516 0.932617 0.730469 0.934570 0.723633
0 0.732422 0.491211 0.730469 0.493164 0.731445 0.503906 0.735352 0.500977 0.735352 0.493164
0 0.812500 0.840820 0.808594 0.843750 0.808594 0.850586 0.811523 0.850586 0.813477 0.846680
0 0.695312 0.258789 0.685547 0.260742 0.685547 0.264648 0.693359 0.263672
0 0.131836 0.581055 0.126953 0.582031 0.123047 0.585938 0.123047 0.589844 0.128906 0.588867
0 0.596680 0.434570 0.597656 0.437500 0.602539 0.439453 0.607422 0.437500 0.606445 0.434570
0 0.274414 0.446289 0.271484 0.448242 0.272461 0.457031 0.276367 0.451172
0 0.730469 0.465820 0.723633 0.468750 0.721680 0.474609 0.727539 0.473633
0 0.860352 0.855469 0.862305 0.861328 0.868164 0.862305 0.865234 0.856445
0 0.903320 0.165039 0.896484 0.165039 0.892578 0.170898 0.900391 0.169922
0 0.958008 0.986328 0.954102 0.988281 0.954102 0.994141 0.958008 0.991211
0 0.609375 0.397461 0.608398 0.402344 0.612305 0.406250 0.612305 0.399414
0 0.471680 0.652344 0.471680 0.655273 0.474609 0.657227 0.483398 0.657227 0.475586 0.651367