0 0.560547 0.041992 0.565430 0.047852 0.576172 0.047852 0.571289 0.041992
0 0.041016 0.713867 0.034180 0.714844 0.032227 0.720703 0.039062 0.718750
0 0.975586 0.511719 0.974609 0.516602 0.976562 0.521484 0.978516 0.521484 0.980469 0.514648
0 0.993164 0.673828 0.987305 0.675781 0.986328 0.681641 0.992188 0.678711
0 0.325195 0.888672 0.326172 0.894531 0.333008 0.897461 0.331055 0.890625
0 0.571289 0.250977 0.565430 0.250977 0.559570 0.255859 0.567383 0.256836 0.571289 0.253906
0 0.859375 0.580078 0.859375 0.585938 0.864258 0.588867 0.864258 0.583008
0 0.840820 0.460938 0.840820 0.470703 0.844727 0.471680 0.844727 0.462891
0 0.832031 0.175781 0.825195 0.179688 0.825195 0.184570 0.831055 0.181641
0 0.774414 0.187500 0.776367 0.191406 0.784180 0.192383 0.781250 0.187500
0 0.149414 0.063477 0.149414 0.067383 0.156250 0.071289 0.154297 0.065430
0 0.654297 0.389648 0.655273 0.391602 0.663086 0.392578 0.661133 0.388672
0 0.017578 0.722656 0.019531 0.725586 0.026367 0.724609 0.024414 0.721680
0 0.737305 0.281250 0.737305 0.286133 0.744141 0.290039 0.742188 0.283203
0 0.464844 0.045898 0.459961 0.046875 0.457031 0.055664 0.462891 0.052734
0 0.858398 0.125977 0.862305 0.129883 0.867188 0.129883 0.867188 0.126953 0.864258 0.125000
0 0.601562 0.893555 0.601562 0.898438 0.606445 0.903320 0.607422 0.898438 0.604492 0.893555
0 0.134766 0.602539 0.134766 0.605469 0.137695 0.607422 0.143555 0.607422 0.141602 0.603516
0 0.137695 0.488281 0.140625 0.497070 0.144531 0.498047 0.144531 0.492188
0 0.215820 0.037109 0.216797 0.041016 0.222656 0.044922 0.222656 0.040039
0 0.505859 0.260742 0.501953 0.261719 0.500000 0.270508 0.505859 0.265625
0 0.937500 0.107422 0.933594 0.109375 0.931641 0.118164 0.937500 0.114258
0 0.766602 0.065430 0.761719 0.064453 0.755859 0.072266 0.764648 0.070312
0 0.353516 0.298828 0.354492 0.304688 0.361328 0.307617 0.359375 0.299805
0 0.366211 0.472656 0.366211 0.478516 0.370117 0.481445 0.371094 0.475586 0.369141 0.472656
0 0.262695 0.702148 0.263672 0.707031 0.267578 0.710938 0.272461 0.709961 0.269531 0.704102
0 0.592773 0.610352 0.593750 0.616211 0.601562 0.619141 0.598633 0.611328
0 0.758789 0.297852 0.758789 0.299805 0.763672 0.301758 0.770508 0.300781 0.767578 0.296875
0 0.648438 0.781250 0.650391 0.784180 0.659180 0.784180 0.656250 0.780273
0 0.932617 0.377930 0.926758 0.376953 0.922852 0.378906 0.922852 0.381836 0.928711 0.381836
0 0.295898 0.949219 0.286133 0.949219 0.285156 0.953125 0.291992 0.953125
0 0.683594 0.363281 0.684570 0.367188 0.689453 0.371094 0.689453 0.364258
0 0.359375 0.973633 0.363281 0.980469 0.371094 0.981445 0.365234 0.973633
0 0.518555 0.507812 0.514648 0.507812 0.511719 0.510742 0.510742 0.516602 0.517578 0.513672
0 0.988281 0.396484 0.985352 0.396484 0.983398 0.399414 0.983398 0.407227 0.988281 0.403320
0 0.070312 0.341797 0.078125 0.342773 0.080078 0.338867 0.073242 0.338867
0 0.441406 0.984375 0.435547 0.987305 0.434570 0.993164 0.440430 0.991211
0 0.416016 0.833008 0.411133 0.837891 0.412109 0.845703 0.414062 0.846680 0.416992 0.840820
0 0.780273 0.337891 0.775391 0.337891 0.770508 0.344727 0.777344 0.343750
0 0.242188 0.565430 0.239258 0.565430 0.237305 0.569336 0.239258 0.575195
0 0.673828 0.951172 0.672852 0.957031 0.680664 0.960938 0.678711 0.954102
0 0.125000 0.924805 0.125977 0.930664 0.133789 0.932617 0.130859 0.926758
0 0.392578 0.514648 0.394531 0.520508 0.403320 0.521484 0.399414 0.515625
0 0.084961 0.286133 0.079102 0.287109 0.076172 0.291992 0.083008 0.291016
0 0.669922 0.134766 0.666016 0.137695 0.666016 0.145508 0.670898 0.140625
0 0.083008 0.256836 0.085938 0.262695 0.092773 0.263672 0.090820 0.258789
0 0.360352 0.228516 0.367188 0.229492 0.371094 0.224609 0.362305 0.224609
0 0.408203 0.121094 0.402344 0.123047 0.402344 0.128906 0.407227 0.125977
0 0.023438 0.229492 0.024414 0.233398 0.030273 0.234375 0.027344 0.229492
0 0.879883 0.987305 0.875000 0.986328 0.869141 0.992188 0.875000 0.992188
0 0.932617 0.670898 0.936523 0.676758 0.943359 0.677734 0.941406 0.672852
0 0.713867 0.852539 0.716797 0.855469 0.724609 0.854492 0.722656 0.850586
0 0.245117 0.445312 0.242188 0.447266 0.244141 0.457031 0.246094 0.453125
0 0.285156 0.648438 0.287109 0.651367 0.294922 0.650391 0.293945 0.647461
0 0.326172 0.667969 0.320312 0.670898 0.320312 0.678711 0.327148 0.673828