0 0.550781 0.961914 0.557617 0.966797 0.565430 0.964844 0.561523 0.960938
0 0.723633 0.697266 0.717773 0.698242 0.714844 0.704102 0.720703 0.703125
0 0.844727 0.030273 0.842773 0.041016 0.846680 0.041992 0.847656 0.032227
0 0.871094 0.160156 0.864258 0.160156 0.860352 0.166016 0.868164 0.165039
0 0.405273 0.365234 0.406250 0.370117 0.412109 0.373047 0.412109 0.368164
0 0.645508 0.476562 0.638672 0.479492 0.637695 0.485352 0.644531 0.482422
0 0.662109 0.208984 0.661133 0.213867 0.664062 0.219727 0.666016 0.209961
0 0.616211 0.291992 0.621094 0.297852 0.629883 0.297852 0.629883 0.294922 0.625000 0.291992
0 0.767578 0.315430 0.767578 0.322266 0.771484 0.324219 0.772461 0.320312
0 0.324219 0.942383 0.320312 0.944336 0.320312 0.952148 0.324219 0.948242
0 0.869141 0.968750 0.868164 0.970703 0.871094 0.974609 0.879883 0.976562 0.875000 0.969727
0 0.875977 0.946289 0.876953 0.953125 0.884766 0.957031 0.881836 0.948242
0 0.927734 0.692383 0.927734 0.700195 0.930664 0.704102 0.933594 0.704102 0.934570 0.699219
0 0.868164 0.675781 0.872070 0.681641 0.877930 0.681641 0.876953 0.677734
0 0.883789 0.412109 0.887695 0.416992 0.896484 0.415039 0.891602 0.411133
0 0.770508 0.171875 0.765625 0.172852 0.762695 0.179688 0.766602 0.178711
0 0.903320 0.475586 0.901367 0.474609 0.897461 0.477539 0.897461 0.484375 0.902344 0.480469
0 0.848633 0.296875 0.841797 0.298828 0.840820 0.301758 0.847656 0.300781
0 0.589844 0.546875 0.583984 0.550781 0.583984 0.556641 0.588867 0.554688
0 0.363281 0.670898 0.363281 0.678711 0.370117 0.681641 0.369141 0.674805
0 0.873047 0.844727 0.879883 0.844727 0.882812 0.842773 0.882812 0.839844 0.876953 0.839844
0 0.899414 0.454102 0.902344 0.462891 0.907227 0.464844 0.906250 0.457031
0 0.925781 0.632812 0.916016 0.631836 0.911133 0.636719 0.918945 0.637695
0 0.245117 0.586914 0.248047 0.594727 0.251953 0.595703 0.251953 0.590820
0 0.542969 0.950195 0.543945 0.956055 0.551758 0.958984 0.548828 0.952148
0 0.855469 0.408203 0.854492 0.411133 0.858398 0.416992 0.859375 0.411133
0 0.052734 0.502930 0.056641 0.512695 0.065430 0.514648 0.062500 0.506836
0 0.968750 0.043945 0.968750 0.049805 0.975586 0.053711 0.973633 0.045898
0 0.673828 0.192383 0.666016 0.193359 0.663086 0.199219 0.669922 0.198242
0 0.724609 0.022461 0.717773 0.025391 0.715820 0.030273 0.717773 0.033203 0.724609 0.027344
0 0.706055 0.434570 0.704102 0.433594 0.700195 0.436523 0.699219 0.442383 0.705078 0.439453
0 0.420898 0.589844 0.423828 0.592773 0.430664 0.591797 0.428711 0.587891
0 0.109375 0.030273 0.107422 0.035156 0.110352 0.041992 0.113281 0.035156
0 0.894531 0.628906 0.890625 0.628906 0.886719 0.632812 0.885742 0.640625 0.894531 0.633789
0 0.706055 0.595703 0.705078 0.605469 0.708008 0.605469 0.708984 0.597656
0 0.579102 0.412109 0.576172 0.414062 0.578125 0.422852 0.581055 0.418945
0 0.055664 0.166016 0.058594 0.171875 0.065430 0.172852 0.062500 0.166992
0 0.567383 0.306641 0.567383 0.313477 0.572266 0.316406 0.571289 0.308594
0 0.078125 0.163086 0.074219 0.164062 0.074219 0.172852 0.078125 0.170898
0 0.687500 0.581055 0.689453 0.584961 0.696289 0.584961 0.701172 0.582031 0.697266 0.579102
0 0.136719 0.261719 0.138672 0.264648 0.146484 0.262695 0.145508 0.260742
0 0.993164 0.604492 0.985352 0.606445 0.983398 0.611328 0.990234 0.610352
0 0.640625 0.458008 0.632812 0.459961 0.630859 0.465820 0.636719 0.464844
0 0.315430 0.757812 0.313477 0.762695 0.315430 0.767578 0.318359 0.768555 0.319336 0.760742
0 0.654297 0.115234 0.653320 0.122070 0.656250 0.126953 0.659180 0.126953 0.659180 0.119141