0 0.303711 0.972656 0.298828 0.973633 0.296875 0.981445 0.302734 0.977539
0 0.941406 0.872070 0.945312 0.875977 0.952148 0.875000 0.948242 0.871094
0 0.066406 0.297852 0.062500 0.302734 0.062500 0.307617 0.066406 0.306641
0 0.116211 0.204102 0.121094 0.209961 0.126953 0.208984 0.123047 0.204102
0 0.745117 0.270508 0.741211 0.270508 0.739258 0.274414 0.740234 0.282227 0.745117 0.276367
0 0.046875 0.062500 0.040039 0.066406 0.040039 0.071289 0.045898 0.069336
0 0.750000 0.589844 0.747070 0.590820 0.748047 0.600586 0.750977 0.594727
0 0.148438 0.853516 0.144531 0.855469 0.144531 0.864258 0.148438 0.861328
0 0.357422 0.745117 0.351562 0.747070 0.349609 0.754883 0.356445 0.750977
0 0.826172 0.034180 0.829102 0.038086 0.837891 0.038086 0.833984 0.033203 0.829102 0.032227
0 0.100586 0.370117 0.092773 0.371094 0.089844 0.377930 0.097656 0.375977
0 0.347656 0.710938 0.342773 0.712891 0.340820 0.720703 0.345703 0.719727 0.348633 0.713867
0 0.508789 0.704102 0.507812 0.706055 0.510742 0.710938 0.515625 0.712891 0.514648 0.707031
0 0.118164 0.350586 0.113281 0.351562 0.110352 0.355469 0.114258 0.356445
0 0.468750 0.915039 0.462891 0.915039 0.458984 0.918945 0.458008 0.923828 0.465820 0.920898
0 0.587891 0.234375 0.582031 0.237305 0.581055 0.243164 0.586914 0.239258
0 0.870117 0.234375 0.871094 0.239258 0.878906 0.243164 0.878906 0.239258 0.875000 0.235352
0 0.763672 0.812500 0.758789 0.814453 0.756836 0.821289 0.761719 0.820312
0 0.628906 0.685547 0.630859 0.689453 0.638672 0.688477 0.638672 0.686523 0.633789 0.684570
0 0.421875 0.260742 0.417969 0.261719 0.416016 0.269531 0.422852 0.265625
0 0.198242 0.591797 0.195312 0.594727 0.196289 0.603516 0.200195 0.599609
0 0.961914 0.257812 0.960938 0.261719 0.967773 0.264648 0.966797 0.259766
0 0.027344 0.431641 0.023438 0.434570 0.024414 0.443359 0.028320 0.439453
0 0.294922 0.336914 0.290039 0.340820 0.290039 0.347656 0.294922 0.343750
0 0.023438 0.741211 0.022461 0.746094 0.027344 0.750000 0.027344 0.744141
0 0.300781 0.062500 0.303711 0.065430 0.311523 0.064453 0.309570 0.060547
0 0.355469 0.691406 0.355469 0.697266 0.360352 0.702148 0.360352 0.694336
0 0.014648 0.849609 0.016602 0.853516 0.025391 0.851562 0.023438 0.848633
0 0.282227 0.375977 0.284180 0.380859 0.291016 0.381836 0.289062 0.376953
0 0.154297 0.696289 0.155273 0.703125 0.161133 0.706055 0.161133 0.701172
0 0.294922 0.931641 0.290039 0.934570 0.289062 0.943359 0.292969 0.942383
0 0.982422 0.821289 0.976562 0.823242 0.974609 0.828125 0.980469 0.827148
0 0.012695 0.539062 0.014648 0.548828 0.018555 0.549805 0.018555 0.542969
0 0.217773 0.048828 0.220703 0.053711 0.228516 0.053711 0.226562 0.049805
0 0.978516 0.519531 0.983398 0.526367 0.989258 0.526367 0.986328 0.520508
0 0.745117 0.088867 0.744141 0.094727 0.748047 0.099609 0.750000 0.093750
0 0.927734 0.875000 0.927734 0.880859 0.931641 0.886719 0.933594 0.879883
0 0.814453 0.143555 0.814453 0.151367 0.816406 0.154297 0.819336 0.154297 0.819336 0.147461
0 0.233398 0.371094 0.227539 0.372070 0.224609 0.377930 0.230469 0.375977
0 0.651367 0.631836 0.651367 0.634766 0.654297 0.636719 0.661133 0.636719 0.659180 0.632812
0 0.504883 0.963867 0.501953 0.965820 0.502930 0.972656 0.505859 0.970703
0 0.352539 0.220703 0.354492 0.228516 0.360352 0.230469 0.359375 0.224609
0 0.448242 0.384766 0.450195 0.389648 0.458984 0.386719 0.458984 0.383789
0 0.006836 0.466797 0.006836 0.472656 0.009766 0.475586 0.010742 0.468750
0 0.085938 0.547852 0.081055 0.550781 0.081055 0.560547 0.085938 0.555664
0 0.671875 0.508789 0.664062 0.510742 0.663086 0.514648 0.669922 0.513672
0 0.559570 0.451172 0.554688 0.454102 0.553711 0.463867 0.559570 0.458008
0 0.578125 0.253906 0.579102 0.261719 0.584961 0.263672 0.584961 0.258789
0 0.716797 0.036133 0.708984 0.038086 0.707031 0.043945 0.713867 0.042969
0 0.483398 0.852539 0.476562 0.854492 0.473633 0.860352 0.481445 0.859375 0.484375 0.854492
0 0.939453 0.501953 0.939453 0.506836 0.945312 0.509766 0.945312 0.505859
0 0.802734 0.199219 0.799805 0.200195 0.800781 0.208984 0.803711 0.206055
0 0.414062 0.978516 0.416016 0.984375 0.421875 0.986328 0.420898 0.981445
0 0.722656 0.608398 0.723633 0.613281 0.731445 0.617188 0.730469 0.611328
0 0.820312 0.161133 0.819336 0.166992 0.824219 0.172852 0.825195 0.165039
0 0.524414 0.741211 0.526367 0.746094 0.533203 0.748047 0.529297 0.741211
0 0.686523 0.649414 0.688477 0.653320 0.695312 0.654297 0.693359 0.650391
0 0.990234 0.931641 0.986328 0.934570 0.986328 0.941406 0.990234 0.938477
0 0.471680 0.627930 0.464844 0.628906 0.462891 0.632812 0.468750 0.632812
0 0.341797 0.400391 0.343750 0.404297 0.351562 0.402344 0.346680 0.399414
0 0.384766 0.958008 0.384766 0.960938 0.396484 0.959961 0.396484 0.957031 0.389648 0.956055
0 0.250000 0.063477 0.249023 0.070312 0.254883 0.076172 0.254883 0.066406
0 0.442383 0.351562 0.443359 0.355469 0.451172 0.357422 0.449219 0.352539
0 0.933594 0.845703 0.927734 0.846680 0.924805 0.851562 0.930664 0.850586
0 0.766602 0.988281 0.766602 0.991211 0.776367 0.991211 0.775391 0.987305
0 0.024414 0.578125 0.027344 0.583984 0.035156 0.585938 0.033203 0.580078
0 0.938477 0.621094 0.938477 0.627930 0.942383 0.631836 0.944336 0.628906 0.943359 0.624023
0 0.074219 0.486328 0.080078 0.493164 0.085938 0.494141 0.083984 0.488281
0 0.105469 0.131836 0.099609 0.132812 0.096680 0.138672 0.101562 0.137695
0 0.634766 0.274414 0.636719 0.278320 0.643555 0.280273 0.640625 0.274414