0 0.341797 0.606445 0.339844 0.610352 0.343750 0.616211 0.344727 0.609375
0 0.247070 0.439453 0.253906 0.440430 0.255859 0.436523 0.250000 0.436523
0 0.904297 0.114258 0.902344 0.116211 0.903320 0.125000 0.905273 0.125000 0.907227 0.119141
0 0.113281 0.504883 0.111328 0.508789 0.116211 0.515625 0.117188 0.506836
0 0.163086 0.492188 0.157227 0.496094 0.156250 0.501953 0.163086 0.499023
0 0.936523 0.708984 0.932617 0.712891 0.934570 0.721680 0.938477 0.716797
0 0.861328 0.531250 0.858398 0.531250 0.856445 0.534180 0.857422 0.541016 0.861328 0.536133
0 0.471680 0.819336 0.475586 0.823242 0.481445 0.822266 0.477539 0.818359
0 0.038086 0.294922 0.045898 0.294922 0.047852 0.290039 0.041992 0.290039
0 0.942383 0.145508 0.941406 0.150391 0.944336 0.157227 0.946289 0.157227 0.946289 0.147461
0 0.845703 0.324219 0.846680 0.333008 0.851562 0.335938 0.851562 0.327148
0 0.196289 0.494141 0.190430 0.497070 0.190430 0.501953 0.195312 0.499023
0 0.492188 0.870117 0.489258 0.870117 0.484375 0.875000 0.484375 0.879883 0.489258 0.878906
0 0.301758 0.625977 0.302734 0.631836 0.308594 0.634766 0.307617 0.627930
0 0.427734 0.966797 0.429688 0.969727 0.437500 0.969727 0.436523 0.965820
0 0.250977 0.080078 0.246094 0.082031 0.244141 0.090820 0.249023 0.088867
0 0.682617 0.093750 0.686523 0.097656 0.693359 0.096680 0.693359 0.093750 0.690430 0.091797
0 0.041992 0.234375 0.038086 0.236328 0.039062 0.244141
0 0.460938 0.327148 0.455078 0.326172 0.450195 0.329102 0.450195 0.332031 0.456055 0.332031
0 0.410156 0.805664 0.404297 0.807617 0.403320 0.816406 0.407227 0.814453
0 0.428711 0.255859 0.430664 0.258789 0.438477 0.258789 0.434570 0.254883
0 0.256836 0.802734 0.249023 0.802734 0.244141 0.807617 0.252930 0.807617
0 0.660156 0.898438 0.656250 0.902344 0.656250 0.908203 0.661133 0.903320
0 0.078125 0.506836 0.073242 0.509766 0.072266 0.516602 0.077148 0.513672
0 0.666016 0.125977 0.662109 0.130859 0.662109 0.135742 0.666016 0.134766
0 0.893555 0.714844 0.884766 0.717773 0.884766 0.720703 0.892578 0.719727
0 0.598633 0.106445 0.603516 0.110352 0.608398 0.109375 0.605469 0.105469
0 0.151367 0.165039 0.149414 0.166016 0.149414 0.173828 0.152344 0.171875
0 0.462891 0.463867 0.469727 0.464844 0.473633 0.459961 0.464844 0.459961
0 0.791016 0.150391 0.791992 0.157227 0.798828 0.160156 0.796875 0.153320
0 0.948242 0.652344 0.950195 0.657227 0.959961 0.658203 0.956055 0.653320