0 0.815430 0.050781 0.811523 0.052734 0.810547 0.060547 0.813477 0.060547 0.815430 0.057617
0 0.785156 0.455078 0.781250 0.458008 0.783203 0.467773 0.786133 0.461914
0 0.882812 0.068359 0.876953 0.071289 0.876953 0.077148 0.881836 0.074219
0 0.339844 0.885742 0.337891 0.891602 0.341797 0.899414 0.343750 0.888672
0 0.294922 0.756836 0.291016 0.758789 0.291016 0.766602 0.294922 0.762695
0 0.214844 0.232422 0.215820 0.240234 0.218750 0.242188 0.219727 0.234375
0 0.225586 0.125000 0.225586 0.128906 0.229492 0.132812 0.235352 0.133789 0.231445 0.125977
0 0.439453 0.946289 0.435547 0.948242 0.433594 0.957031 0.439453 0.953125
0 0.945312 0.557617 0.937500 0.555664 0.929688 0.558594 0.929688 0.560547 0.939453 0.562500
0 0.388672 0.349609 0.390625 0.352539 0.398438 0.350586 0.397461 0.348633
0 0.191406 0.726562 0.185547 0.727539 0.183594 0.733398 0.187500 0.733398
0 0.103516 0.045898 0.097656 0.047852 0.095703 0.053711 0.099609 0.053711
0 0.470703 0.318359 0.472656 0.322266 0.479492 0.323242 0.475586 0.317383
0 0.424805 0.392578 0.426758 0.397461 0.433594 0.398438 0.431641 0.394531
0 0.922852 0.249023 0.916992 0.250977 0.916016 0.259766 0.921875 0.255859
0 0.422852 0.017578 0.418945 0.019531 0.418945 0.027344 0.422852 0.024414
0 0.869141 0.389648 0.870117 0.393555 0.876953 0.397461 0.875977 0.392578
0 0.393555 0.273438 0.389648 0.276367 0.391602 0.285156 0.394531 0.280273
0 0.926758 0.412109 0.918945 0.414062 0.916992 0.419922 0.922852 0.418945
0 0.516602 0.916992 0.515625 0.926758 0.519531 0.928711 0.521484 0.923828 0.518555 0.916992
0 0.610352 0.481445 0.604492 0.482422 0.602539 0.488281 0.608398 0.486328
0 0.710938 0.684570 0.712891 0.686523 0.721680 0.685547 0.717773 0.681641
0 0.951172 0.932617 0.946289 0.934570 0.944336 0.941406 0.950195 0.938477
0 0.389648 0.091797 0.396484 0.090820 0.398438 0.086914 0.390625 0.087891
0 0.695312 0.015625 0.696289 0.017578 0.703125 0.017578 0.707031 0.015625 0.707031 0.012695 0.698242 0.012695
0 0.282227 0.241211 0.276367 0.241211 0.273438 0.243164 0.273438 0.247070 0.280273 0.245117
0 0.227539 0.185547 0.221680 0.191406 0.222656 0.200195 0.225586 0.200195 0.227539 0.197266
0 0.238281 0.257812 0.231445 0.257812 0.227539 0.264648 0.235352 0.262695
0 0.046875 0.322266 0.048828 0.326172 0.053711 0.328125 0.062500 0.326172 0.062500 0.323242 0.058594 0.321289
0 0.225586 0.379883 0.226562 0.382812 0.235352 0.381836 0.235352 0.378906