0 0.773438 0.431641 0.763672 0.434570 0.764648 0.436523 0.769531 0.436523
0 0.009766 0.593750 0.010742 0.598633 0.019531 0.600586 0.016602 0.594727
0 0.448242 0.413086 0.448242 0.418945 0.451172 0.422852 0.452148 0.416016
0 0.940430 0.309570 0.939453 0.319336 0.942383 0.321289 0.944336 0.311523
0 0.230469 0.838867 0.229492 0.843750 0.234375 0.848633 0.235352 0.841797
0 0.175781 0.266602 0.170898 0.265625 0.166992 0.269531 0.166016 0.274414 0.171875 0.272461
0 0.568359 0.814453 0.564453 0.816406 0.563477 0.825195 0.568359 0.822266
0 0.414062 0.541992 0.412109 0.548828 0.416016 0.554688 0.417969 0.546875
0 0.956055 0.391602 0.958984 0.396484 0.965820 0.397461 0.963867 0.392578
0 0.599609 0.299805 0.595703 0.302734 0.595703 0.310547 0.599609 0.307617
0 0.504883 0.475586 0.504883 0.484375 0.506836 0.487305 0.509766 0.487305 0.510742 0.481445
0 0.112305 0.725586 0.111328 0.730469 0.114258 0.737305 0.116211 0.737305 0.117188 0.729492 0.115234 0.725586
0 0.766602 0.520508 0.767578 0.524414 0.774414 0.526367 0.770508 0.520508
0 0.135742 0.625000 0.135742 0.629883 0.140625 0.633789 0.139648 0.625977
0 0.180664 0.616211 0.188477 0.618164 0.189453 0.614258
0 0.139648 0.461914 0.143555 0.466797 0.151367 0.465820 0.150391 0.462891
0 0.914062 0.947266 0.915039 0.952148 0.922852 0.954102 0.919922 0.948242
0 0.371094 0.843750 0.375977 0.848633 0.380859 0.846680 0.377930 0.842773
0 0.389648 0.010742 0.380859 0.012695 0.378906 0.017578 0.386719 0.016602 0.389648 0.014648
0 0.770508 0.559570 0.771484 0.567383 0.776367 0.570312 0.776367 0.562500
0 0.302734 0.225586 0.294922 0.229492 0.294922 0.235352 0.300781 0.232422
0 0.139648 0.892578 0.137695 0.897461 0.141602 0.904297 0.143555 0.897461
0 0.492188 0.455078 0.492188 0.458008 0.496094 0.460938 0.501953 0.461914 0.504883 0.459961 0.499023 0.455078
0 0.965820 0.371094 0.959961 0.375000 0.959961 0.378906 0.964844 0.376953
0 0.228516 0.960938 0.231445 0.963867 0.239258 0.962891 0.238281 0.958984
0 0.666016 0.599609 0.670898 0.603516 0.675781 0.602539 0.674805 0.598633
0 0.557617 0.967773 0.549805 0.967773 0.547852 0.972656 0.554688 0.971680
0 0.916992 0.908203 0.917969 0.914062 0.922852 0.916992 0.920898 0.908203
0 0.252930 0.875977 0.248047 0.874023 0.241211 0.878906 0.247070 0.879883
0 0.943359 0.467773 0.936523 0.470703 0.934570 0.473633 0.935547 0.477539 0.943359 0.472656
0 0.778320 0.350586 0.779297 0.356445 0.786133 0.359375 0.784180 0.351562
0 0.973633 0.727539 0.969727 0.728516 0.967773 0.734375 0.973633 0.731445
0 0.371094 0.525391 0.373047 0.531250 0.379883 0.532227 0.376953 0.526367
0 0.837891 0.740234 0.832031 0.740234 0.827148 0.744141 0.828125 0.746094 0.833008 0.746094 0.837891 0.743164