0 0.280273 0.314453 0.280273 0.320312 0.287109 0.324219 0.286133 0.318359
0 0.456055 0.100586 0.459961 0.107422 0.464844 0.106445 0.461914 0.101562
0 0.538086 0.349609 0.547852 0.352539 0.553711 0.348633 0.542969 0.346680
0 0.272461 0.850586 0.276367 0.856445 0.283203 0.857422 0.279297 0.851562
0 0.559570 0.897461 0.566406 0.898438 0.569336 0.894531 0.563477 0.893555
0 0.766602 0.751953 0.761719 0.754883 0.760742 0.760742 0.766602 0.757812
0 0.276367 0.104492 0.276367 0.112305 0.280273 0.114258 0.280273 0.105469
0 0.564453 0.210938 0.557617 0.214844 0.557617 0.219727 0.563477 0.216797
0 0.217773 0.910156 0.213867 0.912109 0.212891 0.918945 0.216797 0.916992
0 0.929688 0.410156 0.930664 0.413086 0.938477 0.413086 0.937500 0.410156
0 0.175781 0.828125 0.180664 0.832031 0.187500 0.831055 0.180664 0.826172
0 0.219727 0.930664 0.213867 0.933594 0.212891 0.938477 0.218750 0.935547
0 0.960938 0.694336 0.956055 0.692383 0.951172 0.694336 0.950195 0.697266 0.956055 0.698242
0 0.968750 0.528320 0.965820 0.531250 0.965820 0.539062 0.969727 0.535156
0 0.173828 0.888672 0.169922 0.887695 0.164062 0.893555 0.172852 0.893555
0 0.634766 0.086914 0.625000 0.087891 0.622070 0.092773 0.628906 0.093750 0.634766 0.089844
0 0.862305 0.683594 0.854492 0.684570 0.853516 0.688477 0.861328 0.686523
0 0.098633 0.822266 0.094727 0.822266 0.091797 0.829102 0.096680 0.827148
0 0.651367 0.030273 0.655273 0.034180 0.663086 0.032227 0.661133 0.029297
0 0.558594 0.856445 0.554688 0.858398 0.556641 0.867188
0 0.940430 0.871094 0.933594 0.871094 0.930664 0.876953 0.936523 0.875977
0 0.443359 0.704102 0.445312 0.709961 0.456055 0.711914 0.457031 0.709961 0.454102 0.706055
0 0.549805 0.975586 0.550781 0.979492 0.558594 0.982422 0.555664 0.976562
0 0.504883 0.307617 0.506836 0.313477 0.512695 0.315430 0.511719 0.310547
0 0.487305 0.523438 0.486328 0.526367 0.489258 0.532227 0.494141 0.534180 0.494141 0.527344
0 0.958984 0.231445 0.954102 0.233398 0.951172 0.240234 0.957031 0.239258
0 0.748047 0.977539 0.743164 0.980469 0.744141 0.988281 0.748047 0.984375
0 0.278320 0.378906 0.277344 0.383789 0.281250 0.387695 0.282227 0.380859
0 0.969727 0.404297 0.971680 0.409180 0.978516 0.410156 0.977539 0.406250
0 0.484375 0.872070 0.477539 0.872070 0.474609 0.877930 0.481445 0.876953
0 0.401367 0.543945 0.401367 0.550781 0.406250 0.554688 0.406250 0.547852
0 0.228516 0.008789 0.226562 0.013672 0.229492 0.019531 0.232422 0.020508 0.233398 0.011719
0 0.701172 0.098633 0.706055 0.106445 0.712891 0.106445 0.710938 0.100586 0.704102 0.097656
0 0.145508 0.743164 0.149414 0.747070 0.157227 0.746094 0.154297 0.742188
0 0.623047 0.979492 0.619141 0.978516 0.613281 0.984375 0.620117 0.984375 0.623047 0.982422
0 0.400391 0.904297 0.400391 0.906250 0.405273 0.908203 0.410156 0.907227 0.410156 0.904297 0.407227 0.903320
0 0.668945 0.941406 0.665039 0.946289 0.665039 0.950195 0.669922 0.947266
0 0.406250 0.120117 0.402344 0.123047 0.402344 0.129883 0.407227 0.125000
0 0.594727 0.136719 0.587891 0.136719 0.584961 0.138672 0.584961 0.141602 0.590820 0.141602
0 0.080078 0.700195 0.080078 0.706055 0.084961 0.708984 0.084961 0.703125
0 0.367188 0.603516 0.366211 0.609375 0.369141 0.613281 0.371094 0.605469
0 0.183594 0.948242 0.187500 0.952148 0.197266 0.950195 0.197266 0.947266 0.192383 0.945312
0 0.717773 0.212891 0.712891 0.214844 0.711914 0.221680 0.716797 0.218750