0 0.683594 0.505859 0.678711 0.507812 0.677734 0.516602 0.681641 0.514648
0 0.239258 0.943359 0.241211 0.948242 0.248047 0.949219 0.245117 0.944336
0 0.827148 0.383789 0.824219 0.383789 0.822266 0.386719 0.822266 0.395508 0.827148 0.390625
0 0.014648 0.410156 0.017578 0.414062 0.024414 0.413086 0.019531 0.409180
0 0.671875 0.784180 0.670898 0.790039 0.675781 0.794922 0.675781 0.788086
0 0.786133 0.776367 0.787109 0.782227 0.791992 0.785156 0.791016 0.779297
0 0.881836 0.426758 0.885742 0.429688 0.892578 0.428711 0.890625 0.425781
0 0.966797 0.457031 0.961914 0.458984 0.960938 0.464844 0.966797 0.460938
0 0.145508 0.373047 0.148438 0.376953 0.156250 0.376953 0.151367 0.372070
0 0.648438 0.902344 0.642578 0.905273 0.642578 0.913086 0.646484 0.910156
0 0.104492 0.493164 0.107422 0.497070 0.114258 0.498047 0.112305 0.493164
0 0.759766 0.716797 0.751953 0.718750 0.749023 0.725586 0.755859 0.724609
0 0.466797 0.598633 0.466797 0.604492 0.469727 0.607422 0.473633 0.607422 0.472656 0.602539
0 0.154297 0.317383 0.149414 0.321289 0.150391 0.330078 0.153320 0.330078 0.155273 0.324219
0 0.566406 0.150391 0.568359 0.158203 0.573242 0.159180 0.572266 0.153320
0 0.239258 0.667969 0.240234 0.672852 0.246094 0.676758 0.247070 0.671875
0 0.018555 0.160156 0.019531 0.169922 0.023438 0.171875 0.024414 0.166016
0 0.411133 0.636719 0.406250 0.638672 0.405273 0.647461 0.410156 0.644531
0 0.262695 0.435547 0.264648 0.439453 0.274414 0.438477 0.270508 0.434570
0 0.885742 0.135742 0.880859 0.135742 0.876953 0.141602 0.882812 0.140625
0 0.806641 0.833984 0.806641 0.839844 0.812500 0.844727 0.811523 0.835938
0 0.498047 0.653320 0.494141 0.656250 0.496094 0.666016 0.499023 0.660156
0 0.174805 0.749023 0.167969 0.754883 0.168945 0.763672 0.173828 0.759766
0 0.502930 0.487305 0.510742 0.488281 0.513672 0.485352 0.512695 0.483398 0.505859 0.483398
0 0.765625 0.300781 0.758789 0.300781 0.755859 0.306641 0.763672 0.304688
0 0.376953 0.405273 0.378906 0.409180 0.385742 0.410156 0.384766 0.407227
0 0.004883 0.246094 0.006836 0.250977 0.014648 0.253906 0.014648 0.250000 0.010742 0.246094
0 0.645508 0.109375 0.642578 0.109375 0.640625 0.112305 0.640625 0.121094 0.646484 0.114258
0 0.659180 0.937500 0.660156 0.940430 0.667969 0.938477 0.667969 0.935547
0 0.230469 0.064453 0.232422 0.069336 0.239258 0.070312 0.237305 0.065430
0 0.477539 0.527344 0.472656 0.529297 0.471680 0.536133 0.475586 0.535156
0 0.914062 0.331055 0.909180 0.329102 0.903320 0.330078 0.903320 0.333008 0.909180 0.334961 0.913086 0.333984
0 0.149414 0.921875 0.141602 0.923828 0.139648 0.929688 0.145508 0.928711
0 0.331055 0.198242 0.329102 0.206055 0.331055 0.209961 0.333984 0.209961 0.334961 0.201172
0 0.466797 0.441406 0.466797 0.443359 0.472656 0.445312 0.478516 0.443359 0.472656 0.439453