0 0.033203 0.944336 0.029297 0.947266 0.031250 0.957031 0.035156 0.950195
0 0.542969 0.540039 0.546875 0.543945 0.552734 0.541992 0.547852 0.539062
0 0.703125 0.012695 0.705078 0.019531 0.712891 0.022461 0.710938 0.015625 0.706055 0.011719
0 0.971680 0.555664 0.971680 0.560547 0.976562 0.564453 0.976562 0.558594
0 0.729492 0.827148 0.726562 0.827148 0.724609 0.830078 0.726562 0.840820 0.730469 0.835938
0 0.916992 0.618164 0.918945 0.625977 0.923828 0.627930 0.922852 0.621094
0 0.052734 0.450195 0.054688 0.458984 0.060547 0.460938 0.058594 0.453125
0 0.692383 0.758789 0.696289 0.763672 0.703125 0.763672 0.698242 0.757812 0.694336 0.756836
0 0.504883 0.103516 0.501953 0.103516 0.500000 0.106445 0.500000 0.114258 0.504883 0.109375
0 0.629883 0.131836 0.629883 0.136719 0.636719 0.139648 0.635742 0.134766
0 0.787109 0.595703 0.789062 0.604492 0.794922 0.606445 0.792969 0.598633
0 0.648438 0.126953 0.642578 0.127930 0.640625 0.132812 0.644531 0.132812
0 0.467773 0.625000 0.468750 0.629883 0.481445 0.627930 0.481445 0.625000 0.477539 0.624023
0 0.083984 0.975586 0.083984 0.980469 0.089844 0.984375 0.088867 0.978516
0 0.712891 0.450195 0.708984 0.450195 0.705078 0.457031 0.710938 0.456055
0 0.671875 0.041016 0.674805 0.048828 0.678711 0.049805 0.678711 0.044922
0 0.952148 0.150391 0.954102 0.156250 0.958008 0.157227 0.958008 0.152344
0 0.042969 0.545898 0.043945 0.553711 0.047852 0.554688 0.046875 0.546875
0 0.731445 0.386719 0.731445 0.389648 0.734375 0.391602 0.743164 0.390625 0.740234 0.386719
0 0.966797 0.652344 0.966797 0.662109 0.971680 0.664062 0.971680 0.656250
0 0.103516 0.624023 0.098633 0.626953 0.097656 0.633789 0.102539 0.631836
0 0.734375 0.665039 0.730469 0.666016 0.730469 0.674805 0.734375 0.671875
0 0.400391 0.908203 0.393555 0.908203 0.390625 0.914062 0.397461 0.913086
0 0.357422 0.640625 0.353516 0.643555 0.356445 0.652344 0.359375 0.646484
0 0.789062 0.161133 0.791016 0.166992 0.794922 0.167969 0.793945 0.162109
0 0.881836 0.963867 0.876953 0.965820 0.875000 0.971680 0.881836 0.968750
0 0.842773 0.424805 0.846680 0.431641 0.852539 0.432617 0.849609 0.425781
0 0.941406 0.748047 0.942383 0.753906 0.946289 0.757812 0.950195 0.757812 0.948242 0.750977
0 0.574219 0.078125 0.574219 0.083008 0.579102 0.086914 0.579102 0.080078
0 0.854492 0.531250 0.856445 0.536133 0.863281 0.538086 0.860352 0.532227
0 0.953125 0.704102 0.954102 0.708008 0.962891 0.709961 0.959961 0.705078
0 0.392578 0.384766 0.387695 0.382812 0.378906 0.385742 0.378906 0.388672 0.384766 0.389648
0 0.357422 0.701172 0.353516 0.703125 0.353516 0.709961 0.355469 0.711914 0.358398 0.708008
0 0.624023 0.794922 0.620117 0.796875 0.620117 0.803711 0.624023 0.800781
0 0.071289 0.415039 0.063477 0.415039 0.060547 0.418945 0.068359 0.419922 0.071289 0.417969
0 0.247070 0.154297 0.247070 0.162109 0.251953 0.164062 0.251953 0.158203
0 0.399414 0.967773 0.400391 0.970703 0.406250 0.972656 0.413086 0.969727 0.409180 0.965820
0 0.204102 0.393555 0.207031 0.397461 0.212891 0.397461 0.209961 0.393555
0 0.036133 0.113281 0.028320 0.114258 0.025391 0.119141 0.032227 0.119141
0 0.731445 0.649414 0.737305 0.653320 0.742188 0.651367 0.736328 0.647461
0 0.730469 0.094727 0.726562 0.094727 0.722656 0.100586 0.728516 0.098633
0 0.401367 0.588867 0.391602 0.589844 0.388672 0.591797 0.388672 0.594727 0.395508 0.595703 0.401367 0.591797
0 0.170898 0.813477 0.165039 0.811523 0.158203 0.814453 0.158203 0.817383 0.166992 0.817383
0 0.823242 0.406250 0.828125 0.407227 0.833984 0.402344 0.827148 0.401367
0 0.643555 0.421875 0.642578 0.425781 0.644531 0.430664 0.646484 0.430664 0.647461 0.424805
0 0.502930 0.432617 0.503906 0.436523 0.510742 0.438477 0.508789 0.433594
0 0.008789 0.255859 0.012695 0.260742 0.019531 0.260742 0.017578 0.255859
0 0.469727 0.028320 0.470703 0.034180 0.476562 0.037109 0.476562 0.032227
0 0.251953 0.864258 0.247070 0.866211 0.246094 0.872070 0.248047 0.876953 0.251953 0.873047
0 0.820312 0.480469 0.812500 0.480469 0.809570 0.483398 0.809570 0.487305 0.817383 0.485352
0 0.041992 0.144531 0.042969 0.150391 0.048828 0.153320 0.047852 0.148438
0 0.817383 0.144531 0.810547 0.148438 0.810547 0.155273 0.816406 0.152344
0 0.713867 0.817383 0.715820 0.821289 0.724609 0.819336 0.720703 0.816406
0 0.640625 0.915039 0.642578 0.919922 0.651367 0.920898 0.647461 0.915039
0 0.583008 0.441406 0.579102 0.444336 0.580078 0.451172 0.583984 0.446289
0 0.664062 0.938477 0.663086 0.946289 0.666016 0.950195 0.667969 0.940430