0 0.579102 0.289062 0.579102 0.296875 0.582031 0.299805 0.583984 0.298828 0.583984 0.291992 0.582031 0.289062
0 0.520508 0.458008 0.513672 0.461914 0.513672 0.466797 0.520508 0.462891
0 0.458984 0.284180 0.452148 0.285156 0.450195 0.289062 0.458008 0.288086
0 0.487305 0.687500 0.490234 0.692383 0.495117 0.692383 0.492188 0.687500
0 0.688477 0.461914 0.690430 0.465820 0.696289 0.465820 0.702148 0.461914 0.695312 0.458984
0 0.368164 0.535156 0.362305 0.535156 0.356445 0.541992 0.365234 0.541016
0 0.285156 0.310547 0.286133 0.318359 0.291016 0.320312 0.290039 0.312500
0 0.515625 0.977539 0.519531 0.981445 0.528320 0.978516 0.525391 0.975586
0 0.401367 0.979492 0.394531 0.976562 0.385742 0.978516 0.386719 0.981445 0.391602 0.983398 0.399414 0.982422
0 0.944336 0.253906 0.948242 0.263672 0.949219 0.256836 0.947266 0.253906
0 0.981445 0.216797 0.984375 0.221680 0.990234 0.222656 0.986328 0.215820
0 0.676758 0.904297 0.678711 0.906250 0.688477 0.906250 0.686523 0.902344
0 0.401367 0.180664 0.403320 0.185547 0.410156 0.186523 0.408203 0.181641
0 0.557617 0.729492 0.551758 0.730469 0.549805 0.736328 0.555664 0.734375
0 0.642578 0.428711 0.647461 0.437500 0.655273 0.438477 0.651367 0.431641
0 0.435547 0.839844 0.436523 0.846680 0.446289 0.850586 0.443359 0.843750
0 0.583008 0.476562 0.579102 0.479492 0.581055 0.488281 0.583984 0.483398
0 0.167969 0.716797 0.169922 0.720703 0.176758 0.721680 0.175781 0.717773
0 0.062500 0.183594 0.054688 0.184570 0.051758 0.190430 0.056641 0.191406 0.061523 0.187500
0 0.129883 0.238281 0.132812 0.242188 0.137695 0.242188 0.135742 0.238281
0 0.595703 0.588867 0.590820 0.587891 0.585938 0.594727 0.586914 0.596680 0.592773 0.594727
0 0.482422 0.181641 0.482422 0.191406 0.484375 0.194336 0.487305 0.194336 0.487305 0.183594
0 0.230469 0.595703 0.231445 0.598633 0.241211 0.599609 0.241211 0.596680 0.238281 0.594727
0 0.385742 0.926758 0.385742 0.931641 0.390625 0.934570 0.389648 0.928711
0 0.075195 0.763672 0.079102 0.767578 0.083984 0.767578 0.080078 0.762695
0 0.143555 0.169922 0.144531 0.177734 0.148438 0.178711 0.147461 0.171875
0 0.815430 0.472656 0.809570 0.473633 0.806641 0.479492 0.812500 0.478516
0 0.416016 0.423828 0.422852 0.424805 0.425781 0.420898 0.419922 0.419922
0 0.753906 0.283203 0.754883 0.289062 0.759766 0.291016 0.757812 0.283203
0 0.955078 0.541992 0.944336 0.541992 0.941406 0.543945 0.941406 0.547852 0.953125 0.546875
0 0.692383 0.669922 0.690430 0.671875 0.691406 0.676758 0.697266 0.681641 0.697266 0.673828
0 0.416016 0.644531 0.417969 0.651367 0.422852 0.653320 0.421875 0.647461
0 0.277344 0.401367 0.272461 0.402344 0.268555 0.408203 0.273438 0.409180
0 0.055664 0.354492 0.055664 0.364258 0.058594 0.364258 0.059570 0.356445
0 0.785156 0.921875 0.788086 0.926758 0.794922 0.926758 0.792969 0.922852
0 0.744141 0.117188 0.741211 0.117188 0.739258 0.123047 0.741211 0.129883 0.744141 0.125977
0 0.484375 0.238281 0.480469 0.238281 0.475586 0.243164 0.475586 0.248047 0.484375 0.243164
0 0.769531 0.909180 0.771484 0.916016 0.776367 0.916992 0.775391 0.912109
0 0.215820 0.677734 0.210938 0.682617 0.211914 0.690430 0.216797 0.682617
0 0.408203 0.745117 0.410156 0.749023 0.416992 0.750000 0.416016 0.746094
0 0.692383 0.301758 0.687500 0.302734 0.684570 0.308594 0.689453 0.308594
0 0.557617 0.472656 0.559570 0.480469 0.567383 0.484375 0.566406 0.477539 0.562500 0.473633
0 0.183594 0.305664 0.187500 0.310547 0.193359 0.311523 0.191406 0.306641
0 0.774414 0.329102 0.771484 0.329102 0.769531 0.333008 0.770508 0.338867 0.774414 0.334961
0 0.194336 0.485352 0.201172 0.485352 0.203125 0.480469 0.197266 0.480469
0 0.462891 0.028320 0.457031 0.027344 0.453125 0.032227 0.459961 0.032227
0 0.882812 0.665039 0.889648 0.666016 0.893555 0.662109 0.885742 0.661133
0 0.858398 0.083008 0.855469 0.083984 0.853516 0.088867 0.854492 0.095703 0.858398 0.094727 0.860352 0.090820
0 0.898438 0.655273 0.899414 0.660156 0.908203 0.663086 0.904297 0.656250
0 0.470703 0.280273 0.472656 0.283203 0.481445 0.281250 0.479492 0.278320
0 0.876953 0.519531 0.878906 0.524414 0.888672 0.524414 0.884766 0.520508
0 0.474609 0.067383 0.469727 0.071289 0.470703 0.079102 0.475586 0.074219
0 0.763672 0.969727 0.755859 0.969727 0.753906 0.973633 0.758789 0.974609
0 0.313477 0.589844 0.308594 0.591797 0.306641 0.597656 0.312500 0.594727
0 0.756836 0.423828 0.757812 0.428711 0.766602 0.430664 0.763672 0.425781
0 0.958008 0.908203 0.954102 0.909180 0.953125 0.917969 0.957031 0.915039
0 0.870117 0.901367 0.866211 0.904297 0.865234 0.911133 0.870117 0.909180
0 0.992188 0.874023 0.987305 0.875000 0.984375 0.881836 0.988281 0.881836
0 0.652344 0.678711 0.656250 0.684570 0.662109 0.684570 0.661133 0.680664
0 0.714844 0.178711 0.713867 0.185547 0.716797 0.188477 0.718750 0.182617
0 0.713867 0.890625 0.712891 0.896484 0.719727 0.900391 0.717773 0.892578
0 0.639648 0.465820 0.640625 0.473633 0.645508 0.475586 0.643555 0.465820
0 0.581055 0.191406 0.574219 0.195312 0.574219 0.202148 0.580078 0.199219
0 0.093750 0.961914 0.093750 0.971680 0.099609 0.975586 0.099609 0.967773
0 0.894531 0.495117 0.893555 0.502930 0.896484 0.504883 0.897461 0.497070
0 0.307617 0.197266 0.301758 0.200195 0.300781 0.206055 0.304688 0.206055
0 0.272461 0.596680 0.271484 0.604492 0.274414 0.608398 0.276367 0.600586
0 0.938477 0.433594 0.933594 0.438477 0.934570 0.447266 0.937500 0.447266 0.940430 0.441406
0 0.748047 0.381836 0.747070 0.387695 0.751953 0.391602 0.751953 0.384766