0 0.945312 0.206055 0.938477 0.206055 0.934570 0.212891 0.942383 0.210938
0 0.225586 0.055664 0.222656 0.056641 0.223633 0.065430 0.226562 0.062500
0 0.192383 0.583008 0.191406 0.586914 0.197266 0.592773 0.196289 0.584961
0 0.225586 0.481445 0.220703 0.481445 0.216797 0.487305 0.223633 0.486328
0 0.701172 0.073242 0.701172 0.082031 0.704102 0.083984 0.705078 0.075195
0 0.033203 0.719727 0.033203 0.728516 0.037109 0.731445 0.037109 0.720703
0 0.599609 0.367188 0.599609 0.373047 0.605469 0.375977 0.605469 0.372070
0 0.142578 0.746094 0.139648 0.748047 0.141602 0.756836 0.143555 0.752930
0 0.890625 0.012695 0.890625 0.020508 0.893555 0.025391 0.896484 0.025391 0.895508 0.015625 0.893555 0.012695
0 0.815430 0.761719 0.808594 0.761719 0.805664 0.767578 0.813477 0.765625
0 0.355469 0.433594 0.356445 0.439453 0.361328 0.442383 0.360352 0.435547
0 0.217773 0.575195 0.218750 0.581055 0.227539 0.583984 0.223633 0.576172
0 0.477539 0.722656 0.472656 0.724609 0.471680 0.733398 0.477539 0.728516
0 0.152344 0.124023 0.148438 0.125977 0.148438 0.133789 0.152344 0.130859
0 0.453125 0.833008 0.453125 0.837891 0.460938 0.841797 0.459961 0.836914
0 0.413086 0.225586 0.413086 0.233398 0.416992 0.235352 0.416992 0.228516
0 0.702148 0.916016 0.706055 0.923828 0.710938 0.923828 0.708984 0.917969
0 0.447266 0.183594 0.447266 0.187500 0.455078 0.191406 0.454102 0.186523
0 0.039062 0.417969 0.038086 0.422852 0.043945 0.428711 0.043945 0.421875
0 0.271484 0.691406 0.264648 0.693359 0.261719 0.699219 0.268555 0.699219
0 0.545898 0.647461 0.543945 0.651367 0.546875 0.658203 0.549805 0.659180 0.549805 0.651367
0 0.583008 0.201172 0.583008 0.206055 0.586914 0.209961 0.590820 0.209961 0.588867 0.203125
0 0.274414 0.028320 0.274414 0.030273 0.280273 0.032227 0.285156 0.030273 0.282227 0.026367
0 0.981445 0.224609 0.979492 0.232422 0.981445 0.236328 0.984375 0.236328 0.985352 0.227539
0 0.442383 0.476562 0.439453 0.479492 0.439453 0.487305 0.443359 0.483398 0.444336 0.478516
0 0.098633 0.917969 0.093750 0.918945 0.089844 0.924805 0.095703 0.924805
0 0.365234 0.398438 0.369141 0.404297 0.375000 0.405273 0.373047 0.399414
0 0.693359 0.797852 0.688477 0.800781 0.687500 0.807617 0.692383 0.806641
0 0.923828 0.976562 0.921875 0.986328 0.925781 0.989258 0.927734 0.980469
0 0.252930 0.119141 0.247070 0.122070 0.246094 0.127930 0.250977 0.126953
0 0.478516 0.459961 0.478516 0.466797 0.480469 0.469727 0.483398 0.469727 0.484375 0.465820
0 0.136719 0.452148 0.135742 0.460938 0.139648 0.462891 0.140625 0.453125
0 0.126953 0.740234 0.128906 0.745117 0.136719 0.748047 0.134766 0.741211
0 0.083008 0.917969 0.075195 0.919922 0.073242 0.924805 0.080078 0.923828
0 0.576172 0.278320 0.579102 0.283203 0.586914 0.284180 0.583008 0.278320
0 0.807617 0.416016 0.809570 0.419922 0.818359 0.418945 0.814453 0.415039
0 0.487305 0.380859 0.480469 0.381836 0.477539 0.387695 0.484375 0.386719
0 0.636719 0.741211 0.638672 0.743164 0.646484 0.742188 0.644531 0.739258
0 0.906250 0.875977 0.900391 0.875000 0.895508 0.876953 0.894531 0.879883 0.903320 0.880859 0.906250 0.878906
0 0.395508 0.685547 0.395508 0.692383 0.399414 0.696289 0.400391 0.688477 0.398438 0.685547
0 0.639648 0.193359 0.635742 0.191406 0.630859 0.193359 0.630859 0.195312 0.636719 0.196289
0 0.080078 0.233398 0.072266 0.234375 0.070312 0.240234 0.076172 0.239258
0 0.803711 0.866211 0.803711 0.869141 0.809570 0.872070 0.816406 0.870117 0.812500 0.866211
0 0.440430 0.767578 0.439453 0.776367 0.443359 0.778320 0.444336 0.770508
0 0.424805 0.703125 0.427734 0.707031 0.436523 0.706055 0.436523 0.704102 0.429688 0.701172
0 0.165039 0.765625 0.165039 0.768555 0.167969 0.770508 0.176758 0.769531 0.173828 0.765625
0 0.371094 0.372070 0.373047 0.379883 0.377930 0.382812 0.379883 0.380859 0.377930 0.375000
0 0.461914 0.879883 0.456055 0.880859 0.453125 0.885742 0.459961 0.884766
0 0.326172 0.362305 0.326172 0.366211 0.333984 0.370117 0.332031 0.364258
0 0.179688 0.962891 0.171875 0.966797 0.170898 0.973633 0.175781 0.972656 0.180664 0.967773