0 0.109375 0.082031 0.103516 0.082031 0.100586 0.086914 0.106445 0.086914
0 0.702148 0.799805 0.704102 0.803711 0.711914 0.803711 0.708984 0.799805
0 0.948242 0.492188 0.942383 0.495117 0.941406 0.500977 0.948242 0.497070
0 0.297852 0.839844 0.295898 0.847656 0.297852 0.852539 0.300781 0.852539 0.301758 0.843750
0 0.258789 0.163086 0.261719 0.168945 0.269531 0.170898 0.269531 0.166992 0.266602 0.164062
0 0.841797 0.765625 0.833984 0.766602 0.832031 0.771484 0.837891 0.771484
0 0.892578 0.375000 0.891602 0.385742 0.894531 0.388672 0.897461 0.380859 0.895508 0.375977
0 0.221680 0.441406 0.216797 0.444336 0.217773 0.454102 0.220703 0.453125 0.222656 0.447266
0 0.902344 0.666992 0.902344 0.669922 0.907227 0.672852 0.912109 0.672852 0.913086 0.670898 0.908203 0.666992
0 0.977539 0.891602 0.977539 0.898438 0.982422 0.900391 0.981445 0.894531
0 0.352539 0.478516 0.350586 0.488281 0.355469 0.494141 0.357422 0.486328 0.354492 0.478516
0 0.834961 0.039062 0.829102 0.043945 0.829102 0.051758 0.832031 0.051758 0.835938 0.045898
0 0.315430 0.561523 0.318359 0.564453 0.325195 0.563477 0.322266 0.559570
0 0.111328 0.961914 0.109375 0.962891 0.110352 0.968750 0.115234 0.972656 0.114258 0.964844
0 0.602539 0.302734 0.602539 0.305664 0.611328 0.304688 0.609375 0.301758
0 0.970703 0.929688 0.964844 0.933594 0.964844 0.939453 0.969727 0.937500
0 0.254883 0.433594 0.254883 0.440430 0.260742 0.444336 0.259766 0.436523
0 0.458984 0.275391 0.455078 0.275391 0.453125 0.283203 0.458008 0.281250
0 0.135742 0.401367 0.136719 0.407227 0.141602 0.410156 0.141602 0.404297
0 0.500000 0.769531 0.505859 0.774414 0.511719 0.773438 0.508789 0.769531
0 0.415039 0.356445 0.416016 0.365234 0.419922 0.368164 0.419922 0.359375
0 0.475586 0.343750 0.475586 0.348633 0.480469 0.353516 0.480469 0.345703
0 0.333984 0.314453 0.334961 0.319336 0.340820 0.321289 0.340820 0.317383
0 0.970703 0.637695 0.968750 0.643555 0.971680 0.650391 0.974609 0.650391 0.974609 0.640625
0 0.652344 0.524414 0.654297 0.529297 0.661133 0.530273 0.660156 0.526367
0 0.009766 0.733398 0.013672 0.736328 0.019531 0.735352 0.017578 0.731445
0 0.026367 0.817383 0.026367 0.824219 0.030273 0.826172 0.030273 0.820312