0 0.958984 0.683594 0.958008 0.691406 0.960938 0.694336 0.962891 0.686523 0.961914 0.683594
0 0.583984 0.502930 0.585938 0.506836 0.593750 0.505859 0.592773 0.502930
0 0.390625 0.102539 0.400391 0.103516 0.405273 0.098633 0.396484 0.097656
0 0.805664 0.582031 0.805664 0.588867 0.807617 0.591797 0.810547 0.591797 0.810547 0.585938
0 0.443359 0.322266 0.443359 0.327148 0.449219 0.330078 0.448242 0.325195
0 0.519531 0.570312 0.523438 0.576172 0.532227 0.576172 0.525391 0.569336
0 0.038086 0.982422 0.039062 0.986328 0.044922 0.990234 0.044922 0.985352
0 0.093750 0.151367 0.088867 0.154297 0.088867 0.162109 0.093750 0.158203
0 0.240234 0.645508 0.235352 0.650391 0.236328 0.658203 0.241211 0.650391
0 0.874023 0.426758 0.875000 0.432617 0.879883 0.435547 0.881836 0.433594 0.879883 0.429688
0 0.382812 0.429688 0.384766 0.434570 0.390625 0.436523 0.393555 0.434570 0.388672 0.429688
0 0.402344 0.742188 0.401367 0.749023 0.404297 0.751953 0.406250 0.746094
0 0.604492 0.816406 0.605469 0.822266 0.613281 0.826172 0.611328 0.819336
0 0.885742 0.729492 0.889648 0.735352 0.895508 0.735352 0.894531 0.731445
0 0.523438 0.166016 0.523438 0.168945 0.526367 0.170898 0.535156 0.169922 0.532227 0.166016
0 0.377930 0.802734 0.377930 0.808594 0.381836 0.812500 0.386719 0.813477 0.383789 0.805664
0 0.411133 0.018555 0.416992 0.019531 0.421875 0.014648 0.414062 0.014648
0 0.351562 0.797852 0.347656 0.800781 0.350586 0.810547 0.353516 0.804688
0 0.748047 0.783203 0.748047 0.791016 0.751953 0.793945 0.752930 0.788086
0 0.419922 0.455078 0.416016 0.456055 0.412109 0.460938 0.418945 0.460938
0 0.115234 0.655273 0.111328 0.659180 0.112305 0.665039 0.116211 0.660156
0 0.925781 0.179688 0.918945 0.181641 0.916992 0.187500 0.922852 0.186523 0.925781 0.183594
0 0.641602 0.259766 0.643555 0.267578 0.650391 0.270508 0.649414 0.263672
0 0.370117 0.697266 0.371094 0.705078 0.376953 0.708008 0.375000 0.699219
0 0.583008 0.304688 0.584961 0.312500 0.590820 0.314453 0.589844 0.308594
0 0.362305 0.875977 0.358398 0.875000 0.353516 0.880859 0.358398 0.881836
0 0.224609 0.127930 0.225586 0.131836 0.232422 0.133789 0.228516 0.127930
0 0.314453 0.472656 0.319336 0.473633 0.325195 0.469727 0.316406 0.468750
0 0.505859 0.822266 0.507812 0.825195 0.517578 0.824219 0.517578 0.821289 0.513672 0.820312
0 0.808594 0.952148 0.811523 0.957031 0.819336 0.958008 0.817383 0.953125 0.813477 0.951172
0 0.541992 0.350586 0.545898 0.357422 0.551758 0.358398 0.549805 0.352539
0 0.163086 0.083008 0.163086 0.090820 0.166016 0.092773 0.166992 0.085938
0 0.849609 0.700195 0.854492 0.700195 0.857422 0.696289 0.851562 0.696289
0 0.509766 0.738281 0.500977 0.738281 0.497070 0.743164 0.506836 0.743164
0 0.400391 0.540039 0.405273 0.546875 0.409180 0.546875 0.406250 0.541016
0 0.303711 0.872070 0.298828 0.874023 0.298828 0.881836 0.301758 0.880859
0 0.208008 0.076172 0.208984 0.080078 0.213867 0.083008 0.213867 0.078125
0 0.256836 0.495117 0.256836 0.501953 0.258789 0.504883 0.261719 0.504883 0.262695 0.500977
0 0.922852 0.116211 0.925781 0.122070 0.934570 0.123047 0.931641 0.118164
0 0.794922 0.972656 0.794922 0.974609 0.799805 0.976562 0.808594 0.975586 0.808594 0.972656 0.804688 0.970703
0 0.096680 0.603516 0.098633 0.608398 0.107422 0.610352 0.103516 0.603516
0 0.850586 0.172852 0.841797 0.175781 0.840820 0.179688 0.849609 0.177734
0 0.822266 0.355469 0.826172 0.359375 0.833008 0.358398 0.829102 0.354492
0 0.853516 0.969727 0.845703 0.971680 0.843750 0.976562 0.852539 0.975586
0 0.895508 0.881836 0.889648 0.881836 0.886719 0.888672 0.894531 0.886719
0 0.303711 0.212891 0.306641 0.219727 0.314453 0.221680 0.311523 0.214844
0 0.679688 0.617188 0.681641 0.621094 0.688477 0.621094 0.686523 0.617188
0 0.940430 0.869141 0.943359 0.874023 0.949219 0.875000 0.947266 0.870117
0 0.514648 0.083008 0.518555 0.086914 0.525391 0.085938 0.521484 0.082031
0 0.595703 0.024414 0.595703 0.030273 0.603516 0.034180 0.601562 0.027344
0 0.883789 0.261719 0.878906 0.264648 0.878906 0.271484 0.882812 0.269531
0 0.857422 0.958984 0.862305 0.959961 0.865234 0.956055 0.860352 0.956055
0 0.874023 0.468750 0.875977 0.471680 0.884766 0.471680 0.888672 0.469727 0.888672 0.466797 0.876953 0.465820
0 0.113281 0.483398 0.109375 0.484375 0.107422 0.492188 0.114258 0.488281
0 0.625977 0.362305 0.621094 0.365234 0.620117 0.370117 0.625000 0.368164
0 0.768555 0.625977 0.769531 0.627930 0.777344 0.626953 0.776367 0.624023
0 0.375000 0.602539 0.372070 0.604492 0.374023 0.613281 0.375977 0.608398
0 0.964844 0.078125 0.964844 0.082031 0.972656 0.085938 0.970703 0.080078
0 0.906250 0.215820 0.907227 0.218750 0.916992 0.216797 0.913086 0.214844
0 0.556641 0.208984 0.561523 0.211914 0.566406 0.210938 0.563477 0.207031