0 0.027344 0.608398 0.026367 0.612305 0.030273 0.616211 0.035156 0.617188 0.036133 0.615234 0.033203 0.610352
0 0.328125 0.388672 0.328125 0.395508 0.333008 0.399414 0.333008 0.392578
0 0.923828 0.792969 0.919922 0.793945 0.917969 0.799805 0.923828 0.797852
0 0.607422 0.573242 0.600586 0.576172 0.600586 0.582031 0.605469 0.579102
0 0.309570 0.982422 0.304688 0.984375 0.304688 0.991211 0.308594 0.989258
0 0.861328 0.518555 0.857422 0.521484 0.856445 0.529297 0.863281 0.525391
0 0.021484 0.391602 0.030273 0.392578 0.034180 0.388672 0.024414 0.386719 0.021484 0.388672
0 0.290039 0.272461 0.289062 0.276367 0.292969 0.283203 0.293945 0.274414
0 0.111328 0.261719 0.107422 0.262695 0.104492 0.266602 0.108398 0.267578
0 0.719727 0.752930 0.721680 0.757812 0.726562 0.760742 0.725586 0.754883
0 0.347656 0.398438 0.350586 0.400391 0.358398 0.399414 0.357422 0.396484
0 0.371094 0.233398 0.366211 0.236328 0.365234 0.242188 0.371094 0.239258
0 0.734375 0.171875 0.726562 0.172852 0.723633 0.178711 0.729492 0.178711
0 0.387695 0.076172 0.383789 0.079102 0.383789 0.085938 0.388672 0.080078
0 0.462891 0.459961 0.462891 0.464844 0.469727 0.468750 0.468750 0.462891
0 0.500000 0.441406 0.497070 0.443359 0.498047 0.451172 0.500977 0.448242
0 0.507812 0.382812 0.502930 0.384766 0.501953 0.393555 0.506836 0.390625
0 0.170898 0.800781 0.170898 0.803711 0.173828 0.804688 0.181641 0.803711 0.179688 0.799805
0 0.447266 0.332031 0.447266 0.336914 0.454102 0.340820 0.451172 0.333984
0 0.862305 0.294922 0.863281 0.300781 0.867188 0.303711 0.866211 0.295898
0 0.365234 0.669922 0.365234 0.678711 0.367188 0.681641 0.370117 0.681641 0.371094 0.675781
0 0.972656 0.023438 0.969727 0.024414 0.970703 0.034180 0.973633 0.028320
0 0.143555 0.923828 0.141602 0.934570 0.145508 0.935547 0.146484 0.925781
0 0.865234 0.040039 0.859375 0.041016 0.856445 0.046875 0.863281 0.044922
0 0.895508 0.489258 0.895508 0.496094 0.901367 0.500000 0.900391 0.491211
0 0.105469 0.915039 0.100586 0.917969 0.099609 0.923828 0.106445 0.919922
0 0.768555 0.903320 0.770508 0.911133 0.772461 0.911133 0.773438 0.906250 0.771484 0.903320
0 0.575195 0.070312 0.571289 0.073242 0.571289 0.081055 0.576172 0.077148
0 0.154297 0.601562 0.154297 0.609375 0.157227 0.611328 0.158203 0.602539
0 0.959961 0.267578 0.962891 0.272461 0.971680 0.274414 0.971680 0.271484 0.966797 0.267578
0 0.665039 0.272461 0.664062 0.278320 0.667969 0.284180 0.669922 0.279297
0 0.957031 0.487305 0.957031 0.492188 0.962891 0.496094 0.961914 0.489258
0 0.168945 0.311523 0.172852 0.317383 0.181641 0.317383 0.177734 0.312500
0 0.592773 0.063477 0.602539 0.066406 0.608398 0.062500 0.598633 0.060547
0 0.654297 0.850586 0.652344 0.850586 0.648438 0.857422 0.650391 0.863281 0.655273 0.856445
0 0.335938 0.477539 0.337891 0.485352 0.340820 0.486328 0.340820 0.480469
0 0.622070 0.058594 0.624023 0.066406 0.625977 0.060547
0 0.860352 0.302734 0.852539 0.303711 0.850586 0.308594 0.857422 0.307617
0 0.310547 0.638672 0.304688 0.641602 0.303711 0.647461 0.310547 0.643555
0 0.890625 0.703125 0.893555 0.705078 0.901367 0.704102 0.900391 0.701172 0.895508 0.700195
0 0.486328 0.907227 0.486328 0.910156 0.489258 0.912109 0.499023 0.911133 0.499023 0.908203 0.495117 0.906250
0 0.127930 0.881836 0.126953 0.885742 0.134766 0.889648 0.135742 0.886719
0 0.972656 0.611328 0.982422 0.612305 0.987305 0.607422 0.978516 0.606445
0 0.545898 0.340820 0.545898 0.348633 0.548828 0.353516 0.551758 0.353516 0.551758 0.343750
0 0.920898 0.280273 0.916992 0.285156 0.917969 0.293945 0.919922 0.293945 0.922852 0.288086
0 0.659180 0.529297 0.655273 0.531250 0.654297 0.538086 0.658203 0.537109
0 0.733398 0.040039 0.735352 0.045898 0.741211 0.047852 0.741211 0.043945
0 0.617188 0.031250 0.619141 0.039062 0.626953 0.041992 0.625977 0.036133
0 0.826172 0.483398 0.821289 0.487305 0.821289 0.494141 0.824219 0.494141 0.826172 0.491211
0 0.739258 0.140625 0.741211 0.144531 0.748047 0.145508 0.747070 0.141602