0 0.661133 0.969727 0.653320 0.971680 0.653320 0.974609 0.660156 0.973633
0 0.492188 0.682617 0.495117 0.687500 0.504883 0.687500 0.500000 0.682617
0 0.474609 0.412109 0.474609 0.416992 0.479492 0.419922 0.479492 0.415039
0 0.292969 0.838867 0.297852 0.840820 0.303711 0.836914 0.295898 0.835938
0 0.902344 0.595703 0.908203 0.599609 0.913086 0.599609 0.913086 0.596680 0.910156 0.594727
0 0.538086 0.821289 0.539062 0.826172 0.545898 0.829102 0.543945 0.823242
0 0.133789 0.775391 0.141602 0.775391 0.144531 0.772461 0.137695 0.771484
0 0.052734 0.388672 0.054688 0.396484 0.059570 0.398438 0.059570 0.392578
0 0.255859 0.559570 0.250000 0.562500 0.249023 0.568359 0.256836 0.563477
0 0.687500 0.193359 0.686523 0.196289 0.691406 0.202148 0.691406 0.194336
0 0.200195 0.044922 0.190430 0.046875 0.189453 0.050781 0.198242 0.049805
0 0.827148 0.268555 0.820312 0.270508 0.817383 0.275391 0.825195 0.274414
0 0.184570 0.358398 0.186523 0.361328 0.194336 0.360352 0.192383 0.357422
0 0.976562 0.833008 0.969727 0.831055 0.961914 0.834961 0.971680 0.836914
0 0.299805 0.095703 0.303711 0.100586 0.310547 0.100586 0.310547 0.097656 0.307617 0.095703
0 0.097656 0.956055 0.097656 0.961914 0.102539 0.964844 0.101562 0.957031
0 0.056641 0.050781 0.051758 0.055664 0.053711 0.065430 0.057617 0.060547
0 0.868164 0.520508 0.869141 0.527344 0.873047 0.529297 0.872070 0.522461
0 0.843750 0.080078 0.835938 0.080078 0.833008 0.085938 0.839844 0.084961
0 0.088867 0.020508 0.089844 0.024414 0.098633 0.025391 0.095703 0.020508
0 0.505859 0.892578 0.505859 0.901367 0.509766 0.902344 0.509766 0.894531
0 0.797852 0.035156 0.789062 0.035156 0.786133 0.039062 0.793945 0.040039
0 0.662109 0.610352 0.662109 0.613281 0.666016 0.615234 0.674805 0.613281 0.674805 0.610352 0.669922 0.608398
0 0.756836 0.815430 0.752930 0.818359 0.752930 0.825195 0.756836 0.823242
0 0.151367 0.898438 0.141602 0.898438 0.139648 0.902344 0.145508 0.903320 0.151367 0.900391
0 0.769531 0.645508 0.764648 0.648438 0.762695 0.655273 0.769531 0.651367
0 0.748047 0.252930 0.744141 0.253906 0.745117 0.264648 0.748047 0.259766
0 0.772461 0.626953 0.774414 0.634766 0.780273 0.638672 0.778320 0.628906
0 0.336914 0.850586 0.335938 0.859375 0.339844 0.864258 0.341797 0.862305 0.341797 0.855469
0 0.538086 0.403320 0.533203 0.405273 0.532227 0.414062 0.538086 0.410156
0 0.578125 0.722656 0.577148 0.727539 0.581055 0.732422 0.582031 0.726562
0 0.340820 0.089844 0.339844 0.094727 0.344727 0.099609 0.344727 0.093750
0 0.916016 0.216797 0.910156 0.219727 0.909180 0.225586 0.916016 0.221680
0 0.130859 0.289062 0.133789 0.292969 0.143555 0.291016 0.136719 0.287109
0 0.428711 0.925781 0.421875 0.928711 0.419922 0.934570 0.425781 0.933594
0 0.831055 0.498047 0.833984 0.504883 0.841797 0.506836 0.836914 0.499023
0 0.029297 0.635742 0.030273 0.640625 0.038086 0.642578 0.034180 0.636719
0 0.436523 0.139648 0.431641 0.143555 0.431641 0.152344 0.434570 0.152344 0.438477 0.145508
0 0.234375 0.123047 0.237305 0.126953 0.246094 0.126953 0.246094 0.124023 0.243164 0.122070
0 0.986328 0.266602 0.983398 0.266602 0.981445 0.270508 0.982422 0.277344 0.984375 0.277344 0.987305 0.271484
0 0.407227 0.027344 0.401367 0.028320 0.399414 0.032227 0.405273 0.031250
0 0.973633 0.402344 0.981445 0.402344 0.984375 0.398438 0.977539 0.397461
0 0.166992 0.801758 0.174805 0.804688 0.177734 0.803711 0.178711 0.798828 0.172852 0.797852
0 0.596680 0.853516 0.594727 0.853516 0.592773 0.858398 0.594727 0.865234 0.598633 0.860352
0 0.225586 0.132812 0.224609 0.136719 0.227539 0.143555 0.230469 0.139648 0.229492 0.134766
0 0.500977 0.111328 0.502930 0.117188 0.506836 0.119141 0.505859 0.112305