0 0.850586 0.635742 0.844727 0.635742 0.841797 0.640625 0.846680 0.640625
0 0.598633 0.725586 0.592773 0.729492 0.591797 0.738281 0.597656 0.734375
0 0.302734 0.544922 0.296875 0.546875 0.295898 0.554688 0.302734 0.550781
0 0.313477 0.288086 0.307617 0.290039 0.305664 0.299805 0.312500 0.293945
0 0.235352 0.743164 0.235352 0.750000 0.240234 0.754883 0.241211 0.746094
0 0.257812 0.961914 0.248047 0.964844 0.249023 0.966797 0.253906 0.966797
0 0.598633 0.698242 0.598633 0.704102 0.603516 0.708984 0.602539 0.700195
0 0.230469 0.608398 0.224609 0.611328 0.222656 0.618164 0.229492 0.615234
0 0.401367 0.876953 0.402344 0.881836 0.407227 0.884766 0.406250 0.878906
0 0.843750 0.760742 0.834961 0.760742 0.832031 0.762695 0.832031 0.765625 0.836914 0.766602
0 0.513672 0.455078 0.509766 0.458984 0.509766 0.465820 0.512695 0.465820 0.514648 0.462891
0 0.723633 0.341797 0.712891 0.342773 0.712891 0.345703 0.721680 0.345703
0 0.239258 0.251953 0.242188 0.256836 0.248047 0.257812 0.245117 0.252930
0 0.159180 0.760742 0.161133 0.768555 0.164062 0.771484 0.167969 0.771484 0.166992 0.764648
0 0.117188 0.426758 0.112305 0.428711 0.110352 0.436523 0.117188 0.432617
0 0.786133 0.149414 0.782227 0.155273 0.784180 0.160156 0.788086 0.154297
0 0.625977 0.817383 0.628906 0.827148 0.634766 0.829102 0.632812 0.821289
0 0.457031 0.623047 0.452148 0.626953 0.452148 0.633789 0.458008 0.628906
0 0.853516 0.105469 0.853516 0.113281 0.858398 0.116211 0.857422 0.107422
0 0.420898 0.673828 0.416016 0.671875 0.410156 0.673828 0.409180 0.676758 0.419922 0.676758
0 0.901367 0.231445 0.906250 0.235352 0.911133 0.234375 0.907227 0.230469
0 0.383789 0.253906 0.375977 0.252930 0.373047 0.256836 0.381836 0.257812
0 0.954102 0.218750 0.958008 0.224609 0.963867 0.225586 0.960938 0.219727
0 0.384766 0.151367 0.386719 0.153320 0.393555 0.153320 0.395508 0.147461 0.389648 0.147461
0 0.065430 0.627930 0.066406 0.634766 0.071289 0.637695 0.070312 0.629883
0 0.362305 0.859375 0.361328 0.866211 0.364258 0.869141 0.366211 0.863281
0 0.531250 0.801758 0.531250 0.804688 0.540039 0.806641 0.539062 0.802734