0 0.863281 0.802734 0.862305 0.807617 0.868164 0.813477 0.868164 0.806641 0.866211 0.802734
0 0.152344 0.433594 0.147461 0.435547 0.146484 0.444336 0.151367 0.441406
0 0.346680 0.802734 0.348633 0.806641 0.356445 0.807617 0.353516 0.802734
0 0.939453 0.113281 0.931641 0.115234 0.929688 0.120117 0.938477 0.119141
0 0.740234 0.529297 0.741211 0.533203 0.749023 0.535156 0.746094 0.530273
0 0.916016 0.139648 0.918945 0.143555 0.927734 0.143555 0.927734 0.140625 0.924805 0.138672
0 0.176758 0.770508 0.170898 0.772461 0.168945 0.781250 0.176758 0.777344
0 0.060547 0.345703 0.059570 0.356445 0.062500 0.358398 0.064453 0.346680
0 0.651367 0.666992 0.658203 0.666992 0.660156 0.663086 0.654297 0.663086
0 0.983398 0.505859 0.977539 0.506836 0.974609 0.511719 0.981445 0.510742
0 0.075195 0.195312 0.072266 0.199219 0.074219 0.207031 0.077148 0.201172
0 0.367188 0.636719 0.371094 0.642578 0.376953 0.642578 0.375000 0.637695
0 0.530273 0.743164 0.525391 0.749023 0.526367 0.755859 0.528320 0.755859 0.532227 0.748047
0 0.871094 0.787109 0.870117 0.793945 0.875000 0.798828 0.875977 0.791992
0 0.578125 0.422852 0.574219 0.425781 0.575195 0.432617 0.580078 0.427734
0 0.550781 0.462891 0.544922 0.461914 0.535156 0.467773 0.543945 0.469727 0.548828 0.467773
0 0.051758 0.482422 0.048828 0.482422 0.045898 0.486328 0.046875 0.493164 0.051758 0.487305
0 0.408203 0.270508 0.408203 0.278320 0.413086 0.280273 0.413086 0.276367
0 0.305664 0.673828 0.308594 0.679688 0.313477 0.680664 0.310547 0.674805
0 0.309570 0.202148 0.309570 0.205078 0.313477 0.207031 0.320312 0.206055 0.318359 0.202148
0 0.747070 0.609375 0.742188 0.610352 0.740234 0.621094 0.745117 0.619141
0 0.223633 0.557617 0.227539 0.562500 0.233398 0.562500 0.232422 0.558594
0 0.954102 0.434570 0.945312 0.435547 0.943359 0.440430 0.952148 0.439453
0 0.383789 0.441406 0.377930 0.443359 0.375977 0.449219 0.380859 0.448242
0 0.112305 0.383789 0.104492 0.384766 0.101562 0.390625 0.111328 0.387695
0 0.089844 0.079102 0.094727 0.083984 0.098633 0.083984 0.097656 0.080078
0 0.348633 0.078125 0.344727 0.076172 0.337891 0.079102 0.336914 0.082031 0.344727 0.082031
0 0.969727 0.073242 0.972656 0.081055 0.980469 0.083008 0.977539 0.076172
0 0.398438 0.206055 0.401367 0.211914 0.409180 0.213867 0.405273 0.206055
0 0.330078 0.822266 0.324219 0.826172 0.324219 0.834961 0.329102 0.831055
0 0.491211 0.274414 0.487305 0.274414 0.485352 0.281250 0.490234 0.279297
0 0.901367 0.606445 0.895508 0.608398 0.892578 0.614258 0.898438 0.613281
0 0.417969 0.855469 0.409180 0.856445 0.406250 0.862305 0.415039 0.861328
0 0.693359 0.956055 0.690430 0.958008 0.690430 0.964844 0.694336 0.961914
0 0.446289 0.022461 0.442383 0.025391 0.443359 0.034180 0.447266 0.030273
0 0.704102 0.314453 0.705078 0.316406 0.714844 0.316406 0.715820 0.312500
0 0.596680 0.706055 0.593750 0.706055 0.592773 0.708984 0.594727 0.715820
0 0.120117 0.193359 0.121094 0.197266 0.129883 0.198242 0.127930 0.194336
0 0.708984 0.176758 0.711914 0.182617 0.717773 0.183594 0.716797 0.178711
0 0.655273 0.041992 0.650391 0.044922 0.649414 0.050781 0.655273 0.047852