0 0.911133 0.259766 0.906250 0.262695 0.904297 0.266602 0.905273 0.271484 0.910156 0.268555
0 0.908203 0.632812 0.910156 0.637695 0.917969 0.638672 0.915039 0.633789
0 0.503906 0.939453 0.503906 0.946289 0.508789 0.952148 0.508789 0.941406
0 0.077148 0.005859 0.074219 0.003906 0.067383 0.010742 0.071289 0.011719
0 0.529297 0.983398 0.528320 0.991211 0.532227 0.994141 0.533203 0.987305
0 0.435547 0.684570 0.429688 0.684570 0.425781 0.689453 0.431641 0.689453
0 0.790039 0.214844 0.785156 0.215820 0.782227 0.222656 0.789062 0.219727
0 0.367188 0.834961 0.365234 0.844727 0.369141 0.848633 0.371094 0.846680 0.371094 0.838867
0 0.208008 0.384766 0.203125 0.383789 0.198242 0.389648 0.206055 0.388672
0 0.216797 0.579102 0.219727 0.588867 0.223633 0.589844 0.222656 0.582031
0 0.753906 0.541992 0.752930 0.548828 0.756836 0.552734 0.756836 0.544922
0 0.193359 0.398438 0.187500 0.399414 0.184570 0.405273 0.192383 0.403320
0 0.666992 0.913086 0.667969 0.918945 0.673828 0.920898 0.672852 0.915039
0 0.958984 0.582031 0.956055 0.582031 0.953125 0.585938 0.953125 0.592773 0.958008 0.590820
0 0.583984 0.339844 0.578125 0.340820 0.573242 0.346680 0.581055 0.346680 0.584961 0.342773
0 0.761719 0.589844 0.766602 0.593750 0.772461 0.592773 0.767578 0.588867
0 0.466797 0.900391 0.465820 0.908203 0.470703 0.912109 0.471680 0.905273
0 0.274414 0.099609 0.275391 0.104492 0.283203 0.108398 0.281250 0.101562
0 0.864258 0.602539 0.858398 0.604492 0.856445 0.609375 0.862305 0.608398
0 0.266602 0.945312 0.266602 0.950195 0.270508 0.954102 0.271484 0.948242 0.269531 0.945312
0 0.811523 0.475586 0.812500 0.483398 0.817383 0.485352 0.816406 0.478516
0 0.061523 0.958984 0.056641 0.959961 0.054688 0.968750 0.060547 0.965820
0 0.922852 0.306641 0.916016 0.310547 0.915039 0.318359 0.916992 0.319336 0.920898 0.316406
0 0.424805 0.903320 0.420898 0.905273 0.419922 0.912109 0.423828 0.910156
0 0.164062 0.756836 0.163086 0.764648 0.166992 0.768555 0.167969 0.759766 0.166992 0.756836
0 0.644531 0.062500 0.636719 0.064453 0.635742 0.069336 0.641602 0.068359
0 0.136719 0.464844 0.128906 0.463867 0.124023 0.467773 0.124023 0.470703 0.130859 0.470703
0 0.943359 0.225586 0.947266 0.231445 0.955078 0.231445 0.950195 0.225586
0 0.231445 0.294922 0.233398 0.298828 0.243164 0.298828 0.243164 0.295898