0 0.835938 0.831055 0.837891 0.835938 0.848633 0.837891 0.844727 0.832031
0 0.094727 0.419922 0.095703 0.422852 0.103516 0.421875 0.100586 0.418945
0 0.371094 0.796875 0.375000 0.807617 0.377930 0.807617 0.377930 0.799805
0 0.193359 0.852539 0.193359 0.859375 0.197266 0.863281 0.198242 0.856445 0.196289 0.852539
0 0.224609 0.697266 0.216797 0.699219 0.213867 0.705078 0.219727 0.705078 0.224609 0.700195
0 0.198242 0.400391 0.194336 0.398438 0.188477 0.399414 0.185547 0.402344 0.195312 0.404297
0 0.302734 0.111328 0.306641 0.117188 0.311523 0.118164 0.308594 0.111328
0 0.038086 0.709961 0.031250 0.709961 0.028320 0.712891 0.036133 0.713867
0 0.982422 0.826172 0.973633 0.828125 0.970703 0.831055 0.970703 0.834961 0.977539 0.833984
0 0.903320 0.699219 0.905273 0.706055 0.912109 0.708008 0.911133 0.702148
0 0.372070 0.666992 0.379883 0.666992 0.381836 0.663086 0.374023 0.663086
0 0.547852 0.859375 0.547852 0.866211 0.551758 0.870117 0.551758 0.860352
0 0.898438 0.140625 0.903320 0.145508 0.909180 0.144531 0.905273 0.139648
0 0.344727 0.258789 0.345703 0.265625 0.353516 0.268555 0.353516 0.263672
0 0.281250 0.097656 0.283203 0.104492 0.290039 0.108398 0.290039 0.101562 0.285156 0.097656
0 0.986328 0.523438 0.986328 0.531250 0.990234 0.533203 0.990234 0.525391
0 0.133789 0.074219 0.132812 0.085938 0.135742 0.086914 0.137695 0.084961 0.137695 0.077148
0 0.053711 0.503906 0.044922 0.505859 0.042969 0.510742 0.050781 0.509766
0 0.953125 0.599609 0.948242 0.599609 0.944336 0.607422 0.951172 0.605469
0 0.652344 0.726562 0.653320 0.728516 0.660156 0.729492 0.665039 0.725586 0.663086 0.723633 0.656250 0.723633
0 0.872070 0.217773 0.870117 0.224609 0.874023 0.229492 0.875977 0.221680
0 0.972656 0.841797 0.968750 0.843750 0.967773 0.852539 0.970703 0.852539 0.973633 0.847656
0 0.037109 0.394531 0.037109 0.400391 0.041992 0.405273 0.042969 0.399414
0 0.481445 0.499023 0.482422 0.505859 0.489258 0.509766 0.488281 0.501953
0 0.093750 0.882812 0.094727 0.889648 0.099609 0.893555 0.103516 0.893555 0.102539 0.887695
0 0.373047 0.264648 0.369141 0.267578 0.371094 0.277344 0.374023 0.273438
0 0.030273 0.609375 0.031250 0.617188 0.036133 0.619141 0.035156 0.611328
0 0.481445 0.865234 0.475586 0.863281 0.469727 0.866211 0.468750 0.869141 0.477539 0.869141
0 0.278320 0.917969 0.278320 0.926758 0.282227 0.929688 0.282227 0.920898
0 0.629883 0.338867 0.625000 0.342773 0.625977 0.349609 0.630859 0.345703 0.631836 0.341797
0 0.291992 0.031250 0.292969 0.038086 0.296875 0.039062 0.295898 0.033203
0 0.612305 0.786133 0.613281 0.791016 0.621094 0.792969 0.617188 0.787109
0 0.041992 0.651367 0.037109 0.656250 0.038086 0.660156 0.041992 0.657227
0 0.406250 0.152344 0.410156 0.159180 0.416016 0.160156 0.413086 0.153320
0 0.887695 0.044922 0.892578 0.048828 0.897461 0.047852 0.895508 0.043945
0 0.769531 0.286133 0.764648 0.289062 0.763672 0.295898 0.769531 0.292969
0 0.174805 0.375977 0.176758 0.383789 0.181641 0.386719 0.179688 0.376953
0 0.080078 0.464844 0.081055 0.472656 0.085938 0.474609 0.085938 0.468750
0 0.110352 0.038086 0.103516 0.038086 0.100586 0.041992 0.105469 0.042969
0 0.245117 0.696289 0.240234 0.697266 0.238281 0.704102 0.246094 0.700195
0 0.630859 0.083984 0.633789 0.087891 0.640625 0.087891 0.635742 0.083008
0 0.354492 0.527344 0.356445 0.531250 0.362305 0.533203 0.364258 0.531250 0.361328 0.527344
0 0.699219 0.482422 0.706055 0.483398 0.709961 0.479492 0.702148 0.478516
0 0.066406 0.412109 0.067383 0.416016 0.075195 0.416992 0.073242 0.413086
0 0.726562 0.825195 0.727539 0.830078 0.732422 0.833008 0.731445 0.827148
0 0.874023 0.974609 0.876953 0.979492 0.881836 0.979492 0.880859 0.975586
0 0.046875 0.153320 0.050781 0.157227 0.057617 0.156250 0.055664 0.152344
0 0.022461 0.147461 0.019531 0.148438 0.020508 0.156250 0.023438 0.153320
0 0.870117 0.471680 0.874023 0.475586 0.882812 0.472656 0.879883 0.469727
0 0.977539 0.215820 0.971680 0.218750 0.968750 0.229492 0.976562 0.225586
0 0.966797 0.893555 0.961914 0.896484 0.960938 0.903320 0.965820 0.901367