0 0.318359 0.664062 0.316406 0.669922 0.319336 0.675781 0.323242 0.676758 0.322266 0.667969
0 0.879883 0.918945 0.872070 0.922852 0.871094 0.929688 0.878906 0.924805
0 0.956055 0.449219 0.949219 0.453125 0.949219 0.458008 0.954102 0.457031
0 0.874023 0.463867 0.870117 0.466797 0.870117 0.475586 0.873047 0.475586 0.875000 0.471680
0 0.482422 0.267578 0.476562 0.268555 0.474609 0.274414 0.480469 0.273438
0 0.267578 0.852539 0.270508 0.853516 0.278320 0.850586 0.277344 0.848633 0.269531 0.848633
0 0.218750 0.175781 0.217773 0.184570 0.221680 0.188477 0.222656 0.177734
0 0.462891 0.325195 0.471680 0.325195 0.475586 0.320312 0.464844 0.320312
0 0.021484 0.826172 0.021484 0.830078 0.024414 0.833008 0.031250 0.833984 0.027344 0.827148
0 0.860352 0.215820 0.856445 0.215820 0.853516 0.218750 0.852539 0.226562 0.859375 0.222656
0 0.884766 0.783203 0.882812 0.783203 0.880859 0.791016 0.884766 0.789062
0 0.569336 0.939453 0.572266 0.943359 0.580078 0.943359 0.576172 0.938477
0 0.266602 0.482422 0.257812 0.484375 0.255859 0.489258 0.263672 0.488281 0.266602 0.486328
0 0.506836 0.103516 0.506836 0.107422 0.514648 0.111328 0.512695 0.106445
0 0.881836 0.804688 0.881836 0.807617 0.884766 0.809570 0.892578 0.809570 0.887695 0.804688
0 0.346680 0.970703 0.352539 0.978516 0.359375 0.978516 0.355469 0.972656
0 0.982422 0.692383 0.973633 0.693359 0.971680 0.698242 0.978516 0.697266
0 0.535156 0.709961 0.537109 0.713867 0.544922 0.714844 0.543945 0.711914 0.538086 0.708984
0 0.388672 0.635742 0.385742 0.635742 0.383789 0.638672 0.385742 0.647461 0.388672 0.642578
0 0.303711 0.184570 0.301758 0.184570 0.299805 0.189453 0.301758 0.195312 0.304688 0.193359
0 0.891602 0.446289 0.898438 0.446289 0.901367 0.444336 0.901367 0.441406 0.895508 0.441406
0 0.053711 0.482422 0.049805 0.486328 0.049805 0.493164 0.052734 0.493164 0.054688 0.489258
0 0.894531 0.294922 0.892578 0.295898 0.893555 0.304688 0.896484 0.301758
0 0.082031 0.108398 0.084961 0.113281 0.091797 0.113281 0.087891 0.108398
0 0.218750 0.233398 0.211914 0.237305 0.210938 0.243164 0.217773 0.240234
0 0.625977 0.925781 0.625000 0.933594 0.627930 0.935547 0.628906 0.925781
0 0.378906 0.792969 0.375000 0.797852 0.376953 0.803711 0.379883 0.799805
0 0.887695 0.079102 0.882812 0.079102 0.876953 0.084961 0.882812 0.085938 0.886719 0.083984
0 0.079102 0.459961 0.087891 0.460938 0.091797 0.457031 0.082031 0.456055
0 0.323242 0.987305 0.315430 0.988281 0.314453 0.992188 0.323242 0.991211
0 0.785156 0.024414 0.784180 0.029297 0.789062 0.033203 0.789062 0.027344
0 0.593750 0.195312 0.587891 0.198242 0.586914 0.205078 0.591797 0.204102
0 0.291992 0.527344 0.293945 0.533203 0.301758 0.535156 0.297852 0.528320