0 0.864258 0.840820 0.858398 0.841797 0.855469 0.847656 0.862305 0.845703
0 0.221680 0.844727 0.220703 0.852539 0.224609 0.855469 0.225586 0.849609
0 0.463867 0.396484 0.457031 0.396484 0.454102 0.398438 0.454102 0.401367 0.458984 0.401367
0 0.848633 0.865234 0.850586 0.874023 0.855469 0.875977 0.854492 0.868164
0 0.973633 0.244141 0.969727 0.248047 0.971680 0.254883 0.974609 0.249023
0 0.050781 0.715820 0.053711 0.722656 0.058594 0.724609 0.061523 0.722656 0.057617 0.716797
0 0.851562 0.476562 0.847656 0.477539 0.848633 0.487305 0.852539 0.481445
0 0.915039 0.050781 0.912109 0.050781 0.910156 0.053711 0.910156 0.061523 0.916016 0.055664
0 0.206055 0.256836 0.206055 0.258789 0.214844 0.258789 0.215820 0.254883
0 0.341797 0.252930 0.342773 0.255859 0.351562 0.257812 0.351562 0.254883 0.347656 0.251953
0 0.985352 0.243164 0.986328 0.248047 0.993164 0.250000 0.991211 0.245117
0 0.625977 0.546875 0.628906 0.553711 0.634766 0.555664 0.633789 0.550781
0 0.832031 0.194336 0.839844 0.199219 0.837891 0.194336
0 0.936523 0.838867 0.935547 0.844727 0.939453 0.849609 0.940430 0.841797
0 0.184570 0.878906 0.189453 0.879883 0.196289 0.876953 0.196289 0.875000 0.188477 0.874023 0.184570 0.875977
0 0.860352 0.432617 0.861328 0.437500 0.867188 0.439453 0.867188 0.435547
0 0.375000 0.644531 0.368164 0.645508 0.364258 0.652344 0.373047 0.650391
0 0.161133 0.853516 0.157227 0.855469 0.155273 0.865234 0.160156 0.862305
0 0.473633 0.543945 0.473633 0.550781 0.477539 0.552734 0.476562 0.543945
0 0.501953 0.112305 0.500977 0.116211 0.502930 0.119141 0.509766 0.123047 0.507812 0.114258
0 0.528320 0.272461 0.532227 0.278320 0.536133 0.278320 0.534180 0.273438
0 0.540039 0.204102 0.542969 0.207031 0.550781 0.205078 0.547852 0.202148
0 0.203125 0.217773 0.194336 0.217773 0.192383 0.223633 0.201172 0.221680
0 0.664062 0.414062 0.656250 0.416016 0.654297 0.420898 0.660156 0.420898
0 0.811523 0.908203 0.812500 0.911133 0.820312 0.910156 0.817383 0.907227
0 0.389648 0.862305 0.388672 0.867188 0.394531 0.874023 0.394531 0.865234
0 0.669922 0.146484 0.673828 0.150391 0.678711 0.150391 0.677734 0.146484
0 0.349609 0.749023 0.341797 0.750977 0.338867 0.757812 0.347656 0.755859
0 0.728516 0.245117 0.721680 0.247070 0.718750 0.254883 0.724609 0.253906 0.727539 0.250977
0 0.240234 0.518555 0.239258 0.524414 0.242188 0.529297 0.245117 0.529297 0.244141 0.521484
0 0.839844 0.296875 0.833984 0.299805 0.833008 0.304688 0.839844 0.300781
0 0.259766 0.612305 0.266602 0.612305 0.271484 0.607422 0.262695 0.606445 0.259766 0.608398
0 0.343750 0.154297 0.343750 0.156250 0.347656 0.157227 0.352539 0.156250 0.352539 0.153320 0.349609 0.152344
0 0.710938 0.795898 0.703125 0.796875 0.701172 0.801758 0.707031 0.801758
0 0.639648 0.237305 0.631836 0.239258 0.628906 0.243164 0.634766 0.244141 0.638672 0.242188