0 0.647461 0.582031 0.646484 0.587891 0.649414 0.593750 0.652344 0.587891 0.650391 0.583008
0 0.913086 0.732422 0.909180 0.735352 0.909180 0.744141 0.915039 0.738281 0.915039 0.733398
0 0.205078 0.355469 0.208984 0.359375 0.213867 0.359375 0.210938 0.355469
0 0.848633 0.561523 0.842773 0.561523 0.839844 0.567383 0.847656 0.565430
0 0.556641 0.496094 0.548828 0.498047 0.545898 0.503906 0.551758 0.503906 0.556641 0.499023
0 0.931641 0.647461 0.934570 0.651367 0.942383 0.650391 0.942383 0.648438 0.937500 0.646484
0 0.173828 0.063477 0.179688 0.067383 0.183594 0.066406 0.180664 0.062500
0 0.726562 0.817383 0.726562 0.820312 0.736328 0.819336 0.736328 0.816406
0 0.639648 0.610352 0.644531 0.617188 0.650391 0.617188 0.647461 0.611328
0 0.421875 0.861328 0.424805 0.866211 0.432617 0.866211 0.425781 0.860352
0 0.561523 0.099609 0.558594 0.104492 0.558594 0.112305 0.560547 0.116211 0.563477 0.116211 0.565430 0.106445
0 0.801758 0.266602 0.802734 0.270508 0.812500 0.268555 0.809570 0.265625
0 0.148438 0.360352 0.148438 0.364258 0.151367 0.366211 0.160156 0.365234 0.157227 0.361328
0 0.222656 0.230469 0.217773 0.230469 0.213867 0.237305 0.219727 0.236328
0 0.278320 0.600586 0.282227 0.607422 0.288086 0.607422 0.286133 0.601562
0 0.897461 0.526367 0.893555 0.528320 0.892578 0.536133 0.896484 0.533203
0 0.324219 0.526367 0.328125 0.533203 0.333984 0.534180 0.330078 0.526367
0 0.835938 0.697266 0.829102 0.697266 0.826172 0.703125 0.833984 0.701172
0 0.453125 0.883789 0.443359 0.884766 0.442383 0.889648 0.451172 0.887695
0 0.229492 0.127930 0.221680 0.127930 0.216797 0.132812 0.225586 0.132812
0 0.792969 0.420898 0.787109 0.420898 0.784180 0.427734 0.791016 0.425781
0 0.702148 0.524414 0.705078 0.534180 0.708984 0.535156 0.708008 0.527344
0 0.606445 0.905273 0.601562 0.905273 0.596680 0.912109 0.601562 0.913086
0 0.159180 0.254883 0.159180 0.264648 0.163086 0.265625 0.164062 0.258789 0.162109 0.254883
0 0.540039 0.285156 0.541016 0.288086 0.547852 0.288086 0.549805 0.284180
0 0.294922 0.801758 0.297852 0.805664 0.305664 0.806641 0.300781 0.800781