0 0.804688 0.304688 0.800781 0.305664 0.798828 0.312500 0.804688 0.309570
0 0.878906 0.090820 0.879883 0.093750 0.887695 0.091797
0 0.030273 0.058594 0.031250 0.065430 0.035156 0.068359 0.035156 0.061523 0.033203 0.058594
0 0.185547 0.402344 0.180664 0.403320 0.177734 0.410156 0.181641 0.410156
0 0.126953 0.355469 0.122070 0.353516 0.116211 0.358398 0.121094 0.359375
0 0.333008 0.703125 0.333008 0.710938 0.337891 0.712891 0.337891 0.707031
0 0.206055 0.733398 0.208008 0.737305 0.215820 0.735352 0.210938 0.732422
0 0.844727 0.559570 0.839844 0.561523 0.838867 0.570312 0.842773 0.568359
0 0.358398 0.518555 0.359375 0.525391 0.363281 0.528320 0.363281 0.521484 0.361328 0.518555
0 0.321289 0.366211 0.323242 0.371094 0.330078 0.373047 0.329102 0.368164
0 0.470703 0.200195 0.462891 0.202148 0.460938 0.208008 0.468750 0.206055
0 0.034180 0.336914 0.040039 0.343750 0.045898 0.343750 0.044922 0.338867 0.038086 0.335938
0 0.412109 0.372070 0.409180 0.370117 0.404297 0.371094 0.403320 0.374023 0.411133 0.375000
0 0.839844 0.397461 0.839844 0.400391 0.843750 0.402344 0.848633 0.402344 0.849609 0.400391
0 0.017578 0.346680 0.018555 0.349609 0.028320 0.350586 0.028320 0.347656 0.024414 0.345703
0 0.414062 0.228516 0.408203 0.226562 0.402344 0.228516 0.401367 0.231445 0.408203 0.232422
0 0.526367 0.826172 0.521484 0.825195 0.516602 0.828125 0.516602 0.831055 0.521484 0.831055
0 0.756836 0.789062 0.757812 0.792969 0.768555 0.794922 0.766602 0.790039 0.762695 0.788086
0 0.503906 0.947266 0.503906 0.954102 0.507812 0.957031 0.507812 0.950195
0 0.179688 0.656250 0.183594 0.661133 0.190430 0.661133 0.187500 0.656250
0 0.607422 0.416016 0.607422 0.420898 0.610352 0.423828 0.611328 0.418945
0 0.231445 0.067383 0.233398 0.070312 0.242188 0.069336 0.240234 0.066406
0 0.329102 0.418945 0.327148 0.428711 0.331055 0.432617 0.333008 0.422852
0 0.125000 0.937500 0.126953 0.942383 0.133789 0.944336 0.130859 0.938477
0 0.231445 0.769531 0.233398 0.777344 0.239258 0.781250 0.237305 0.771484
0 0.776367 0.314453 0.777344 0.318359 0.787109 0.316406 0.784180 0.313477
0 0.727539 0.857422 0.727539 0.860352 0.730469 0.861328 0.737305 0.860352 0.732422 0.856445
0 0.402344 0.452148 0.403320 0.459961 0.408203 0.461914 0.407227 0.454102
0 0.370117 0.867188 0.369141 0.869141 0.372070 0.873047 0.378906 0.873047 0.375000 0.868164
0 0.020508 0.787109 0.014648 0.787109 0.010742 0.791992 0.016602 0.791992
0 0.555664 0.319336 0.553711 0.325195 0.554688 0.330078 0.557617 0.331055 0.558594 0.320312
0 0.843750 0.168945 0.841797 0.180664 0.845703 0.182617 0.847656 0.172852
0 0.553711 0.081055 0.550781 0.081055 0.548828 0.083984 0.548828 0.091797 0.553711 0.085938
0 0.760742 0.540039 0.760742 0.545898 0.766602 0.548828 0.765625 0.542969
0 0.057617 0.647461 0.051758 0.648438 0.047852 0.654297 0.055664 0.653320
0 0.164062 0.066406 0.159180 0.069336 0.158203 0.075195 0.165039 0.071289
0 0.911133 0.832031 0.913086 0.836914 0.921875 0.837891 0.919922 0.833984
0 0.649414 0.831055 0.646484 0.833008 0.648438 0.841797 0.650391 0.838867
0 0.377930 0.537109 0.369141 0.539062 0.368164 0.542969 0.373047 0.542969
0 0.369141 0.175781 0.372070 0.180664 0.378906 0.182617 0.376953 0.176758
0 0.936523 0.334961 0.936523 0.341797 0.942383 0.345703 0.941406 0.337891
0 0.820312 0.110352 0.822266 0.116211 0.830078 0.118164 0.826172 0.111328
0 0.840820 0.907227 0.842773 0.912109 0.849609 0.913086 0.849609 0.910156
0 0.570312 0.519531 0.566406 0.520508 0.565430 0.528320 0.568359 0.528320
0 0.876953 0.900391 0.871094 0.901367 0.867188 0.909180 0.874023 0.907227
0 0.037109 0.291016 0.039062 0.299805 0.043945 0.301758 0.043945 0.294922
0 0.934570 0.085938 0.940430 0.086914 0.945312 0.082031 0.938477 0.082031
0 0.408203 0.807617 0.413086 0.814453 0.418945 0.814453 0.416016 0.808594
0 0.116211 0.009766 0.111328 0.009766 0.105469 0.015625 0.111328 0.016602 0.115234 0.014648
0 0.120117 0.643555 0.114258 0.644531 0.111328 0.653320 0.119141 0.649414
0 0.797852 0.939453 0.795898 0.944336 0.799805 0.950195 0.801758 0.942383 0.800781 0.939453
0 0.414062 0.291992 0.420898 0.291992 0.423828 0.289062 0.417969 0.287109
0 0.017578 0.572266 0.013672 0.575195 0.014648 0.582031 0.018555 0.577148
0 0.528320 0.768555 0.524414 0.768555 0.522461 0.776367 0.527344 0.774414
0 0.289062 0.635742 0.291016 0.638672 0.300781 0.637695 0.299805 0.634766 0.294922 0.633789
0 0.322266 0.680664 0.329102 0.680664 0.332031 0.676758 0.324219 0.676758
0 0.969727 0.407227 0.968750 0.413086 0.973633 0.417969 0.973633 0.411133
0 0.240234 0.625977 0.241211 0.629883 0.250000 0.630859 0.248047 0.626953
0 0.291016 0.851562 0.283203 0.852539 0.278320 0.859375 0.287109 0.858398
0 0.082031 0.481445 0.085938 0.485352 0.092773 0.485352 0.094727 0.483398 0.090820 0.479492
0 0.103516 0.794922 0.109375 0.799805 0.116211 0.798828 0.112305 0.793945 0.105469 0.792969
0 0.563477 0.340820 0.563477 0.347656 0.569336 0.350586 0.567383 0.342773
0 0.898438 0.224609 0.898438 0.228516 0.902344 0.230469 0.908203 0.229492 0.903320 0.224609
0 0.194336 0.345703 0.195312 0.349609 0.206055 0.348633 0.202148 0.344727
0 0.931641 0.448242 0.932617 0.455078 0.937500 0.458008 0.936523 0.450195
0 0.980469 0.094727 0.974609 0.093750 0.969727 0.099609 0.975586 0.099609
0 0.964844 0.010742 0.964844 0.019531 0.969727 0.023438 0.969727 0.013672
0 0.609375 0.943359 0.604492 0.950195 0.606445 0.958008 0.610352 0.954102
0 0.380859 0.762695 0.373047 0.763672 0.370117 0.769531 0.379883 0.766602
0 0.758789 0.615234 0.760742 0.618164 0.767578 0.619141 0.766602 0.615234
0 0.314453 0.079102 0.320312 0.083984 0.328125 0.082031 0.322266 0.077148