0 0.224609 0.913086 0.221680 0.916016 0.221680 0.923828 0.225586 0.919922
0 0.340820 0.524414 0.342773 0.531250 0.348633 0.533203 0.348633 0.528320
0 0.025391 0.168945 0.028320 0.174805 0.034180 0.174805 0.032227 0.169922
0 0.169922 0.757812 0.171875 0.762695 0.179688 0.765625 0.175781 0.757812
0 0.760742 0.560547 0.758789 0.560547 0.755859 0.567383 0.758789 0.574219 0.761719 0.570312
0 0.511719 0.689453 0.506836 0.693359 0.508789 0.702148 0.512695 0.696289
0 0.465820 0.928711 0.468750 0.934570 0.474609 0.935547 0.472656 0.930664
0 0.196289 0.805664 0.198242 0.808594 0.205078 0.807617 0.205078 0.804688
0 0.867188 0.488281 0.871094 0.495117 0.875000 0.495117 0.872070 0.489258
0 0.677734 0.856445 0.672852 0.861328 0.673828 0.869141 0.678711 0.861328
0 0.229492 0.778320 0.226562 0.776367 0.221680 0.777344 0.217773 0.782227 0.224609 0.782227
0 0.589844 0.982422 0.589844 0.988281 0.596680 0.992188 0.594727 0.984375
0 0.680664 0.053711 0.675781 0.053711 0.671875 0.060547 0.677734 0.059570
0 0.771484 0.477539 0.773438 0.482422 0.779297 0.485352 0.777344 0.479492
0 0.311523 0.974609 0.310547 0.980469 0.313477 0.984375 0.314453 0.976562
0 0.563477 0.947266 0.560547 0.950195 0.561523 0.957031 0.564453 0.956055
0 0.411133 0.194336 0.411133 0.199219 0.415039 0.204102 0.416016 0.198242
0 0.084961 0.892578 0.081055 0.893555 0.080078 0.902344 0.083984 0.899414
0 0.242188 0.953125 0.242188 0.961914 0.245117 0.962891 0.247070 0.959961 0.246094 0.955078
0 0.184570 0.884766 0.185547 0.889648 0.191406 0.893555 0.190430 0.886719
0 0.181641 0.944336 0.181641 0.952148 0.186523 0.957031 0.187500 0.950195
0 0.460938 0.605469 0.460938 0.611328 0.465820 0.614258 0.464844 0.607422
0 0.190430 0.584961 0.184570 0.587891 0.183594 0.595703 0.189453 0.591797
0 0.093750 0.895508 0.100586 0.896484 0.106445 0.890625 0.098633 0.889648 0.093750 0.892578
0 0.482422 0.597656 0.484375 0.601562 0.492188 0.601562 0.490234 0.598633
0 0.307617 0.708008 0.309570 0.714844 0.315430 0.717773 0.314453 0.710938
0 0.469727 0.541016 0.470703 0.547852 0.475586 0.550781 0.476562 0.545898
0 0.599609 0.840820 0.593750 0.843750 0.591797 0.850586 0.599609 0.846680
0 0.084961 0.964844 0.081055 0.965820 0.080078 0.973633 0.083984 0.971680
0 0.402344 0.630859 0.405273 0.634766 0.412109 0.634766 0.416016 0.631836 0.411133 0.628906
0 0.995117 0.399414 0.986328 0.400391 0.982422 0.407227 0.990234 0.406250
0 0.278320 0.155273 0.270508 0.155273 0.267578 0.157227 0.267578 0.160156 0.274414 0.160156
0 0.726562 0.904297 0.729492 0.911133 0.734375 0.912109 0.733398 0.907227
0 0.253906 0.021484 0.248047 0.023438 0.244141 0.028320 0.250000 0.029297