0 0.585938 0.633789 0.585938 0.636719 0.588867 0.638672 0.595703 0.637695 0.594727 0.634766
0 0.331055 0.980469 0.332031 0.982422 0.339844 0.982422 0.337891 0.979492
0 0.817383 0.732422 0.821289 0.740234 0.825195 0.742188 0.828125 0.740234 0.824219 0.734375
0 0.236328 0.839844 0.245117 0.841797 0.247070 0.837891 0.238281 0.836914
0 0.932617 0.226562 0.927734 0.230469 0.927734 0.235352 0.933594 0.231445
0 0.042969 0.373047 0.042969 0.377930 0.047852 0.382812 0.047852 0.375000
0 0.262695 0.640625 0.255859 0.641602 0.253906 0.645508 0.259766 0.645508
0 0.736328 0.611328 0.736328 0.613281 0.741211 0.615234 0.746094 0.614258 0.742188 0.610352
0 0.245117 0.394531 0.242188 0.394531 0.240234 0.397461 0.241211 0.406250 0.245117 0.401367
0 0.355469 0.694336 0.350586 0.694336 0.346680 0.703125 0.353516 0.700195
0 0.375000 0.877930 0.378906 0.883789 0.386719 0.883789 0.384766 0.878906 0.380859 0.876953
0 0.304688 0.866211 0.301758 0.866211 0.298828 0.872070 0.300781 0.879883 0.302734 0.879883 0.304688 0.875000
0 0.904297 0.281250 0.901367 0.281250 0.899414 0.284180 0.899414 0.290039 0.902344 0.293945 0.905273 0.288086
0 0.167969 0.217773 0.170898 0.220703 0.179688 0.220703 0.177734 0.216797
0 0.291016 0.798828 0.286133 0.802734 0.285156 0.812500 0.291016 0.807617
0 0.927734 0.835938 0.923828 0.835938 0.920898 0.842773 0.924805 0.841797
0 0.822266 0.208008 0.814453 0.207031 0.811523 0.210938 0.820312 0.211914
0 0.975586 0.452148 0.972656 0.451172 0.966797 0.454102 0.964844 0.459961 0.972656 0.458008
0 0.725586 0.880859 0.727539 0.885742 0.734375 0.886719 0.732422 0.882812
0 0.424805 0.236328 0.426758 0.240234 0.433594 0.240234 0.437500 0.237305 0.437500 0.234375
0 0.966797 0.834961 0.970703 0.839844 0.975586 0.838867 0.973633 0.834961
0 0.408203 0.013672 0.408203 0.015625 0.413086 0.017578 0.419922 0.016602 0.416992 0.012695
0 0.791992 0.800781 0.795898 0.807617 0.801758 0.807617 0.799805 0.801758
0 0.543945 0.568359 0.541016 0.568359 0.539062 0.571289 0.540039 0.581055 0.544922 0.574219
0 0.054688 0.396484 0.053711 0.403320 0.057617 0.408203 0.058594 0.399414
0 0.951172 0.623047 0.953125 0.628906 0.958984 0.630859 0.958008 0.625977
0 0.863281 0.793945 0.856445 0.795898 0.854492 0.802734 0.862305 0.798828
0 0.439453 0.219727 0.441406 0.223633 0.452148 0.221680 0.452148 0.219727 0.444336 0.217773
0 0.972656 0.284180 0.975586 0.288086 0.981445 0.288086 0.979492 0.284180
0 0.027344 0.970703 0.026367 0.978516 0.030273 0.982422 0.032227 0.973633 0.030273 0.970703
0 0.492188 0.370117 0.495117 0.373047 0.501953 0.372070 0.500977 0.369141
0 0.159180 0.831055 0.154297 0.834961 0.153320 0.839844 0.155273 0.841797 0.159180 0.836914
0 0.377930 0.401367 0.379883 0.404297 0.385742 0.404297 0.382812 0.400391
0 0.620117 0.461914 0.614258 0.460938 0.610352 0.468750 0.617188 0.466797
0 0.434570 0.903320 0.431641 0.902344 0.425781 0.905273 0.423828 0.910156 0.433594 0.908203
0 0.613281 0.962891 0.609375 0.964844 0.610352 0.972656 0.615234 0.967773
0 0.859375 0.903320 0.859375 0.907227 0.866211 0.910156 0.864258 0.904297