0 0.736328 0.761719 0.731445 0.764648 0.731445 0.771484 0.735352 0.769531
0 0.637695 0.170898 0.641602 0.176758 0.647461 0.178711 0.643555 0.170898
0 0.484375 0.679688 0.485352 0.686523 0.491211 0.689453 0.490234 0.683594
0 0.873047 0.958984 0.868164 0.959961 0.866211 0.964844 0.871094 0.963867
0 0.752930 0.392578 0.753906 0.396484 0.763672 0.398438 0.761719 0.394531
0 0.788086 0.864258 0.791992 0.869141 0.797852 0.869141 0.796875 0.865234
0 0.557617 0.090820 0.561523 0.094727 0.571289 0.094727 0.571289 0.091797 0.564453 0.088867 0.558594 0.088867
0 0.751953 0.263672 0.747070 0.261719 0.740234 0.263672 0.740234 0.265625 0.750977 0.266602
0 0.115234 0.550781 0.105469 0.550781 0.101562 0.552734 0.101562 0.555664 0.112305 0.556641 0.115234 0.554688
0 0.241211 0.193359 0.233398 0.194336 0.231445 0.199219 0.239258 0.198242
0 0.823242 0.825195 0.818359 0.826172 0.818359 0.836914 0.822266 0.833984
0 0.879883 0.312500 0.879883 0.316406 0.888672 0.321289 0.887695 0.316406
0 0.182617 0.725586 0.184570 0.729492 0.191406 0.731445 0.189453 0.726562
0 0.581055 0.449219 0.583008 0.452148 0.591797 0.450195 0.588867 0.447266
0 0.598633 0.459961 0.591797 0.460938 0.589844 0.465820 0.597656 0.463867
0 0.726562 0.739258 0.725586 0.746094 0.728516 0.749023 0.729492 0.743164
0 0.184570 0.199219 0.181641 0.198242 0.175781 0.201172 0.173828 0.207031 0.181641 0.205078
0 0.231445 0.839844 0.234375 0.844727 0.241211 0.844727 0.239258 0.840820
0 0.286133 0.882812 0.288086 0.886719 0.295898 0.887695 0.291992 0.882812
0 0.667969 0.679688 0.669922 0.683594 0.679688 0.682617 0.679688 0.679688 0.676758 0.677734
0 0.315430 0.701172 0.315430 0.703125 0.319336 0.704102 0.324219 0.702148 0.324219 0.699219
0 0.223633 0.734375 0.223633 0.739258 0.229492 0.743164 0.227539 0.735352
0 0.083984 0.756836 0.079102 0.758789 0.079102 0.766602 0.082031 0.765625
0 0.517578 0.723633 0.523438 0.724609 0.528320 0.722656 0.529297 0.718750 0.520508 0.718750
0 0.322266 0.089844 0.315430 0.092773 0.313477 0.100586 0.321289 0.096680
0 0.356445 0.629883 0.350586 0.630859 0.347656 0.636719 0.353516 0.635742
0 0.132812 0.384766 0.133789 0.389648 0.141602 0.394531 0.140625 0.387695
0 0.049805 0.231445 0.047852 0.238281 0.048828 0.241211 0.051758 0.241211 0.052734 0.234375
0 0.254883 0.121094 0.257812 0.125977 0.261719 0.126953 0.261719 0.123047
0 0.075195 0.568359 0.067383 0.570312 0.063477 0.576172 0.073242 0.574219
0 0.088867 0.202148 0.090820 0.207031 0.099609 0.208008 0.094727 0.202148
0 0.641602 0.930664 0.646484 0.935547 0.655273 0.934570 0.655273 0.931641 0.649414 0.928711 0.642578 0.928711
0 0.154297 0.690430 0.159180 0.691406 0.165039 0.688477 0.157227 0.686523
0 0.596680 0.854492 0.592773 0.855469 0.589844 0.861328 0.594727 0.860352
0 0.670898 0.372070 0.664062 0.373047 0.660156 0.378906 0.666016 0.378906 0.670898 0.375000
0 0.762695 0.804688 0.757812 0.807617 0.758789 0.817383 0.760742 0.817383 0.762695 0.812500
0 0.682617 0.411133 0.689453 0.412109 0.693359 0.408203 0.685547 0.407227
0 0.306641 0.244141 0.300781 0.245117 0.297852 0.251953 0.302734 0.250977
0 0.162109 0.969727 0.164062 0.974609 0.170898 0.976562 0.169922 0.971680
0 0.977539 0.457031 0.980469 0.461914 0.987305 0.462891 0.984375 0.458008
0 0.567383 0.680664 0.564453 0.680664 0.562500 0.683594 0.562500 0.692383 0.568359 0.686523
0 0.673828 0.524414 0.677734 0.530273 0.681641 0.530273 0.679688 0.525391
0 0.950195 0.730469 0.950195 0.739258 0.952148 0.742188 0.955078 0.742188 0.956055 0.736328
0 0.546875 0.914062 0.546875 0.917969 0.550781 0.921875 0.556641 0.922852 0.552734 0.915039
0 0.160156 0.822266 0.154297 0.823242 0.152344 0.828125 0.158203 0.827148
0 0.410156 0.771484 0.404297 0.775391 0.403320 0.785156 0.409180 0.780273
0 0.779297 0.156250 0.773438 0.157227 0.771484 0.162109 0.778320 0.160156
0 0.372070 0.711914 0.372070 0.718750 0.375977 0.721680 0.375977 0.713867
0 0.702148 0.154297 0.699219 0.154297 0.697266 0.158203 0.698242 0.163086 0.703125 0.158203
0 0.449219 0.536133 0.448242 0.541016 0.454102 0.546875 0.455078 0.542969
0 0.239258 0.711914 0.239258 0.715820 0.246094 0.719727 0.244141 0.713867
0 0.735352 0.169922 0.740234 0.173828 0.744141 0.173828 0.741211 0.168945
0 0.954102 0.145508 0.951172 0.144531 0.945312 0.149414 0.950195 0.150391
0 0.722656 0.728516 0.723633 0.734375 0.727539 0.737305 0.726562 0.729492
0 0.486328 0.713867 0.482422 0.716797 0.482422 0.723633 0.485352 0.723633 0.487305 0.719727
0 0.456055 0.972656 0.450195 0.975586 0.449219 0.979492 0.451172 0.981445 0.455078 0.978516
0 0.164062 0.625977 0.163086 0.635742 0.166016 0.635742 0.166992 0.627930
0 0.263672 0.284180 0.267578 0.288086 0.274414 0.288086 0.271484 0.283203
0 0.872070 0.396484 0.868164 0.395508 0.865234 0.397461 0.862305 0.404297 0.870117 0.401367
0 0.100586 0.151367 0.101562 0.155273 0.106445 0.158203 0.105469 0.152344
0 0.844727 0.201172 0.848633 0.208008 0.854492 0.208008 0.851562 0.203125
0 0.787109 0.366211 0.786133 0.375000 0.789062 0.375000 0.790039 0.366211