0 0.897461 0.785156 0.902344 0.785156 0.905273 0.782227 0.900391 0.781250
0 0.707031 0.585938 0.708008 0.591797 0.713867 0.595703 0.712891 0.588867
0 0.407227 0.073242 0.402344 0.075195 0.401367 0.082031 0.405273 0.081055
0 0.532227 0.680664 0.533203 0.686523 0.541992 0.690430 0.540039 0.683594
0 0.603516 0.458008 0.604492 0.462891 0.610352 0.465820 0.609375 0.460938
0 0.516602 0.477539 0.515625 0.487305 0.519531 0.489258 0.521484 0.479492
0 0.468750 0.382812 0.463867 0.384766 0.462891 0.394531 0.466797 0.392578
0 0.894531 0.371094 0.894531 0.380859 0.897461 0.380859 0.898438 0.373047
0 0.372070 0.934570 0.372070 0.938477 0.377930 0.943359 0.377930 0.937500
0 0.792969 0.583008 0.790039 0.583008 0.788086 0.586914 0.789062 0.595703 0.792969 0.592773
0 0.871094 0.018555 0.872070 0.023438 0.878906 0.025391 0.875000 0.017578
0 0.742188 0.513672 0.745117 0.517578 0.754883 0.516602 0.753906 0.512695
0 0.178711 0.323242 0.179688 0.330078 0.185547 0.333984 0.186523 0.329102 0.184570 0.325195
0 0.502930 0.546875 0.500977 0.557617 0.504883 0.561523 0.506836 0.552734 0.504883 0.546875
0 0.892578 0.355469 0.885742 0.355469 0.882812 0.363281 0.887695 0.362305
0 0.478516 0.255859 0.474609 0.256836 0.472656 0.262695 0.477539 0.260742
0 0.652344 0.523438 0.644531 0.525391 0.642578 0.531250 0.649414 0.530273
0 0.776367 0.160156 0.769531 0.160156 0.765625 0.167969 0.772461 0.166016
0 0.249023 0.105469 0.252930 0.109375 0.258789 0.108398 0.254883 0.104492
0 0.806641 0.336914 0.809570 0.343750 0.816406 0.343750 0.813477 0.337891
0 0.515625 0.194336 0.509766 0.198242 0.508789 0.206055 0.511719 0.206055 0.515625 0.201172
0 0.891602 0.878906 0.894531 0.888672 0.898438 0.889648 0.897461 0.881836
0 0.521484 0.791992 0.525391 0.794922 0.530273 0.793945 0.530273 0.791992 0.525391 0.790039
0 0.297852 0.324219 0.296875 0.330078 0.301758 0.333984 0.301758 0.327148
0 0.870117 0.876953 0.870117 0.884766 0.875000 0.887695 0.875000 0.878906
0 0.873047 0.816406 0.872070 0.821289 0.876953 0.829102 0.877930 0.821289
0 0.303711 0.926758 0.303711 0.929688 0.306641 0.931641 0.316406 0.929688 0.311523 0.925781
0 0.679688 0.497070 0.687500 0.497070 0.689453 0.494141 0.681641 0.493164
0 0.965820 0.916016 0.960938 0.915039 0.953125 0.919922 0.959961 0.921875 0.964844 0.919922
0 0.228516 0.458008 0.230469 0.461914 0.238281 0.460938 0.237305 0.458008
0 0.344727 0.270508 0.343750 0.276367 0.348633 0.282227 0.349609 0.277344
0 0.557617 0.737305 0.561523 0.742188 0.568359 0.742188 0.565430 0.737305
0 0.667969 0.709961 0.669922 0.718750 0.673828 0.719727 0.672852 0.711914
0 0.207031 0.213867 0.210938 0.217773 0.217773 0.217773 0.217773 0.214844 0.214844 0.212891
0 0.906250 0.399414 0.901367 0.399414 0.897461 0.406250 0.903320 0.405273
0 0.387695 0.732422 0.383789 0.732422 0.382812 0.742188 0.386719 0.739258
0 0.657227 0.127930 0.650391 0.131836 0.650391 0.136719 0.656250 0.134766
0 0.118164 0.455078 0.125000 0.456055 0.131836 0.451172 0.123047 0.450195
0 0.953125 0.595703 0.948242 0.593750 0.943359 0.594727 0.942383 0.597656 0.951172 0.599609
0 0.341797 0.984375 0.339844 0.982422 0.333984 0.983398 0.331055 0.988281 0.337891 0.988281
0 0.291016 0.225586 0.290039 0.233398 0.292969 0.237305 0.294922 0.226562
0 0.312500 0.630859 0.314453 0.633789 0.321289 0.631836 0.320312 0.628906
0 0.079102 0.229492 0.079102 0.232422 0.083008 0.233398 0.090820 0.231445 0.090820 0.228516
0 0.054688 0.151367 0.055664 0.156250 0.064453 0.157227 0.061523 0.152344
0 0.158203 0.733398 0.161133 0.738281 0.166016 0.740234 0.167969 0.738281 0.166992 0.735352
0 0.059570 0.317383 0.060547 0.323242 0.066406 0.326172 0.064453 0.318359
0 0.392578 0.753906 0.396484 0.757812 0.402344 0.756836 0.399414 0.752930
0 0.316406 0.835938 0.316406 0.844727 0.319336 0.847656 0.321289 0.846680 0.321289 0.839844 0.319336 0.835938
0 0.706055 0.554688 0.701172 0.552734 0.694336 0.555664 0.694336 0.557617 0.704102 0.558594