0 0.422852 0.115234 0.423828 0.119141 0.430664 0.121094 0.428711 0.116211
0 0.541992 0.814453 0.541992 0.822266 0.545898 0.824219 0.545898 0.817383
0 0.258789 0.883789 0.251953 0.884766 0.248047 0.891602 0.256836 0.889648
0 0.692383 0.157227 0.691406 0.165039 0.694336 0.167969 0.696289 0.160156
0 0.416992 0.918945 0.416992 0.921875 0.419922 0.922852 0.427734 0.920898 0.426758 0.917969 0.422852 0.916992
0 0.869141 0.374023 0.860352 0.375000 0.859375 0.378906 0.863281 0.378906
0 0.611328 0.091797 0.606445 0.092773 0.603516 0.098633 0.610352 0.096680
0 0.050781 0.788086 0.050781 0.792969 0.057617 0.796875 0.056641 0.791016
0 0.884766 0.766602 0.884766 0.772461 0.891602 0.775391 0.889648 0.768555
0 0.466797 0.501953 0.467773 0.509766 0.471680 0.513672 0.476562 0.514648 0.476562 0.508789
0 0.912109 0.739258 0.909180 0.739258 0.907227 0.743164 0.908203 0.749023 0.912109 0.746094
0 0.416992 0.572266 0.409180 0.570312 0.402344 0.573242 0.401367 0.576172 0.411133 0.577148
0 0.054688 0.606445 0.057617 0.612305 0.065430 0.612305 0.061523 0.607422
0 0.361328 0.008789 0.354492 0.008789 0.350586 0.014648 0.359375 0.013672
0 0.569336 0.975586 0.567383 0.982422 0.568359 0.986328 0.572266 0.987305 0.573242 0.977539
0 0.187500 0.110352 0.184570 0.114258 0.186523 0.120117 0.189453 0.117188 0.189453 0.111328
0 0.013672 0.529297 0.009766 0.530273 0.007812 0.536133 0.012695 0.534180
0 0.641602 0.348633 0.644531 0.352539 0.650391 0.353516 0.648438 0.348633
0 0.588867 0.551758 0.580078 0.553711 0.578125 0.558594 0.585938 0.557617
0 0.649414 0.401367 0.645508 0.403320 0.646484 0.413086 0.650391 0.407227
0 0.164062 0.209961 0.166016 0.215820 0.173828 0.220703 0.174805 0.216797 0.172852 0.213867
0 0.638672 0.541992 0.632812 0.545898 0.631836 0.551758 0.638672 0.548828 0.640625 0.543945
0 0.708008 0.749023 0.709961 0.751953 0.716797 0.752930 0.716797 0.750000 0.713867 0.748047
0 0.471680 0.409180 0.473633 0.413086 0.481445 0.415039 0.480469 0.410156
0 0.324219 0.599609 0.324219 0.602539 0.331055 0.606445 0.331055 0.602539
0 0.336914 0.896484 0.342773 0.899414 0.349609 0.897461 0.349609 0.894531 0.340820 0.893555
0 0.899414 0.333984 0.894531 0.333008 0.886719 0.337891 0.893555 0.339844 0.898438 0.337891