0 0.470703 0.466797 0.473633 0.470703 0.480469 0.469727 0.478516 0.465820
0 0.702148 0.469727 0.705078 0.473633 0.711914 0.472656 0.707031 0.468750
0 0.185547 0.635742 0.176758 0.635742 0.174805 0.639648 0.182617 0.639648
0 0.620117 0.698242 0.622070 0.706055 0.626953 0.708008 0.625977 0.701172
0 0.847656 0.698242 0.846680 0.701172 0.853516 0.706055 0.853516 0.701172
0 0.811523 0.092773 0.814453 0.095703 0.821289 0.095703 0.820312 0.091797
0 0.200195 0.496094 0.199219 0.499023 0.202148 0.503906 0.208008 0.504883 0.208008 0.500000
0 0.716797 0.533203 0.709961 0.537109 0.709961 0.542969 0.715820 0.540039
0 0.206055 0.638672 0.208008 0.643555 0.213867 0.644531 0.209961 0.638672
0 0.528320 0.267578 0.528320 0.274414 0.532227 0.278320 0.533203 0.271484
0 0.546875 0.792969 0.541992 0.797852 0.541992 0.804688 0.547852 0.798828
0 0.387695 0.788086 0.381836 0.789062 0.379883 0.793945 0.385742 0.792969
0 0.920898 0.551758 0.924805 0.555664 0.931641 0.553711 0.930664 0.550781
0 0.844727 0.372070 0.846680 0.375977 0.853516 0.376953 0.850586 0.372070
0 0.728516 0.484375 0.727539 0.489258 0.731445 0.494141 0.732422 0.488281
0 0.031250 0.897461 0.022461 0.897461 0.018555 0.902344 0.027344 0.902344
0 0.123047 0.269531 0.134766 0.271484 0.139648 0.268555 0.139648 0.265625 0.130859 0.264648
0 0.592773 0.126953 0.587891 0.126953 0.584961 0.134766 0.590820 0.132812
0 0.829102 0.430664 0.828125 0.437500 0.831055 0.442383 0.833984 0.442383 0.833984 0.434570
0 0.490234 0.633789 0.484375 0.634766 0.481445 0.644531 0.488281 0.640625
0 0.759766 0.111328 0.757812 0.120117 0.761719 0.125000 0.763672 0.124023 0.763672 0.115234
0 0.708008 0.753906 0.708984 0.758789 0.715820 0.761719 0.714844 0.756836
0 0.659180 0.694336 0.652344 0.695312 0.648438 0.702148 0.655273 0.702148
0 0.371094 0.199219 0.364258 0.199219 0.362305 0.203125 0.368164 0.203125
0 0.189453 0.818359 0.185547 0.818359 0.182617 0.822266 0.182617 0.829102 0.188477 0.825195
0 0.138672 0.541016 0.134766 0.541992 0.132812 0.549805 0.137695 0.547852
0 0.663086 0.061523 0.657227 0.058594 0.650391 0.060547 0.649414 0.063477 0.659180 0.065430
0 0.788086 0.708008 0.782227 0.708008 0.778320 0.713867 0.786133 0.711914
0 0.708984 0.361328 0.710938 0.365234 0.717773 0.365234 0.714844 0.361328
0 0.129883 0.333008 0.128906 0.339844 0.131836 0.342773 0.133789 0.336914
0 0.496094 0.696289 0.496094 0.698242 0.505859 0.697266 0.504883 0.694336
0 0.815430 0.396484 0.810547 0.396484 0.806641 0.400391 0.813477 0.401367
0 0.634766 0.203125 0.637695 0.206055 0.644531 0.206055 0.642578 0.202148
0 0.820312 0.857422 0.822266 0.860352 0.832031 0.858398 0.831055 0.855469 0.827148 0.854492
0 0.272461 0.626953 0.272461 0.630859 0.279297 0.634766 0.278320 0.628906
0 0.060547 0.973633 0.052734 0.974609 0.048828 0.982422 0.057617 0.980469
0 0.640625 0.250000 0.642578 0.251953 0.649414 0.251953 0.653320 0.248047 0.646484 0.246094
0 0.247070 0.618164 0.250000 0.622070 0.258789 0.619141 0.251953 0.616211
0 0.185547 0.693359 0.186523 0.696289 0.196289 0.694336 0.195312 0.691406
0 0.687500 0.644531 0.694336 0.645508 0.699219 0.641602 0.690430 0.640625
0 0.007812 0.220703 0.006836 0.225586 0.009766 0.231445 0.012695 0.226562 0.010742 0.221680
0 0.451172 0.727539 0.451172 0.734375 0.455078 0.738281 0.455078 0.728516
0 0.799805 0.786133 0.800781 0.792969 0.808594 0.795898 0.808594 0.791016
0 0.353516 0.696289 0.347656 0.700195 0.347656 0.704102 0.352539 0.702148
0 0.794922 0.451172 0.795898 0.457031 0.800781 0.459961 0.800781 0.454102
0 0.426758 0.166016 0.416992 0.166016 0.414062 0.170898 0.422852 0.170898
0 0.758789 0.538086 0.766602 0.538086 0.768555 0.534180 0.760742 0.534180
0 0.759766 0.467773 0.756836 0.467773 0.753906 0.472656 0.754883 0.480469 0.760742 0.474609
0 0.583008 0.879883 0.582031 0.886719 0.584961 0.887695 0.585938 0.882812
0 0.033203 0.796875 0.029297 0.796875 0.024414 0.800781 0.029297 0.801758 0.033203 0.799805
0 0.032227 0.230469 0.032227 0.237305 0.037109 0.240234 0.036133 0.232422
0 0.577148 0.829102 0.582031 0.830078 0.588867 0.827148 0.588867 0.825195 0.581055 0.824219 0.577148 0.826172
0 0.704102 0.740234 0.704102 0.747070 0.706055 0.750000 0.708984 0.750000 0.709961 0.746094
0 0.283203 0.302734 0.278320 0.304688 0.278320 0.314453 0.284180 0.309570 0.285156 0.305664
0 0.940430 0.349609 0.947266 0.349609 0.949219 0.344727 0.943359 0.344727
0 0.757812 0.910156 0.762695 0.916992 0.767578 0.917969 0.767578 0.914062 0.764648 0.911133
0 0.722656 0.126953 0.725586 0.130859 0.732422 0.130859 0.736328 0.127930 0.731445 0.125000 0.724609 0.125000
0 0.665039 0.886719 0.666016 0.893555 0.671875 0.896484 0.671875 0.891602
0 0.491211 0.704102 0.490234 0.714844 0.493164 0.717773 0.496094 0.709961 0.494141 0.705078
0 0.019531 0.257812 0.019531 0.265625 0.024414 0.269531 0.026367 0.268555 0.025391 0.261719
0 0.280273 0.720703 0.280273 0.729492 0.285156 0.733398 0.285156 0.724609
0 0.981445 0.925781 0.986328 0.931641 0.990234 0.931641 0.989258 0.927734
0 0.299805 0.950195 0.294922 0.954102 0.295898 0.960938 0.299805 0.958984
0 0.041992 0.624023 0.049805 0.625000 0.052734 0.621094 0.046875 0.620117
0 0.353516 0.638672 0.350586 0.641602 0.352539 0.651367 0.354492 0.651367 0.356445 0.646484 0.355469 0.639648
0 0.022461 0.101562 0.025391 0.108398 0.031250 0.108398 0.027344 0.102539
0 0.194336 0.234375 0.188477 0.239258 0.189453 0.243164 0.192383 0.243164 0.194336 0.240234
0 0.479492 0.387695 0.471680 0.389648 0.467773 0.395508 0.477539 0.393555
0 0.342773 0.644531 0.337891 0.646484 0.336914 0.656250 0.340820 0.654297