0 0.385742 0.348633 0.381836 0.348633 0.375977 0.353516 0.384766 0.352539
0 0.309570 0.182617 0.312500 0.189453 0.318359 0.191406 0.317383 0.186523
0 0.704102 0.909180 0.711914 0.909180 0.714844 0.907227 0.714844 0.904297 0.708008 0.904297
0 0.794922 0.941406 0.794922 0.947266 0.796875 0.950195 0.799805 0.950195 0.797852 0.941406
0 0.388672 0.550781 0.383789 0.548828 0.378906 0.549805 0.377930 0.552734 0.386719 0.554688
0 0.199219 0.731445 0.202148 0.738281 0.208008 0.741211 0.209961 0.739258 0.206055 0.733398
0 0.908203 0.197266 0.906250 0.204102 0.911133 0.208008 0.911133 0.200195
0 0.541992 0.540039 0.537109 0.539062 0.532227 0.543945 0.540039 0.542969
0 0.166992 0.629883 0.168945 0.637695 0.175781 0.642578 0.175781 0.634766 0.171875 0.630859
0 0.534180 0.392578 0.531250 0.391602 0.528320 0.394531 0.528320 0.401367 0.533203 0.397461
0 0.313477 0.572266 0.314453 0.575195 0.321289 0.576172 0.320312 0.573242
0 0.505859 0.613281 0.511719 0.619141 0.518555 0.619141 0.518555 0.615234 0.515625 0.613281
0 0.399414 0.230469 0.395508 0.230469 0.392578 0.233398 0.391602 0.240234 0.398438 0.236328
0 0.872070 0.898438 0.864258 0.900391 0.862305 0.904297 0.868164 0.905273
0 0.881836 0.633789 0.883789 0.638672 0.892578 0.638672 0.892578 0.635742 0.888672 0.633789
0 0.792969 0.964844 0.788086 0.961914 0.783203 0.963867 0.782227 0.966797
0 0.904297 0.838867 0.899414 0.840820 0.898438 0.848633 0.903320 0.845703
0 0.816406 0.052734 0.821289 0.053711 0.826172 0.050781 0.818359 0.049805
0 0.013672 0.152344 0.016602 0.156250 0.023438 0.156250 0.023438 0.153320 0.019531 0.151367
0 0.346680 0.076172 0.342773 0.080078 0.342773 0.086914 0.347656 0.083984
0 0.347656 0.268555 0.353516 0.270508 0.360352 0.265625 0.352539 0.263672
0 0.077148 0.637695 0.080078 0.640625 0.086914 0.639648 0.083008 0.636719
0 0.933594 0.712891 0.935547 0.716797 0.942383 0.717773 0.940430 0.713867
0 0.339844 0.966797 0.337891 0.974609 0.339844 0.978516 0.342773 0.978516 0.343750 0.969727
0 0.101562 0.691406 0.106445 0.696289 0.109375 0.696289 0.107422 0.691406
0 0.141602 0.052734 0.137695 0.055664 0.138672 0.062500 0.142578 0.058594
0 0.189453 0.173828 0.194336 0.174805 0.199219 0.171875 0.191406 0.170898
0 0.908203 0.299805 0.899414 0.299805 0.896484 0.303711 0.904297 0.304688
0 0.103516 0.486328 0.094727 0.486328 0.090820 0.490234 0.100586 0.491211 0.103516 0.489258
0 0.430664 0.286133 0.427734 0.286133 0.425781 0.290039 0.426758 0.295898 0.430664 0.291992
0 0.750977 0.008789 0.750977 0.010742 0.755859 0.012695 0.760742 0.010742 0.758789 0.006836
0 0.813477 0.824219 0.806641 0.823242 0.801758 0.827148 0.801758 0.830078 0.809570 0.829102
0 0.947266 0.346680 0.941406 0.351562 0.941406 0.359375 0.947266 0.356445
0 0.880859 0.063477 0.881836 0.068359 0.889648 0.072266 0.888672 0.066406
0 0.558594 0.921875 0.561523 0.925781 0.568359 0.923828 0.564453 0.920898
0 0.543945 0.663086 0.546875 0.669922 0.553711 0.670898 0.549805 0.664062
0 0.031250 0.371094 0.032227 0.376953 0.040039 0.382812 0.041992 0.380859 0.039062 0.375000
0 0.337891 0.183594 0.333008 0.183594 0.328125 0.191406 0.333984 0.190430
0 0.658203 0.516602 0.655273 0.519531 0.657227 0.528320 0.660156 0.524414
0 0.407227 0.316406 0.402344 0.322266 0.404297 0.330078 0.408203 0.325195
0 0.732422 0.198242 0.733398 0.203125 0.739258 0.206055 0.739258 0.201172
0 0.906250 0.617188 0.911133 0.625977 0.918945 0.626953 0.915039 0.620117
0 0.846680 0.675781 0.846680 0.678711 0.849609 0.680664 0.856445 0.679688 0.855469 0.676758
0 0.519531 0.931641 0.522461 0.938477 0.529297 0.939453 0.526367 0.933594
0 0.095703 0.850586 0.091797 0.855469 0.091797 0.862305 0.093750 0.864258 0.097656 0.859375
0 0.368164 0.190430 0.363281 0.191406 0.361328 0.197266 0.366211 0.196289
0 0.543945 0.942383 0.538086 0.949219 0.539062 0.955078 0.541992 0.955078 0.544922 0.950195
0 0.617188 0.511719 0.613281 0.513672 0.612305 0.521484 0.616211 0.520508
0 0.219727 0.157227 0.220703 0.163086 0.225586 0.165039 0.225586 0.160156
0 0.509766 0.302734 0.501953 0.304688 0.500000 0.310547 0.505859 0.309570
0 0.922852 0.669922 0.924805 0.672852 0.932617 0.671875 0.931641 0.667969
0 0.204102 0.551758 0.198242 0.555664 0.197266 0.561523 0.203125 0.559570
0 0.207031 0.077148 0.208008 0.083008 0.215820 0.086914 0.213867 0.080078
0 0.494141 0.219727 0.486328 0.221680 0.483398 0.225586 0.492188 0.225586