0 0.211914 0.182617 0.207031 0.183594 0.204102 0.190430 0.208008 0.190430
0 0.440430 0.317383 0.434570 0.319336 0.432617 0.326172 0.440430 0.323242
0 0.293945 0.796875 0.288086 0.800781 0.288086 0.804688 0.292969 0.802734
0 0.652344 0.337891 0.645508 0.341797 0.645508 0.346680 0.650391 0.345703
0 0.734375 0.773438 0.731445 0.776367 0.730469 0.785156 0.733398 0.785156 0.736328 0.781250 0.736328 0.774414
0 0.985352 0.708008 0.982422 0.708984 0.982422 0.716797 0.985352 0.714844
0 0.154297 0.376953 0.153320 0.380859 0.155273 0.383789 0.162109 0.386719 0.160156 0.378906
0 0.946289 0.301758 0.948242 0.306641 0.957031 0.309570 0.955078 0.303711
0 0.045898 0.536133 0.047852 0.540039 0.054688 0.539062 0.053711 0.536133
0 0.124023 0.409180 0.119141 0.407227 0.114258 0.410156 0.120117 0.412109
0 0.830078 0.310547 0.820312 0.311523 0.819336 0.316406 0.828125 0.314453
0 0.226562 0.041016 0.232422 0.042969 0.238281 0.037109 0.229492 0.037109
0 0.279297 0.664062 0.273438 0.665039 0.270508 0.669922 0.276367 0.669922
0 0.589844 0.885742 0.582031 0.887695 0.580078 0.893555 0.585938 0.892578
0 0.769531 0.083008 0.770508 0.086914 0.778320 0.088867 0.778320 0.085938
0 0.635742 0.640625 0.643555 0.640625 0.646484 0.638672 0.646484 0.635742 0.639648 0.635742
0 0.630859 0.183594 0.633789 0.186523 0.640625 0.185547 0.640625 0.182617 0.636719 0.181641
0 0.707031 0.183594 0.705078 0.189453 0.708984 0.194336 0.709961 0.186523
0 0.597656 0.710938 0.600586 0.714844 0.607422 0.714844 0.605469 0.710938
0 0.158203 0.145508 0.152344 0.149414 0.152344 0.153320 0.156250 0.152344
0 0.489258 0.266602 0.491211 0.270508 0.500977 0.269531 0.497070 0.265625
0 0.411133 0.444336 0.410156 0.452148 0.414062 0.456055 0.416016 0.446289
0 0.110352 0.337891 0.111328 0.344727 0.117188 0.346680 0.115234 0.339844
0 0.936523 0.721680 0.933594 0.721680 0.930664 0.725586 0.930664 0.732422 0.934570 0.731445
0 0.211914 0.270508 0.211914 0.278320 0.218750 0.282227 0.217773 0.273438
0 0.700195 0.044922 0.696289 0.048828 0.696289 0.055664 0.702148 0.048828
0 0.666016 0.596680 0.668945 0.600586 0.675781 0.600586 0.671875 0.595703
0 0.586914 0.282227 0.583984 0.279297 0.576172 0.281250 0.577148 0.284180 0.584961 0.284180
0 0.625000 0.472656 0.631836 0.478516 0.636719 0.477539 0.633789 0.472656
0 0.899414 0.191406 0.898438 0.196289 0.902344 0.204102 0.904297 0.202148 0.904297 0.195312
0 0.175781 0.321289 0.168945 0.326172 0.168945 0.332031 0.174805 0.329102
0 0.415039 0.024414 0.409180 0.025391 0.407227 0.030273 0.413086 0.029297
0 0.421875 0.585938 0.421875 0.591797 0.426758 0.596680 0.427734 0.590820
0 0.153320 0.663086 0.152344 0.670898 0.155273 0.674805 0.157227 0.664062
0 0.699219 0.453125 0.695312 0.455078 0.695312 0.461914 0.700195 0.458008
0 0.416992 0.597656 0.412109 0.597656 0.407227 0.602539 0.413086 0.602539
0 0.414062 0.235352 0.412109 0.233398 0.405273 0.234375 0.401367 0.237305 0.401367 0.240234 0.410156 0.240234
0 0.375977 0.890625 0.371094 0.892578 0.368164 0.900391 0.375000 0.898438
0 0.540039 0.713867 0.538086 0.714844 0.540039 0.722656 0.541992 0.718750
0 0.123047 0.019531 0.122070 0.027344 0.125977 0.032227 0.126953 0.021484
0 0.165039 0.907227 0.165039 0.910156 0.169922 0.911133 0.178711 0.909180 0.175781 0.905273
0 0.612305 0.926758 0.605469 0.928711 0.604492 0.932617 0.609375 0.932617
0 0.860352 0.845703 0.856445 0.848633 0.856445 0.857422 0.861328 0.853516
0 0.106445 0.215820 0.100586 0.215820 0.097656 0.220703 0.104492 0.219727
0 0.418945 0.423828 0.418945 0.431641 0.422852 0.433594 0.422852 0.426758
0 0.809570 0.915039 0.803711 0.921875 0.804688 0.926758 0.810547 0.921875
0 0.457031 0.300781 0.453125 0.303711 0.453125 0.309570 0.457031 0.307617
0 0.478516 0.414062 0.479492 0.419922 0.485352 0.422852 0.484375 0.416992
0 0.743164 0.923828 0.735352 0.923828 0.732422 0.927734 0.740234 0.928711 0.743164 0.926758
0 0.478516 0.674805 0.479492 0.680664 0.487305 0.683594 0.484375 0.676758
0 0.797852 0.290039 0.799805 0.293945 0.808594 0.292969 0.807617 0.290039
0 0.587891 0.631836 0.587891 0.638672 0.593750 0.643555 0.592773 0.635742
0 0.781250 0.657227 0.773438 0.658203 0.769531 0.665039 0.778320 0.664062 0.781250 0.661133
0 0.485352 0.503906 0.486328 0.510742 0.493164 0.512695 0.491211 0.505859
0 0.511719 0.645508 0.507812 0.647461 0.507812 0.656250 0.510742 0.656250 0.512695 0.652344
0 0.010742 0.397461 0.010742 0.404297 0.012695 0.408203 0.015625 0.408203 0.015625 0.399414