0 0.322266 0.533203 0.322266 0.538086 0.327148 0.542969 0.330078 0.542969 0.328125 0.536133
0 0.333008 0.209961 0.332031 0.213867 0.340820 0.218750 0.339844 0.212891
0 0.626953 0.473633 0.627930 0.477539 0.631836 0.479492 0.632812 0.475586
0 0.447266 0.697266 0.447266 0.706055 0.451172 0.708008 0.452148 0.701172
0 0.345703 0.408203 0.345703 0.415039 0.351562 0.418945 0.350586 0.411133
0 0.242188 0.476562 0.242188 0.484375 0.246094 0.487305 0.246094 0.477539
0 0.622070 0.803711 0.630859 0.803711 0.632812 0.799805 0.625977 0.798828
0 0.859375 0.856445 0.849609 0.857422 0.848633 0.862305 0.857422 0.860352
0 0.467773 0.011719 0.464844 0.013672 0.466797 0.023438 0.468750 0.018555
0 0.629883 0.231445 0.630859 0.238281 0.635742 0.241211 0.634766 0.233398
0 0.135742 0.630859 0.138672 0.635742 0.147461 0.637695 0.142578 0.630859
0 0.194336 0.091797 0.194336 0.099609 0.197266 0.099609 0.197266 0.092773
0 0.985352 0.192383 0.978516 0.193359 0.974609 0.201172 0.983398 0.198242
0 0.819336 0.158203 0.821289 0.161133 0.829102 0.161133 0.828125 0.157227
0 0.142578 0.354492 0.151367 0.356445 0.154297 0.353516 0.145508 0.351562
0 0.478516 0.133789 0.474609 0.135742 0.474609 0.145508 0.476562 0.145508 0.479492 0.138672
0 0.216797 0.508789 0.217773 0.513672 0.226562 0.516602 0.222656 0.509766
0 0.313477 0.882812 0.314453 0.891602 0.321289 0.895508 0.320312 0.887695
0 0.096680 0.686523 0.091797 0.686523 0.087891 0.694336 0.094727 0.692383
0 0.677734 0.363281 0.678711 0.373047 0.684570 0.375977 0.682617 0.366211
0 0.943359 0.382812 0.944336 0.385742 0.949219 0.387695 0.956055 0.386719 0.954102 0.381836
0 0.348633 0.472656 0.342773 0.472656 0.339844 0.479492 0.344727 0.478516
0 0.928711 0.752930 0.930664 0.759766 0.933594 0.760742 0.932617 0.753906
0 0.448242 0.926758 0.443359 0.930664 0.444336 0.937500 0.449219 0.933594
0 0.246094 0.370117 0.247070 0.377930 0.252930 0.380859 0.253906 0.375977 0.250000 0.371094
0 0.262695 0.383789 0.257812 0.387695 0.258789 0.394531 0.263672 0.388672
0 0.113281 0.660156 0.113281 0.666992 0.117188 0.669922 0.117188 0.662109
0 0.706055 0.470703 0.712891 0.476562 0.718750 0.475586 0.714844 0.470703
0 0.146484 0.578125 0.143555 0.578125 0.141602 0.582031 0.141602 0.588867 0.145508 0.587891
0 0.172852 0.083984 0.175781 0.089844 0.184570 0.092773 0.184570 0.088867 0.180664 0.084961
0 0.270508 0.324219 0.267578 0.324219 0.265625 0.327148 0.266602 0.334961 0.269531 0.333984
0 0.825195 0.246094 0.825195 0.252930 0.829102 0.256836 0.831055 0.253906 0.830078 0.249023
0 0.910156 0.852539 0.906250 0.857422 0.907227 0.864258 0.912109 0.857422
0 0.642578 0.201172 0.636719 0.204102 0.635742 0.208984 0.641602 0.206055
0 0.610352 0.752930 0.607422 0.752930 0.605469 0.755859 0.605469 0.763672 0.610352 0.759766
0 0.514648 0.851562 0.516602 0.857422 0.524414 0.859375 0.520508 0.852539
0 0.670898 0.394531 0.674805 0.398438 0.681641 0.398438 0.681641 0.395508 0.678711 0.393555
0 0.428711 0.980469 0.429688 0.985352 0.437500 0.988281 0.441406 0.987305 0.441406 0.984375 0.437500 0.981445
0 0.941406 0.521484 0.946289 0.527344 0.953125 0.527344 0.951172 0.522461