0 0.116211 0.963867 0.119141 0.968750 0.129883 0.968750 0.124023 0.962891
0 0.438477 0.245117 0.438477 0.248047 0.443359 0.250977 0.451172 0.250000 0.445312 0.245117
0 0.949219 0.053711 0.945312 0.053711 0.942383 0.056641 0.941406 0.065430 0.947266 0.062500
0 0.766602 0.476562 0.758789 0.476562 0.755859 0.481445 0.764648 0.480469
0 0.738281 0.789062 0.748047 0.790039 0.750977 0.788086 0.750977 0.785156 0.744141 0.784180
0 0.215820 0.092773 0.209961 0.093750 0.205078 0.099609 0.212891 0.099609 0.215820 0.096680
0 0.219727 0.084961 0.222656 0.090820 0.229492 0.091797 0.226562 0.085938
0 0.290039 0.647461 0.284180 0.647461 0.280273 0.654297 0.288086 0.652344
0 0.120117 0.626953 0.117188 0.632812 0.119141 0.639648 0.122070 0.640625 0.123047 0.628906
0 0.267578 0.601562 0.261719 0.602539 0.258789 0.608398 0.264648 0.607422
0 0.965820 0.055664 0.956055 0.058594 0.957031 0.060547 0.961914 0.060547
0 0.888672 0.422852 0.891602 0.426758 0.901367 0.424805 0.901367 0.422852 0.896484 0.420898
0 0.198242 0.353516 0.197266 0.362305 0.201172 0.364258 0.202148 0.357422
0 0.695312 0.323242 0.703125 0.323242 0.705078 0.320312 0.696289 0.319336
0 0.567383 0.837891 0.571289 0.843750 0.577148 0.844727 0.575195 0.838867 0.572266 0.836914
0 0.076172 0.901367 0.071289 0.901367 0.067383 0.908203 0.074219 0.905273
0 0.658203 0.791016 0.656250 0.792969 0.658203 0.797852 0.666016 0.800781 0.664062 0.793945
0 0.831055 0.346680 0.831055 0.348633 0.840820 0.347656 0.839844 0.344727
0 0.559570 0.641602 0.555664 0.643555 0.553711 0.652344 0.559570 0.648438
0 0.095703 0.628906 0.093750 0.633789 0.094727 0.638672 0.097656 0.640625 0.099609 0.632812
0 0.140625 0.325195 0.140625 0.331055 0.145508 0.335938 0.145508 0.328125
0 0.135742 0.678711 0.130859 0.677734 0.125977 0.681641 0.132812 0.682617
0 0.869141 0.068359 0.870117 0.074219 0.873047 0.076172 0.873047 0.069336
0 0.455078 0.142578 0.450195 0.143555 0.446289 0.150391 0.451172 0.150391
0 0.378906 0.969727 0.378906 0.974609 0.384766 0.978516 0.383789 0.972656
0 0.420898 0.371094 0.422852 0.374023 0.431641 0.372070 0.429688 0.369141
0 0.635742 0.787109 0.634766 0.791992 0.637695 0.796875 0.639648 0.791016
0 0.598633 0.674805 0.595703 0.675781 0.593750 0.680664 0.595703 0.685547 0.599609 0.678711
0 0.025391 0.160156 0.032227 0.165039 0.041016 0.162109 0.036133 0.159180
0 0.197266 0.132812 0.194336 0.133789 0.192383 0.142578 0.197266 0.139648
0 0.807617 0.551758 0.806641 0.559570 0.810547 0.562500 0.810547 0.553711
0 0.780273 0.066406 0.774414 0.072266 0.775391 0.078125 0.780273 0.075195
0 0.607422 0.044922 0.613281 0.046875 0.618164 0.042969 0.610352 0.041992
0 0.582031 0.682617 0.581055 0.687500 0.585938 0.694336 0.585938 0.684570
0 0.371094 0.183594 0.367188 0.183594 0.363281 0.187500 0.363281 0.193359 0.369141 0.190430
0 0.832031 0.464844 0.826172 0.466797 0.824219 0.477539 0.831055 0.473633
0 0.265625 0.442383 0.264648 0.445312 0.271484 0.449219 0.271484 0.445312
0 0.007812 0.635742 0.007812 0.639648 0.013672 0.643555 0.012695 0.637695
0 0.437500 0.810547 0.435547 0.816406 0.439453 0.820312 0.441406 0.813477
0 0.807617 0.963867 0.810547 0.971680 0.815430 0.973633 0.814453 0.967773
0 0.656250 0.199219 0.649414 0.200195 0.644531 0.207031 0.652344 0.206055
0 0.749023 0.395508 0.738281 0.396484 0.738281 0.399414 0.747070 0.399414
0 0.885742 0.532227 0.888672 0.536133 0.894531 0.536133 0.892578 0.532227
0 0.672852 0.398438 0.675781 0.409180 0.678711 0.409180 0.677734 0.400391
0 0.783203 0.107422 0.784180 0.115234 0.789062 0.118164 0.789062 0.111328
0 0.982422 0.454102 0.976562 0.456055 0.974609 0.460938 0.978516 0.460938
0 0.136719 0.589844 0.138672 0.593750 0.148438 0.591797 0.147461 0.589844
0 0.892578 0.205078 0.884766 0.206055 0.880859 0.211914 0.889648 0.210938
0 0.604492 0.641602 0.603516 0.649414 0.606445 0.650391 0.607422 0.642578
0 0.465820 0.756836 0.467773 0.760742 0.477539 0.760742 0.474609 0.756836
0 0.396484 0.927734 0.396484 0.930664 0.399414 0.932617 0.406250 0.931641 0.403320 0.927734
0 0.900391 0.899414 0.898438 0.901367 0.898438 0.911133 0.902344 0.909180 0.902344 0.901367
0 0.409180 0.208008 0.404297 0.208984 0.402344 0.214844 0.407227 0.213867