0 0.091797 0.106445 0.091797 0.109375 0.094727 0.111328 0.104492 0.108398 0.098633 0.105469
0 0.415039 0.472656 0.411133 0.474609 0.410156 0.482422 0.415039 0.479492
0 0.715820 0.042969 0.715820 0.046875 0.719727 0.048828 0.728516 0.047852 0.724609 0.043945
0 0.419922 0.929688 0.415039 0.931641 0.414062 0.940430 0.418945 0.936523
0 0.513672 0.590820 0.512695 0.598633 0.514648 0.601562 0.517578 0.601562 0.516602 0.592773
0 0.084961 0.454102 0.080078 0.452148 0.074219 0.454102 0.074219 0.456055 0.080078 0.458008 0.084961 0.456055
0 0.889648 0.887695 0.885742 0.889648 0.883789 0.898438 0.887695 0.897461
0 0.856445 0.607422 0.851562 0.607422 0.847656 0.615234 0.854492 0.613281
0 0.845703 0.250977 0.847656 0.257812 0.853516 0.259766 0.853516 0.255859
0 0.400391 0.459961 0.405273 0.463867 0.410156 0.463867 0.410156 0.460938 0.407227 0.458984
0 0.090820 0.891602 0.093750 0.898438 0.099609 0.899414 0.097656 0.893555
0 0.093750 0.375977 0.089844 0.376953 0.090820 0.385742 0.093750 0.382812
0 0.440430 0.587891 0.442383 0.594727 0.447266 0.595703 0.446289 0.590820
0 0.113281 0.437500 0.112305 0.443359 0.114258 0.448242 0.117188 0.449219 0.118164 0.441406 0.116211 0.437500
0 0.272461 0.497070 0.270508 0.499023 0.270508 0.507812 0.274414 0.511719 0.276367 0.500977
0 0.462891 0.102539 0.458984 0.106445 0.458984 0.112305 0.463867 0.107422
0 0.728516 0.276367 0.729492 0.286133 0.732422 0.289062 0.736328 0.289062 0.735352 0.281250
0 0.883789 0.910156 0.876953 0.913086 0.875000 0.919922 0.879883 0.918945 0.883789 0.915039
0 0.473633 0.487305 0.468750 0.489258 0.466797 0.497070 0.470703 0.496094 0.473633 0.492188
0 0.538086 0.569336 0.532227 0.571289 0.531250 0.577148 0.538086 0.572266
0 0.020508 0.591797 0.021484 0.599609 0.027344 0.602539 0.025391 0.593750
0 0.863281 0.804688 0.860352 0.804688 0.858398 0.807617 0.859375 0.814453 0.862305 0.811523
0 0.058594 0.022461 0.054688 0.026367 0.055664 0.033203 0.059570 0.029297
0 0.656250 0.125000 0.653320 0.125000 0.648438 0.129883 0.647461 0.133789 0.649414 0.135742 0.656250 0.130859
0 0.432617 0.243164 0.425781 0.247070 0.425781 0.253906 0.431641 0.250000
0 0.339844 0.590820 0.333984 0.593750 0.333008 0.598633 0.338867 0.596680
0 0.514648 0.468750 0.515625 0.479492 0.519531 0.481445 0.519531 0.471680
0 0.128906 0.773438 0.133789 0.775391 0.138672 0.773438 0.138672 0.771484 0.131836 0.770508
0 0.520508 0.740234 0.525391 0.746094 0.532227 0.744141 0.529297 0.740234
0 0.423828 0.119141 0.416016 0.122070 0.414062 0.129883 0.422852 0.125000
0 0.047852 0.733398 0.048828 0.735352 0.057617 0.734375 0.057617 0.731445 0.051758 0.730469
0 0.451172 0.506836 0.451172 0.511719 0.458984 0.515625 0.457031 0.507812
0 0.970703 0.071289 0.974609 0.074219 0.982422 0.073242 0.980469 0.069336
0 0.797852 0.597656 0.804688 0.597656 0.808594 0.593750 0.798828 0.593750
0 0.111328 0.136719 0.110352 0.145508 0.113281 0.145508 0.115234 0.138672
0 0.718750 0.022461 0.714844 0.025391 0.716797 0.034180 0.719727 0.030273
0 0.114258 0.819336 0.113281 0.826172 0.117188 0.828125 0.118164 0.823242
0 0.307617 0.336914 0.307617 0.342773 0.311523 0.345703 0.312500 0.339844 0.310547 0.336914
0 0.714844 0.495117 0.710938 0.496094 0.710938 0.506836 0.714844 0.503906
0 0.744141 0.217773 0.737305 0.217773 0.734375 0.223633 0.741211 0.222656
0 0.352539 0.547852 0.352539 0.551758 0.362305 0.551758 0.360352 0.547852
0 0.413086 0.965820 0.414062 0.971680 0.418945 0.973633 0.417969 0.967773
0 0.892578 0.470703 0.892578 0.476562 0.897461 0.480469 0.897461 0.474609
0 0.282227 0.010742 0.278320 0.013672 0.278320 0.021484 0.280273 0.023438 0.284180 0.015625
0 0.221680 0.082031 0.215820 0.083984 0.214844 0.088867 0.218750 0.088867
0 0.850586 0.634766 0.856445 0.634766 0.859375 0.629883 0.853516 0.629883
0 0.366211 0.423828 0.359375 0.427734 0.358398 0.433594 0.366211 0.429688
0 0.954102 0.020508 0.947266 0.021484 0.945312 0.025391 0.952148 0.024414
0 0.305664 0.819336 0.310547 0.820312 0.315430 0.815430 0.307617 0.815430
0 0.961914 0.391602 0.961914 0.396484 0.969727 0.400391 0.967773 0.393555
0 0.443359 0.727539 0.446289 0.732422 0.451172 0.732422 0.450195 0.728516
0 0.605469 0.188477 0.602539 0.197266 0.606445 0.201172 0.608398 0.192383
0 0.710938 0.148438 0.710938 0.152344 0.718750 0.156250 0.716797 0.150391
0 0.588867 0.683594 0.586914 0.690430 0.591797 0.696289 0.592773 0.688477
0 0.585938 0.458984 0.580078 0.459961 0.575195 0.465820 0.583008 0.465820 0.586914 0.460938
0 0.291016 0.257812 0.288086 0.259766 0.289062 0.269531 0.292969 0.265625 0.292969 0.258789
0 0.503906 0.651367 0.507812 0.656250 0.511719 0.654297 0.509766 0.651367
0 0.043945 0.127930 0.038086 0.128906 0.036133 0.133789 0.041992 0.132812
0 0.144531 0.017578 0.138672 0.017578 0.134766 0.023438 0.142578 0.021484
0 0.711914 0.110352 0.706055 0.111328 0.703125 0.118164 0.708008 0.117188
0 0.245117 0.860352 0.246094 0.863281 0.251953 0.862305 0.250977 0.858398
0 0.596680 0.025391 0.591797 0.030273 0.592773 0.039062 0.595703 0.039062 0.598633 0.033203
0 0.588867 0.173828 0.589844 0.178711 0.597656 0.182617 0.596680 0.177734
0 0.333984 0.299805 0.328125 0.299805 0.322266 0.305664 0.332031 0.304688