0 0.504883 0.961914 0.507812 0.965820 0.515625 0.965820 0.519531 0.962891 0.515625 0.959961
0 0.903320 0.320312 0.906250 0.324219 0.911133 0.324219 0.909180 0.320312
0 0.338867 0.347656 0.333984 0.352539 0.334961 0.360352 0.336914 0.360352 0.339844 0.354492
0 0.596680 0.467773 0.598633 0.472656 0.607422 0.473633 0.605469 0.469727
0 0.968750 0.540039 0.973633 0.546875 0.979492 0.546875 0.976562 0.541016
0 0.563477 0.349609 0.559570 0.354492 0.559570 0.361328 0.561523 0.363281 0.565430 0.358398
0 0.043945 0.180664 0.049805 0.181641 0.052734 0.177734 0.046875 0.177734
0 0.893555 0.817383 0.902344 0.816406 0.904297 0.813477 0.896484 0.812500 0.893555 0.814453
0 0.692383 0.422852 0.688477 0.425781 0.688477 0.432617 0.692383 0.428711
0 0.202148 0.970703 0.197266 0.972656 0.195312 0.982422 0.200195 0.981445
0 0.983398 0.835938 0.976562 0.840820 0.976562 0.846680 0.982422 0.842773
0 0.696289 0.503906 0.692383 0.506836 0.693359 0.514648 0.696289 0.512695
0 0.113281 0.612305 0.117188 0.618164 0.122070 0.619141 0.121094 0.614258
0 0.109375 0.951172 0.106445 0.953125 0.106445 0.959961 0.110352 0.957031
0 0.811523 0.201172 0.806641 0.201172 0.802734 0.207031 0.809570 0.206055
0 0.561523 0.571289 0.569336 0.572266 0.574219 0.568359 0.564453 0.567383
0 0.222656 0.926758 0.218750 0.925781 0.213867 0.933594 0.220703 0.930664
0 0.884766 0.802734 0.886719 0.806641 0.894531 0.805664 0.894531 0.803711 0.889648 0.801758
0 0.972656 0.645508 0.980469 0.644531 0.983398 0.640625 0.976562 0.639648 0.972656 0.642578
0 0.433594 0.043945 0.429688 0.045898 0.427734 0.053711 0.433594 0.050781
0 0.707031 0.938477 0.702148 0.938477 0.697266 0.942383 0.704102 0.943359
0 0.946289 0.438477 0.947266 0.441406 0.955078 0.440430 0.955078 0.436523
0 0.483398 0.626953 0.485352 0.629883 0.494141 0.627930 0.491211 0.625000
0 0.426758 0.416992 0.428711 0.420898 0.436523 0.421875 0.432617 0.416992
0 0.083008 0.596680 0.086914 0.600586 0.095703 0.599609 0.090820 0.594727
0 0.362305 0.547852 0.362305 0.553711 0.368164 0.557617 0.366211 0.549805
0 0.574219 0.442383 0.569336 0.443359 0.565430 0.450195 0.570312 0.450195
0 0.183594 0.267578 0.179688 0.268555 0.178711 0.276367 0.184570 0.272461
0 0.081055 0.468750 0.076172 0.466797 0.069336 0.470703 0.078125 0.472656
0 0.624023 0.288086 0.620117 0.290039 0.618164 0.298828 0.624023 0.295898
0 0.503906 0.324219 0.502930 0.332031 0.505859 0.333008 0.506836 0.326172
0 0.426758 0.622070 0.430664 0.625977 0.437500 0.624023 0.434570 0.621094
0 0.576172 0.053711 0.578125 0.055664 0.585938 0.052734 0.585938 0.049805 0.580078 0.049805