0 0.806641 0.308594 0.806641 0.311523 0.809570 0.313477 0.816406 0.313477 0.814453 0.309570
0 0.950195 0.208984 0.948242 0.218750 0.952148 0.220703 0.954102 0.214844
0 0.325195 0.765625 0.318359 0.771484 0.319336 0.780273 0.324219 0.776367
0 0.667969 0.333984 0.672852 0.337891 0.679688 0.336914 0.679688 0.334961 0.672852 0.332031
0 0.953125 0.125000 0.947266 0.129883 0.949219 0.136719 0.953125 0.131836
0 0.626953 0.157227 0.628906 0.161133 0.635742 0.161133 0.632812 0.157227
0 0.920898 0.319336 0.920898 0.325195 0.925781 0.329102 0.926758 0.325195
0 0.704102 0.085938 0.699219 0.083984 0.693359 0.085938 0.692383 0.088867 0.702148 0.089844
0 0.538086 0.419922 0.532227 0.422852 0.530273 0.429688 0.537109 0.426758
0 0.884766 0.407227 0.883789 0.413086 0.885742 0.417969 0.888672 0.418945 0.889648 0.411133 0.887695 0.407227
0 0.606445 0.355469 0.610352 0.362305 0.616211 0.364258 0.614258 0.357422
0 0.887695 0.474609 0.886719 0.477539 0.893555 0.481445 0.893555 0.477539
0 0.184570 0.085938 0.185547 0.091797 0.190430 0.094727 0.189453 0.087891
0 0.218750 0.929688 0.222656 0.936523 0.226562 0.937500 0.229492 0.935547 0.227539 0.930664
0 0.808594 0.428711 0.802734 0.428711 0.798828 0.433594 0.803711 0.434570
0 0.127930 0.958008 0.131836 0.964844 0.135742 0.963867 0.133789 0.958984
0 0.536133 0.519531 0.529297 0.520508 0.525391 0.526367 0.528320 0.527344 0.535156 0.524414
0 0.977539 0.469727 0.978516 0.472656 0.987305 0.472656 0.986328 0.468750
0 0.881836 0.378906 0.888672 0.379883 0.893555 0.375000 0.884766 0.374023 0.881836 0.375977
0 0.606445 0.805664 0.601562 0.808594 0.601562 0.815430 0.607422 0.810547
0 0.603516 0.614258 0.608398 0.620117 0.615234 0.621094 0.611328 0.614258
0 0.511719 0.700195 0.510742 0.705078 0.514648 0.709961 0.515625 0.702148
0 0.061523 0.665039 0.054688 0.666016 0.051758 0.671875 0.059570 0.669922
0 0.930664 0.493164 0.928711 0.492188 0.924805 0.495117 0.923828 0.500977 0.929688 0.498047
0 0.156250 0.717773 0.155273 0.725586 0.159180 0.727539 0.159180 0.720703
0 0.647461 0.016602 0.649414 0.021484 0.655273 0.022461 0.654297 0.018555
0 0.896484 0.837891 0.896484 0.840820 0.903320 0.843750 0.906250 0.841797 0.901367 0.837891
0 0.645508 0.407227 0.639648 0.407227 0.636719 0.414062 0.643555 0.412109
0 0.672852 0.684570 0.676758 0.689453 0.681641 0.688477 0.679688 0.684570
0 0.344727 0.323242 0.347656 0.328125 0.354492 0.330078 0.349609 0.322266
0 0.605469 0.708984 0.599609 0.709961 0.596680 0.714844 0.603516 0.713867
0 0.893555 0.638672 0.897461 0.644531 0.903320 0.645508 0.901367 0.639648 0.898438 0.637695
0 0.906250 0.776367 0.898438 0.776367 0.895508 0.782227 0.903320 0.781250
0 0.045898 0.238281 0.042969 0.242188 0.043945 0.247070 0.047852 0.242188
0 0.888672 0.168945 0.889648 0.173828 0.897461 0.177734 0.896484 0.172852
0 0.581055 0.109375 0.580078 0.114258 0.586914 0.121094 0.585938 0.112305 0.583984 0.109375
0 0.188477 0.649414 0.187500 0.655273 0.190430 0.659180 0.192383 0.651367
0 0.160156 0.437500 0.163086 0.443359 0.171875 0.445312 0.170898 0.440430
0 0.796875 0.166992 0.801758 0.166992 0.804688 0.163086 0.798828 0.163086
0 0.878906 0.912109 0.881836 0.918945 0.889648 0.920898 0.886719 0.914062
0 0.646484 0.884766 0.641602 0.885742 0.639648 0.891602 0.644531 0.890625
0 0.096680 0.686523 0.097656 0.694336 0.104492 0.696289 0.102539 0.689453
0 0.792969 0.412109 0.792969 0.418945 0.798828 0.423828 0.798828 0.416016 0.795898 0.412109
0 0.778320 0.725586 0.770508 0.727539 0.769531 0.731445 0.775391 0.731445
0 0.412109 0.754883 0.407227 0.754883 0.402344 0.759766 0.408203 0.760742 0.412109 0.757812
0 0.130859 0.098633 0.130859 0.105469 0.134766 0.108398 0.134766 0.101562
0 0.298828 0.508789 0.300781 0.516602 0.308594 0.519531 0.306641 0.512695
0 0.750977 0.511719 0.750977 0.516602 0.759766 0.520508 0.757812 0.514648
0 0.089844 0.029297 0.093750 0.036133 0.099609 0.037109 0.097656 0.031250
0 0.198242 0.802734 0.194336 0.803711 0.193359 0.812500 0.197266 0.810547
0 0.280273 0.337891 0.280273 0.340820 0.285156 0.342773 0.291992 0.341797 0.288086 0.336914
0 0.828125 0.715820 0.832031 0.719727 0.840820 0.716797 0.837891 0.713867
0 0.003906 0.360352 0.010742 0.360352 0.012695 0.355469 0.006836 0.355469