0 0.043945 0.877930 0.050781 0.881836 0.055664 0.879883 0.055664 0.876953 0.052734 0.875000
0 0.129883 0.582031 0.122070 0.585938 0.122070 0.591797 0.127930 0.588867
0 0.946289 0.735352 0.948242 0.740234 0.956055 0.741211 0.953125 0.736328
0 0.527344 0.087891 0.526367 0.092773 0.529297 0.098633 0.531250 0.088867
0 0.271484 0.419922 0.275391 0.426758 0.281250 0.427734 0.278320 0.420898
0 0.533203 0.359375 0.532227 0.367188 0.536133 0.370117 0.537109 0.364258
0 0.774414 0.100586 0.768555 0.102539 0.766602 0.106445 0.773438 0.105469
0 0.933594 0.533203 0.925781 0.535156 0.923828 0.540039 0.929688 0.540039
0 0.543945 0.270508 0.541016 0.271484 0.542969 0.281250 0.545898 0.276367
0 0.475586 0.564453 0.479492 0.568359 0.488281 0.568359 0.492188 0.565430 0.488281 0.561523
0 0.437500 0.278320 0.432617 0.280273 0.432617 0.288086 0.434570 0.290039 0.437500 0.285156
0 0.014648 0.894531 0.011719 0.897461 0.010742 0.906250 0.016602 0.903320 0.016602 0.896484
0 0.677734 0.145508 0.673828 0.146484 0.671875 0.153320 0.676758 0.151367
0 0.094727 0.365234 0.086914 0.367188 0.084961 0.374023 0.091797 0.372070
0 0.959961 0.882812 0.954102 0.881836 0.948242 0.887695 0.957031 0.887695
0 0.958984 0.474609 0.959961 0.479492 0.966797 0.482422 0.966797 0.478516
0 0.282227 0.693359 0.281250 0.701172 0.284180 0.704102 0.286133 0.695312
0 0.308594 0.927734 0.307617 0.931641 0.313477 0.937500 0.312500 0.929688
0 0.708984 0.136719 0.710938 0.142578 0.714844 0.144531 0.719727 0.143555 0.714844 0.136719
0 0.684570 0.023438 0.679688 0.024414 0.676758 0.030273 0.682617 0.029297
0 0.236328 0.731445 0.238281 0.740234 0.243164 0.743164 0.244141 0.737305 0.240234 0.732422
0 0.880859 0.643555 0.878906 0.649414 0.880859 0.654297 0.882812 0.654297 0.883789 0.645508
0 0.971680 0.843750 0.976562 0.846680 0.980469 0.845703 0.978516 0.841797
0 0.158203 0.318359 0.150391 0.320312 0.149414 0.323242 0.157227 0.322266
0 0.767578 0.848633 0.776367 0.848633 0.779297 0.844727 0.770508 0.844727
0 0.553711 0.094727 0.552734 0.103516 0.554688 0.106445 0.557617 0.106445 0.558594 0.099609
0 0.475586 0.085938 0.481445 0.091797 0.487305 0.090820 0.485352 0.086914
0 0.601562 0.364258 0.600586 0.371094 0.604492 0.375000 0.605469 0.367188
0 0.795898 0.317383 0.791016 0.321289 0.791992 0.329102 0.795898 0.326172
0 0.131836 0.419922 0.130859 0.427734 0.135742 0.434570 0.137695 0.427734 0.134766 0.420898
0 0.811523 0.933594 0.811523 0.941406 0.814453 0.943359 0.815430 0.935547
0 0.505859 0.099609 0.499023 0.100586 0.496094 0.107422 0.503906 0.105469
0 0.750000 0.364258 0.744141 0.364258 0.740234 0.371094 0.748047 0.369141
0 0.704102 0.544922 0.698242 0.545898 0.695312 0.551758 0.703125 0.549805
0 0.104492 0.924805 0.103516 0.932617 0.108398 0.937500 0.109375 0.928711
0 0.793945 0.890625 0.788086 0.893555 0.787109 0.898438 0.793945 0.894531
0 0.900391 0.452148 0.900391 0.455078 0.903320 0.457031 0.912109 0.456055 0.907227 0.451172
0 0.421875 0.625000 0.420898 0.632812 0.421875 0.635742 0.424805 0.635742 0.425781 0.627930
0 0.043945 0.883789 0.040039 0.883789 0.037109 0.886719 0.036133 0.894531 0.041992 0.891602
0 0.838867 0.125000 0.838867 0.126953 0.844727 0.129883 0.849609 0.129883 0.849609 0.126953 0.846680 0.125000
0 0.348633 0.556641 0.351562 0.561523 0.360352 0.562500 0.359375 0.558594
0 0.830078 0.213867 0.831055 0.220703 0.837891 0.224609 0.836914 0.216797
0 0.809570 0.823242 0.808594 0.828125 0.811523 0.833008 0.813477 0.827148
0 0.921875 0.571289 0.922852 0.578125 0.929688 0.582031 0.928711 0.574219
0 0.333008 0.218750 0.328125 0.218750 0.325195 0.225586 0.329102 0.224609
0 0.507812 0.457031 0.507812 0.460938 0.510742 0.463867 0.518555 0.464844 0.520508 0.462891 0.514648 0.458008
0 0.812500 0.539062 0.814453 0.544922 0.820312 0.546875 0.819336 0.541992
0 0.686523 0.786133 0.688477 0.792969 0.693359 0.793945 0.693359 0.790039
0 0.162109 0.025391 0.164062 0.031250 0.174805 0.033203 0.170898 0.026367
0 0.739258 0.931641 0.732422 0.935547 0.731445 0.941406 0.738281 0.938477
0 0.076172 0.848633 0.079102 0.852539 0.086914 0.850586 0.084961 0.847656
0 0.096680 0.780273 0.099609 0.785156 0.106445 0.786133 0.104492 0.781250
0 0.589844 0.701172 0.590820 0.703125 0.596680 0.703125 0.599609 0.698242 0.593750 0.698242
0 0.204102 0.377930 0.206055 0.387695 0.210938 0.391602 0.214844 0.391602 0.211914 0.381836
0 0.298828 0.099609 0.298828 0.107422 0.300781 0.110352 0.303711 0.110352 0.303711 0.101562
0 0.026367 0.737305 0.027344 0.743164 0.032227 0.745117 0.030273 0.738281
0 0.169922 0.064453 0.164062 0.063477 0.160156 0.068359 0.166016 0.068359
0 0.027344 0.638672 0.030273 0.642578 0.038086 0.642578 0.037109 0.638672
0 0.343750 0.728516 0.342773 0.736328 0.348633 0.740234 0.348633 0.733398
0 0.773438 0.804688 0.768555 0.806641 0.766602 0.813477 0.772461 0.810547
0 0.875000 0.630859 0.875977 0.637695 0.879883 0.639648 0.878906 0.632812
0 0.905273 0.990234 0.915039 0.990234 0.915039 0.986328 0.907227 0.986328
0 0.629883 0.185547 0.623047 0.185547 0.620117 0.187500 0.620117 0.190430 0.625000 0.190430
0 0.134766 0.649414 0.127930 0.650391 0.125000 0.655273 0.132812 0.654297
0 0.843750 0.680664 0.838867 0.682617 0.836914 0.693359 0.843750 0.687500