0 0.386719 0.589844 0.384766 0.596680 0.388672 0.600586 0.389648 0.592773
0 0.549805 0.690430 0.551758 0.694336 0.559570 0.692383 0.554688 0.689453
0 0.770508 0.560547 0.775391 0.564453 0.781250 0.563477 0.777344 0.559570
0 0.015625 0.310547 0.017578 0.315430 0.024414 0.317383 0.021484 0.311523
0 0.449219 0.546875 0.445312 0.548828 0.447266 0.557617 0.450195 0.552734
0 0.275391 0.361328 0.275391 0.365234 0.280273 0.371094 0.279297 0.362305
0 0.129883 0.681641 0.128906 0.690430 0.131836 0.692383 0.133789 0.683594
0 0.532227 0.968750 0.532227 0.972656 0.537109 0.978516 0.543945 0.979492 0.540039 0.971680
0 0.180664 0.383789 0.175781 0.389648 0.176758 0.396484 0.179688 0.396484 0.182617 0.391602
0 0.816406 0.005859 0.819336 0.012695 0.824219 0.013672 0.823242 0.008789
0 0.361328 0.931641 0.363281 0.935547 0.368164 0.936523 0.367188 0.932617
0 0.181641 0.282227 0.180664 0.284180 0.184570 0.289062 0.193359 0.291016 0.193359 0.287109 0.190430 0.284180
0 0.682617 0.403320 0.686523 0.408203 0.693359 0.408203 0.690430 0.403320
0 0.277344 0.674805 0.278320 0.682617 0.283203 0.684570 0.281250 0.674805
0 0.608398 0.475586 0.608398 0.484375 0.611328 0.488281 0.614258 0.488281 0.614258 0.480469 0.611328 0.475586
0 0.307617 0.243164 0.308594 0.246094 0.318359 0.245117 0.317383 0.241211
0 0.333008 0.106445 0.328125 0.105469 0.322266 0.111328 0.328125 0.111328
0 0.976562 0.268555 0.979492 0.274414 0.986328 0.275391 0.983398 0.269531
0 0.810547 0.450195 0.809570 0.457031 0.813477 0.459961 0.814453 0.455078 0.812500 0.450195
0 0.354492 0.543945 0.353516 0.550781 0.357422 0.554688 0.357422 0.546875
0 0.231445 0.684570 0.228516 0.682617 0.223633 0.683594 0.220703 0.688477 0.227539 0.688477
0 0.330078 0.236328 0.321289 0.236328 0.319336 0.240234 0.327148 0.240234
0 0.976562 0.032227 0.975586 0.037109 0.979492 0.040039 0.979492 0.034180
0 0.154297 0.221680 0.154297 0.227539 0.160156 0.230469 0.159180 0.224609
0 0.454102 0.882812 0.458008 0.887695 0.464844 0.886719 0.462891 0.882812
0 0.193359 0.774414 0.194336 0.780273 0.200195 0.782227 0.199219 0.776367
0 0.711914 0.695312 0.719727 0.695312 0.722656 0.692383 0.714844 0.690430 0.711914 0.692383
0 0.365234 0.054688 0.365234 0.056641 0.371094 0.059570 0.376953 0.058594 0.374023 0.054688
0 0.468750 0.250000 0.465820 0.250000 0.462891 0.254883 0.462891 0.259766 0.464844 0.260742 0.468750 0.255859
0 0.956055 0.486328 0.958984 0.491211 0.965820 0.493164 0.963867 0.487305
0 0.409180 0.773438 0.413086 0.779297 0.419922 0.779297 0.416992 0.774414
0 0.169922 0.692383 0.173828 0.699219 0.179688 0.700195 0.175781 0.693359
0 0.234375 0.152344 0.224609 0.154297 0.222656 0.160156 0.230469 0.159180
0 0.033203 0.230469 0.035156 0.234375 0.041992 0.235352 0.039062 0.230469
0 0.683594 0.212891 0.675781 0.217773 0.675781 0.222656 0.681641 0.220703
0 0.545898 0.165039 0.545898 0.171875 0.548828 0.175781 0.550781 0.168945 0.548828 0.165039
0 0.892578 0.802734 0.889648 0.804688 0.890625 0.813477 0.894531 0.807617
0 0.662109 0.974609 0.665039 0.977539 0.671875 0.976562 0.671875 0.973633 0.667969 0.972656
0 0.334961 0.287109 0.328125 0.291016 0.327148 0.298828 0.329102 0.299805 0.333008 0.296875
0 0.816406 0.800781 0.814453 0.801758 0.814453 0.809570 0.818359 0.814453 0.820312 0.804688
0 0.199219 0.318359 0.198242 0.322266 0.206055 0.326172 0.206055 0.321289
0 0.598633 0.927734 0.594727 0.929688 0.594727 0.937500 0.598633 0.934570
0 0.969727 0.538086 0.968750 0.540039 0.971680 0.544922 0.976562 0.545898 0.976562 0.541992
0 0.320312 0.849609 0.319336 0.858398 0.321289 0.861328 0.324219 0.861328 0.325195 0.854492
0 0.180664 0.250977 0.183594 0.255859 0.191406 0.257812 0.191406 0.254883 0.185547 0.250000
0 0.441406 0.978516 0.438477 0.980469 0.439453 0.988281 0.442383 0.985352
0 0.259766 0.320312 0.262695 0.324219 0.271484 0.324219 0.269531 0.320312
0 0.402344 0.420898 0.407227 0.425781 0.416016 0.424805 0.411133 0.419922
0 0.405273 0.962891 0.406250 0.968750 0.412109 0.971680 0.411133 0.965820
0 0.241211 0.480469 0.237305 0.482422 0.237305 0.489258 0.241211 0.486328
0 0.547852 0.363281 0.549805 0.367188 0.559570 0.367188 0.556641 0.363281
0 0.097656 0.557617 0.101562 0.562500 0.108398 0.561523 0.104492 0.556641
0 0.150391 0.473633 0.144531 0.474609 0.141602 0.480469 0.147461 0.479492
0 0.260742 0.793945 0.254883 0.794922 0.252930 0.799805 0.258789 0.797852
0 0.192383 0.732422 0.192383 0.739258 0.196289 0.742188 0.197266 0.736328
0 0.947266 0.160156 0.949219 0.166016 0.955078 0.167969 0.954102 0.163086
0 0.808594 0.360352 0.805664 0.360352 0.803711 0.365234 0.805664 0.371094 0.808594 0.368164
0 0.881836 0.429688 0.882812 0.435547 0.890625 0.439453 0.888672 0.432617
0 0.444336 0.853516 0.445312 0.858398 0.454102 0.860352 0.451172 0.854492
0 0.280273 0.267578 0.279297 0.277344 0.282227 0.278320 0.284180 0.269531
0 0.755859 0.599609 0.754883 0.606445 0.757812 0.610352 0.760742 0.610352 0.759766 0.602539
0 0.094727 0.438477 0.102539 0.438477 0.104492 0.435547 0.095703 0.434570
0 0.081055 0.359375 0.083984 0.365234 0.090820 0.366211 0.087891 0.360352
0 0.054688 0.359375 0.048828 0.361328 0.046875 0.366211 0.052734 0.365234