0 0.281250 0.929688 0.281250 0.937500 0.284180 0.939453 0.286133 0.934570
0 0.302734 0.827148 0.303711 0.833984 0.308594 0.835938 0.307617 0.830078
0 0.603516 0.795898 0.598633 0.798828 0.597656 0.805664 0.602539 0.803711
0 0.060547 0.477539 0.063477 0.485352 0.067383 0.487305 0.067383 0.481445
0 0.936523 0.197266 0.931641 0.197266 0.928711 0.205078 0.934570 0.203125
0 0.255859 0.247070 0.259766 0.250000 0.267578 0.249023 0.265625 0.245117
0 0.108398 0.563477 0.107422 0.568359 0.111328 0.572266 0.112305 0.565430
0 0.011719 0.114258 0.010742 0.116211 0.014648 0.121094 0.022461 0.122070 0.021484 0.117188
0 0.316406 0.831055 0.317383 0.837891 0.322266 0.840820 0.324219 0.839844 0.323242 0.834961
0 0.796875 0.191406 0.791016 0.197266 0.791016 0.204102 0.797852 0.197266 0.798828 0.193359
0 0.233398 0.737305 0.228516 0.739258 0.227539 0.749023 0.230469 0.749023 0.232422 0.746094
0 0.177734 0.629883 0.172852 0.631836 0.169922 0.639648 0.177734 0.635742
0 0.285156 0.471680 0.285156 0.478516 0.289062 0.482422 0.290039 0.474609 0.288086 0.471680
0 0.035156 0.879883 0.042969 0.881836 0.044922 0.877930
0 0.422852 0.022461 0.418945 0.023438 0.419922 0.033203 0.422852 0.030273
0 0.878906 0.284180 0.878906 0.287109 0.882812 0.290039 0.889648 0.291016 0.885742 0.284180
0 0.754883 0.363281 0.754883 0.367188 0.761719 0.371094 0.760742 0.366211
0 0.813477 0.723633 0.811523 0.724609 0.811523 0.732422 0.814453 0.731445
0 0.913086 0.120117 0.916016 0.124023 0.922852 0.125000 0.919922 0.120117
0 0.795898 0.478516 0.797852 0.483398 0.804688 0.484375 0.802734 0.480469
0 0.561523 0.580078 0.571289 0.582031 0.572266 0.578125 0.564453 0.577148
0 0.905273 0.155273 0.905273 0.157227 0.912109 0.157227 0.914062 0.153320
0 0.557617 0.016602 0.559570 0.020508 0.569336 0.019531 0.563477 0.015625
0 0.591797 0.414062 0.593750 0.416992 0.601562 0.416016 0.599609 0.413086
0 0.210938 0.233398 0.209961 0.239258 0.211914 0.244141 0.214844 0.245117 0.214844 0.235352
0 0.853516 0.400391 0.848633 0.400391 0.843750 0.405273 0.849609 0.406250 0.853516 0.403320
0 0.698242 0.576172 0.697266 0.585938 0.700195 0.589844 0.702148 0.577148
0 0.626953 0.804688 0.625977 0.815430 0.628906 0.815430 0.630859 0.807617
0 0.670898 0.728516 0.660156 0.728516 0.658203 0.733398 0.666016 0.733398
0 0.290039 0.740234 0.295898 0.742188 0.298828 0.739258 0.293945 0.737305
0 0.843750 0.832031 0.843750 0.837891 0.849609 0.840820 0.848633 0.834961
0 0.487305 0.524414 0.487305 0.527344 0.491211 0.530273 0.500000 0.529297 0.493164 0.524414
0 0.520508 0.835938 0.522461 0.843750 0.527344 0.846680 0.527344 0.839844
0 0.268555 0.106445 0.268555 0.112305 0.273438 0.117188 0.274414 0.108398
0 0.693359 0.742188 0.687500 0.746094 0.686523 0.751953 0.692383 0.750000
0 0.041016 0.066406 0.037109 0.071289 0.038086 0.079102 0.041016 0.079102 0.042969 0.076172
0 0.170898 0.896484 0.163086 0.897461 0.161133 0.902344 0.166992 0.902344
0 0.044922 0.714844 0.044922 0.721680 0.047852 0.725586 0.049805 0.718750 0.047852 0.714844
0 0.488281 0.743164 0.481445 0.744141 0.479492 0.749023 0.486328 0.748047
0 0.676758 0.078125 0.678711 0.083984 0.687500 0.086914 0.681641 0.078125
0 0.453125 0.353516 0.457031 0.359375 0.460938 0.359375 0.458984 0.354492
0 0.467773 0.627930 0.476562 0.627930 0.478516 0.625000 0.470703 0.624023
0 0.611328 0.761719 0.604492 0.765625 0.603516 0.773438 0.610352 0.769531
0 0.779297 0.084961 0.784180 0.088867 0.789062 0.087891 0.785156 0.083984
0 0.143555 0.553711 0.139648 0.559570 0.141602 0.567383 0.146484 0.562500
0 0.842773 0.208984 0.833984 0.209961 0.833008 0.213867 0.836914 0.213867
0 0.504883 0.076172 0.501953 0.076172 0.500000 0.079102 0.500000 0.085938 0.503906 0.083984
0 0.205078 0.818359 0.201172 0.821289 0.201172 0.828125 0.203125 0.830078 0.206055 0.826172
0 0.792969 0.586914 0.784180 0.588867 0.782227 0.593750 0.790039 0.592773
0 0.433594 0.677734 0.426758 0.678711 0.425781 0.682617 0.432617 0.681641
0 0.322266 0.442383 0.321289 0.447266 0.324219 0.453125 0.325195 0.443359
0 0.553711 0.471680 0.546875 0.474609 0.545898 0.481445 0.551758 0.479492 0.554688 0.474609
0 0.351562 0.579102 0.353516 0.583984 0.363281 0.585938 0.361328 0.581055
0 0.791016 0.489258 0.788086 0.489258 0.786133 0.493164 0.787109 0.501953 0.791016 0.499023
0 0.902344 0.310547 0.897461 0.311523 0.894531 0.317383 0.899414 0.316406
0 0.510742 0.766602 0.513672 0.773438 0.521484 0.775391 0.518555 0.767578
0 0.305664 0.601562 0.305664 0.608398 0.309570 0.611328 0.309570 0.603516
0 0.749023 0.075195 0.743164 0.077148 0.742188 0.084961 0.749023 0.081055
0 0.757812 0.384766 0.753906 0.385742 0.752930 0.392578 0.756836 0.389648
0 0.500000 0.131836 0.501953 0.137695 0.505859 0.139648 0.504883 0.132812
0 0.202148 0.417969 0.206055 0.423828 0.211914 0.424805 0.209961 0.418945
0 0.403320 0.612305 0.397461 0.612305 0.392578 0.617188 0.400391 0.617188 0.403320 0.615234
0 0.822266 0.189453 0.824219 0.195312 0.831055 0.197266 0.826172 0.189453
0 0.143555 0.422852 0.144531 0.428711 0.152344 0.432617 0.153320 0.429688 0.150391 0.425781
0 0.549805 0.728516 0.549805 0.730469 0.558594 0.729492 0.558594 0.727539
0 0.358398 0.678711 0.354492 0.678711 0.349609 0.686523 0.356445 0.684570
0 0.636719 0.197266 0.636719 0.205078 0.640625 0.207031 0.641602 0.200195
0 0.030273 0.033203 0.025391 0.033203 0.020508 0.037109 0.023438 0.039062 0.027344 0.038086
0 0.066406 0.814453 0.067383 0.821289 0.074219 0.826172 0.076172 0.825195 0.073242 0.817383
0 0.978516 0.598633 0.984375 0.599609 0.990234 0.594727 0.982422 0.593750
0 0.375977 0.655273 0.368164 0.656250 0.363281 0.663086 0.372070 0.662109