0 0.090820 0.462891 0.090820 0.464844 0.097656 0.465820 0.102539 0.463867 0.102539 0.460938 0.095703 0.459961
0 0.625000 0.892578 0.625977 0.895508 0.635742 0.898438 0.634766 0.893555
0 0.460938 0.854492 0.464844 0.861328 0.469727 0.861328 0.466797 0.855469
0 0.295898 0.429688 0.296875 0.436523 0.301758 0.438477 0.301758 0.433594
0 0.846680 0.561523 0.842773 0.563477 0.842773 0.569336 0.845703 0.568359
0 0.289062 0.097656 0.281250 0.097656 0.276367 0.102539 0.286133 0.102539 0.289062 0.100586
0 0.900391 0.240234 0.896484 0.244141 0.897461 0.252930 0.902344 0.249023
0 0.294922 0.455078 0.293945 0.459961 0.298828 0.464844 0.297852 0.457031
0 0.699219 0.038086 0.702148 0.041016 0.709961 0.040039 0.707031 0.036133
0 0.562500 0.373047 0.561523 0.379883 0.566406 0.383789 0.566406 0.375977
0 0.294922 0.956055 0.296875 0.958984 0.304688 0.958984 0.300781 0.955078
0 0.233398 0.910156 0.233398 0.921875 0.236328 0.921875 0.238281 0.918945 0.237305 0.912109
0 0.912109 0.135742 0.907227 0.136719 0.904297 0.141602 0.911133 0.139648
0 0.280273 0.567383 0.273438 0.571289 0.272461 0.577148 0.278320 0.575195
0 0.479492 0.505859 0.473633 0.505859 0.467773 0.510742 0.475586 0.511719 0.479492 0.508789
0 0.611328 0.553711 0.606445 0.556641 0.604492 0.567383 0.611328 0.562500
0 0.471680 0.926758 0.475586 0.930664 0.484375 0.930664 0.484375 0.927734 0.480469 0.925781
0 0.404297 0.795898 0.403320 0.802734 0.409180 0.808594 0.410156 0.800781 0.407227 0.795898
0 0.897461 0.119141 0.896484 0.125977 0.899414 0.129883 0.901367 0.121094
0 0.338867 0.156250 0.340820 0.160156 0.348633 0.160156 0.346680 0.156250
0 0.784180 0.815430 0.789062 0.820312 0.795898 0.820312 0.795898 0.817383 0.791992 0.814453
0 0.475586 0.421875 0.468750 0.421875 0.464844 0.426758 0.471680 0.426758 0.475586 0.424805
0 0.145508 0.074219 0.151367 0.080078 0.157227 0.079102 0.155273 0.075195
0 0.989258 0.791016 0.984375 0.793945 0.984375 0.802734 0.989258 0.797852
0 0.095703 0.208008 0.097656 0.212891 0.104492 0.213867 0.100586 0.208008
0 0.652344 0.820312 0.653320 0.827148 0.658203 0.830078 0.658203 0.823242
0 0.911133 0.091797 0.906250 0.094727 0.905273 0.100586 0.912109 0.096680
0 0.193359 0.335938 0.185547 0.340820 0.184570 0.346680 0.191406 0.343750
0 0.403320 0.602539 0.396484 0.605469 0.395508 0.612305 0.401367 0.609375
0 0.180664 0.602539 0.175781 0.600586 0.169922 0.602539 0.169922 0.604492 0.177734 0.606445
0 0.796875 0.622070 0.793945 0.624023 0.793945 0.632812 0.797852 0.628906
0 0.824219 0.611328 0.823242 0.621094 0.826172 0.621094 0.827148 0.613281
0 0.301758 0.123047 0.301758 0.126953 0.308594 0.130859 0.306641 0.125000
0 0.768555 0.385742 0.768555 0.393555 0.770508 0.396484 0.773438 0.396484 0.774414 0.392578