0 0.850586 0.635742 0.852539 0.642578 0.859375 0.644531 0.858398 0.639648
0 0.528320 0.418945 0.525391 0.421875 0.527344 0.430664 0.530273 0.426758
0 0.146484 0.434570 0.147461 0.440430 0.154297 0.443359 0.153320 0.438477
0 0.218750 0.940430 0.222656 0.943359 0.229492 0.943359 0.227539 0.939453
0 0.833008 0.203125 0.833008 0.209961 0.837891 0.213867 0.838867 0.208008
0 0.143555 0.030273 0.150391 0.030273 0.155273 0.026367 0.146484 0.025391 0.143555 0.027344
0 0.226562 0.043945 0.230469 0.050781 0.237305 0.050781 0.233398 0.044922
0 0.485352 0.510742 0.482422 0.511719 0.480469 0.519531 0.484375 0.517578
0 0.539062 0.194336 0.542969 0.199219 0.547852 0.198242 0.545898 0.194336
0 0.099609 0.802734 0.100586 0.808594 0.106445 0.812500 0.105469 0.804688 0.101562 0.801758
0 0.291992 0.382812 0.285156 0.385742 0.282227 0.393555 0.291016 0.389648
0 0.482422 0.221680 0.485352 0.224609 0.494141 0.224609 0.492188 0.220703
0 0.744141 0.818359 0.740234 0.819336 0.741211 0.829102 0.744141 0.825195
0 0.600586 0.490234 0.601562 0.499023 0.605469 0.501953 0.605469 0.493164
0 0.922852 0.186523 0.916992 0.187500 0.915039 0.193359 0.920898 0.191406
0 0.853516 0.867188 0.853516 0.870117 0.858398 0.871094 0.865234 0.869141 0.862305 0.865234
0 0.053711 0.584961 0.051758 0.593750 0.055664 0.596680 0.057617 0.588867
0 0.131836 0.686523 0.132812 0.693359 0.137695 0.695312 0.136719 0.689453
0 0.080078 0.145508 0.074219 0.146484 0.072266 0.152344 0.077148 0.151367
0 0.902344 0.055664 0.900391 0.056641 0.900391 0.064453 0.902344 0.066406 0.904297 0.061523
0 0.218750 0.235352 0.212891 0.236328 0.209961 0.241211 0.216797 0.240234
0 0.875000 0.964844 0.871094 0.967773 0.872070 0.975586 0.875977 0.971680
0 0.841797 0.449219 0.838867 0.450195 0.839844 0.458008 0.842773 0.455078
0 0.308594 0.534180 0.306641 0.532227 0.301758 0.534180 0.298828 0.541992 0.305664 0.540039
0 0.983398 0.171875 0.982422 0.177734 0.984375 0.182617 0.987305 0.183594 0.987305 0.173828
0 0.958008 0.090820 0.952148 0.092773 0.951172 0.099609 0.957031 0.096680
0 0.251953 0.936523 0.255859 0.941406 0.264648 0.940430 0.259766 0.935547
0 0.759766 0.634766 0.759766 0.636719 0.766602 0.640625 0.772461 0.639648 0.768555 0.634766
0 0.883789 0.438477 0.884766 0.445312 0.890625 0.449219 0.891602 0.444336 0.889648 0.440430
0 0.345703 0.263672 0.342773 0.263672 0.340820 0.267578 0.341797 0.272461 0.346680 0.267578
0 0.655273 0.818359 0.647461 0.820312 0.645508 0.826172 0.652344 0.825195
0 0.730469 0.697266 0.732422 0.702148 0.742188 0.703125 0.740234 0.699219
0 0.815430 0.900391 0.808594 0.900391 0.804688 0.904297 0.810547 0.905273
0 0.812500 0.405273 0.808594 0.405273 0.802734 0.410156 0.811523 0.409180
0 0.293945 0.718750 0.292969 0.724609 0.295898 0.730469 0.297852 0.730469 0.297852 0.720703
0 0.668945 0.175781 0.665039 0.181641 0.666992 0.191406 0.670898 0.186523
0 0.219727 0.583984 0.215820 0.585938 0.217773 0.595703 0.220703 0.590820
0 0.464844 0.308594 0.467773 0.311523 0.475586 0.310547 0.475586 0.308594 0.470703 0.306641
0 0.320312 0.320312 0.314453 0.323242 0.313477 0.330078 0.320312 0.327148
0 0.359375 0.854492 0.354492 0.856445 0.352539 0.863281 0.358398 0.860352
0 0.416992 0.983398 0.422852 0.989258 0.428711 0.988281 0.423828 0.983398
0 0.780273 0.620117 0.774414 0.621094 0.770508 0.628906 0.777344 0.626953