0 0.625977 0.602539 0.625977 0.610352 0.629883 0.612305 0.629883 0.603516
0 0.122070 0.984375 0.117188 0.985352 0.114258 0.991211 0.115234 0.994141 0.121094 0.991211
0 0.507812 0.137695 0.509766 0.141602 0.519531 0.140625 0.515625 0.136719
0 0.505859 0.746094 0.503906 0.749023 0.510742 0.755859 0.511719 0.751953
0 0.955078 0.180664 0.958008 0.184570 0.965820 0.184570 0.962891 0.180664
0 0.607422 0.840820 0.601562 0.840820 0.597656 0.845703 0.602539 0.846680
0 0.661133 0.013672 0.662109 0.020508 0.666016 0.022461 0.666016 0.016602
0 0.378906 0.484375 0.381836 0.490234 0.388672 0.491211 0.385742 0.485352
0 0.975586 0.625977 0.970703 0.628906 0.970703 0.638672 0.975586 0.633789
0 0.660156 0.771484 0.658203 0.771484 0.656250 0.776367 0.659180 0.782227 0.661133 0.780273
0 0.875000 0.640625 0.870117 0.642578 0.869141 0.649414 0.875000 0.645508
0 0.573242 0.610352 0.576172 0.613281 0.585938 0.612305 0.584961 0.608398
0 0.439453 0.907227 0.442383 0.913086 0.448242 0.913086 0.443359 0.907227
0 0.762695 0.780273 0.755859 0.781250 0.752930 0.786133 0.760742 0.785156
0 0.145508 0.301758 0.146484 0.308594 0.151367 0.311523 0.150391 0.303711
0 0.342773 0.074219 0.339844 0.075195 0.338867 0.079102 0.340820 0.085938 0.344727 0.079102
0 0.965820 0.758789 0.960938 0.759766 0.958984 0.768555 0.963867 0.766602
0 0.958984 0.143555 0.961914 0.153320 0.964844 0.153320 0.964844 0.146484
0 0.278320 0.420898 0.286133 0.421875 0.289062 0.418945 0.280273 0.416992
0 0.818359 0.129883 0.818359 0.138672 0.820312 0.138672 0.821289 0.130859
0 0.877930 0.460938 0.880859 0.471680 0.887695 0.473633 0.886719 0.466797
0 0.739258 0.882812 0.740234 0.886719 0.750000 0.885742 0.750000 0.882812 0.747070 0.881836
0 0.224609 0.949219 0.224609 0.952148 0.227539 0.954102 0.236328 0.954102 0.232422 0.949219
0 0.458984 0.546875 0.459961 0.557617 0.464844 0.560547 0.464844 0.550781
0 0.057617 0.225586 0.048828 0.226562 0.045898 0.232422 0.054688 0.231445
0 0.517578 0.208984 0.513672 0.211914 0.514648 0.220703 0.516602 0.220703 0.519531 0.213867
0 0.695312 0.263672 0.689453 0.267578 0.688477 0.273438 0.694336 0.271484
0 0.166016 0.220703 0.166016 0.227539 0.172852 0.230469 0.170898 0.223633
0 0.264648 0.864258 0.258789 0.865234 0.254883 0.872070 0.261719 0.871094 0.264648 0.868164
0 0.593750 0.522461 0.596680 0.527344 0.607422 0.527344 0.601562 0.521484
0 0.944336 0.581055 0.944336 0.583984 0.950195 0.586914 0.956055 0.585938 0.953125 0.582031
0 0.100586 0.507812 0.102539 0.512695 0.112305 0.512695 0.107422 0.507812
0 0.535156 0.779297 0.530273 0.777344 0.524414 0.781250 0.532227 0.783203 0.535156 0.782227
0 0.864258 0.927734 0.860352 0.927734 0.855469 0.935547 0.862305 0.933594
0 0.212891 0.638672 0.208008 0.639648 0.203125 0.648438 0.210938 0.645508 0.213867 0.640625
0 0.971680 0.041016 0.972656 0.050781 0.978516 0.052734 0.976562 0.043945
0 0.308594 0.693359 0.302734 0.695312 0.300781 0.701172 0.304688 0.701172
0 0.108398 0.630859 0.103516 0.631836 0.100586 0.637695 0.105469 0.637695
0 0.245117 0.229492 0.246094 0.235352 0.250977 0.237305 0.250000 0.231445
0 0.776367 0.808594 0.771484 0.813477 0.771484 0.819336 0.776367 0.817383
0 0.529297 0.817383 0.532227 0.822266 0.538086 0.823242 0.536133 0.818359
0 0.444336 0.370117 0.436523 0.371094 0.433594 0.376953 0.442383 0.375000
0 0.914062 0.140625 0.911133 0.140625 0.909180 0.143555 0.909180 0.149414 0.912109 0.153320 0.915039 0.147461
0 0.419922 0.343750 0.420898 0.350586 0.426758 0.354492 0.424805 0.344727
0 0.289062 0.150391 0.290039 0.157227 0.293945 0.160156 0.294922 0.154297
0 0.079102 0.734375 0.075195 0.735352 0.073242 0.744141 0.079102 0.740234
0 0.458984 0.391602 0.453125 0.392578 0.449219 0.399414 0.457031 0.397461
0 0.096680 0.255859 0.088867 0.256836 0.086914 0.260742 0.093750 0.260742
0 0.203125 0.791016 0.199219 0.792969 0.200195 0.800781 0.203125 0.797852
0 0.111328 0.958008 0.110352 0.963867 0.113281 0.968750 0.115234 0.960938
0 0.897461 0.416016 0.897461 0.423828 0.901367 0.426758 0.902344 0.420898
0 0.569336 0.965820 0.564453 0.964844 0.559570 0.972656 0.567383 0.970703
0 0.870117 0.199219 0.863281 0.203125 0.860352 0.213867 0.869141 0.208984
0 0.480469 0.696289 0.479492 0.701172 0.483398 0.705078 0.484375 0.698242
0 0.181641 0.279297 0.185547 0.285156 0.189453 0.285156 0.187500 0.280273
0 0.341797 0.315430 0.334961 0.317383 0.333008 0.325195 0.340820 0.320312
0 0.853516 0.812500 0.851562 0.816406 0.856445 0.823242 0.857422 0.814453
0 0.872070 0.152344 0.873047 0.160156 0.877930 0.162109 0.876953 0.154297
0 0.501953 0.580078 0.507812 0.581055 0.512695 0.577148 0.504883 0.576172
0 0.169922 0.450195 0.163086 0.453125 0.161133 0.460938 0.169922 0.456055