0 0.888672 0.555664 0.892578 0.561523 0.900391 0.562500 0.899414 0.557617
0 0.900391 0.201172 0.902344 0.205078 0.910156 0.206055 0.910156 0.203125
0 0.446289 0.471680 0.454102 0.471680 0.456055 0.468750 0.448242 0.467773
0 0.348633 0.895508 0.349609 0.901367 0.353516 0.904297 0.353516 0.895508
0 0.018555 0.598633 0.012695 0.603516 0.012695 0.612305 0.015625 0.612305 0.018555 0.607422
0 0.640625 0.893555 0.635742 0.899414 0.637695 0.907227 0.641602 0.901367
0 0.272461 0.100586 0.264648 0.101562 0.260742 0.108398 0.268555 0.107422
0 0.743164 0.352539 0.741211 0.355469 0.742188 0.359375 0.747070 0.363281 0.747070 0.356445
0 0.921875 0.339844 0.918945 0.340820 0.919922 0.350586 0.922852 0.344727
0 0.684570 0.615234 0.685547 0.624023 0.689453 0.626953 0.689453 0.618164
0 0.136719 0.763672 0.132812 0.764648 0.130859 0.773438 0.135742 0.770508
0 0.704102 0.204102 0.701172 0.205078 0.699219 0.209961 0.701172 0.215820 0.705078 0.213867
0 0.351562 0.685547 0.350586 0.690430 0.353516 0.696289 0.355469 0.688477
0 0.919922 0.961914 0.919922 0.965820 0.927734 0.969727 0.925781 0.964844
0 0.877930 0.011719 0.883789 0.012695 0.887695 0.008789 0.881836 0.007812
0 0.853516 0.885742 0.848633 0.884766 0.843750 0.889648 0.851562 0.888672
0 0.934570 0.459961 0.936523 0.466797 0.942383 0.469727 0.941406 0.462891
0 0.427734 0.810547 0.424805 0.810547 0.421875 0.815430 0.420898 0.821289 0.422852 0.823242 0.427734 0.819336
0 0.208008 0.952148 0.211914 0.958008 0.215820 0.958008 0.213867 0.953125
0 0.183594 0.051758 0.181641 0.057617 0.185547 0.065430 0.187500 0.053711
0 0.402344 0.889648 0.402344 0.895508 0.407227 0.900391 0.407227 0.892578
0 0.745117 0.903320 0.737305 0.903320 0.735352 0.906250 0.744141 0.906250
0 0.968750 0.966797 0.960938 0.966797 0.957031 0.969727 0.957031 0.972656 0.963867 0.972656
0 0.347656 0.783203 0.355469 0.784180 0.358398 0.781250 0.349609 0.779297
0 0.439453 0.568359 0.442383 0.572266 0.448242 0.572266 0.446289 0.568359
0 0.458008 0.291016 0.459961 0.293945 0.466797 0.293945 0.465820 0.291016
0 0.080078 0.451172 0.073242 0.449219 0.065430 0.453125 0.075195 0.455078
0 0.798828 0.437500 0.802734 0.441406 0.809570 0.440430 0.807617 0.437500
0 0.591797 0.976562 0.588867 0.978516 0.589844 0.987305 0.592773 0.983398
0 0.943359 0.972656 0.943359 0.976562 0.946289 0.979492 0.952148 0.980469 0.952148 0.977539 0.947266 0.972656
0 0.075195 0.539062 0.076172 0.548828 0.081055 0.550781 0.080078 0.542969
0 0.206055 0.222656 0.212891 0.222656 0.215820 0.218750 0.208008 0.218750
0 0.062500 0.945312 0.056641 0.945312 0.053711 0.949219 0.060547 0.949219
0 0.740234 0.756836 0.744141 0.760742 0.750977 0.760742 0.750977 0.757812 0.747070 0.755859
0 0.355469 0.935547 0.347656 0.936523 0.344727 0.942383 0.354492 0.939453