0 0.248047 0.734375 0.240234 0.735352 0.239258 0.739258 0.247070 0.737305
0 0.916016 0.276367 0.912109 0.279297 0.912109 0.285156 0.916016 0.284180
0 0.181641 0.682617 0.177734 0.684570 0.177734 0.692383 0.181641 0.689453
0 0.972656 0.849609 0.971680 0.854492 0.973633 0.860352 0.975586 0.860352 0.976562 0.851562
0 0.084961 0.939453 0.077148 0.939453 0.074219 0.941406 0.074219 0.944336 0.079102 0.945312
0 0.462891 0.543945 0.461914 0.552734 0.465820 0.555664 0.466797 0.546875
0 0.958008 0.394531 0.963867 0.400391 0.969727 0.399414 0.966797 0.395508
0 0.521484 0.632812 0.523438 0.638672 0.530273 0.640625 0.525391 0.632812
0 0.678711 0.367188 0.682617 0.374023 0.688477 0.375000 0.685547 0.368164
0 0.450195 0.441406 0.445312 0.445312 0.445312 0.452148 0.450195 0.448242
0 0.730469 0.075195 0.722656 0.077148 0.719727 0.083008 0.728516 0.081055
0 0.004883 0.246094 0.004883 0.250000 0.007812 0.252930 0.013672 0.253906 0.010742 0.247070
0 0.688477 0.258789 0.683594 0.259766 0.681641 0.267578 0.684570 0.267578
0 0.774414 0.689453 0.773438 0.696289 0.776367 0.700195 0.778320 0.694336 0.777344 0.689453
0 0.450195 0.699219 0.450195 0.708008 0.452148 0.710938 0.455078 0.710938 0.455078 0.703125
0 0.399414 0.356445 0.404297 0.361328 0.409180 0.359375 0.407227 0.355469
0 0.083008 0.207031 0.082031 0.213867 0.085938 0.219727 0.087891 0.211914
0 0.483398 0.387695 0.477539 0.388672 0.474609 0.394531 0.481445 0.392578
0 0.335938 0.892578 0.330078 0.895508 0.329102 0.901367 0.334961 0.898438
0 0.312500 0.930664 0.311523 0.935547 0.319336 0.939453 0.317383 0.933594
0 0.478516 0.010742 0.477539 0.019531 0.481445 0.023438 0.482422 0.013672
0 0.688477 0.073242 0.686523 0.075195 0.686523 0.082031 0.690430 0.085938 0.691406 0.075195
0 0.808594 0.554688 0.802734 0.554688 0.799805 0.559570 0.807617 0.557617
0 0.250977 0.599609 0.243164 0.599609 0.238281 0.605469 0.247070 0.605469 0.250977 0.602539
0 0.142578 0.655273 0.136719 0.655273 0.133789 0.661133 0.140625 0.659180
0 0.751953 0.695312 0.756836 0.698242 0.766602 0.696289 0.761719 0.693359
0 0.580078 0.490234 0.575195 0.492188 0.573242 0.500977 0.579102 0.499023
0 0.284180 0.083008 0.278320 0.083008 0.274414 0.090820 0.280273 0.088867
0 0.942383 0.477539 0.938477 0.476562 0.936523 0.482422 0.940430 0.481445
0 0.982422 0.171875 0.977539 0.170898 0.970703 0.176758 0.976562 0.177734
0 0.527344 0.271484 0.522461 0.273438 0.521484 0.279297 0.523438 0.284180 0.527344 0.280273
0 0.617188 0.846680 0.608398 0.846680 0.606445 0.850586 0.613281 0.851562
0 0.774414 0.763672 0.773438 0.769531 0.777344 0.774414 0.778320 0.766602
0 0.937500 0.742188 0.939453 0.745117 0.949219 0.744141 0.946289 0.740234 0.939453 0.740234
0 0.332031 0.596680 0.335938 0.603516 0.341797 0.604492 0.338867 0.597656
0 0.684570 0.826172 0.680664 0.830078 0.681641 0.836914 0.685547 0.833008
0 0.116211 0.638672 0.116211 0.644531 0.121094 0.649414 0.122070 0.643555
0 0.926758 0.153320 0.929688 0.158203 0.936523 0.160156 0.934570 0.154297
0 0.296875 0.871094 0.291016 0.874023 0.290039 0.879883 0.294922 0.877930
0 0.900391 0.744141 0.895508 0.745117 0.893555 0.749023 0.894531 0.753906 0.899414 0.750000
0 0.410156 0.107422 0.409180 0.114258 0.413086 0.118164 0.413086 0.110352
0 0.749023 0.839844 0.738281 0.842773 0.737305 0.846680 0.746094 0.845703