0 0.390625 0.344727 0.397461 0.346680 0.403320 0.344727 0.404297 0.341797 0.395508 0.339844
0 0.583984 0.602539 0.580078 0.603516 0.580078 0.612305 0.583984 0.610352
0 0.982422 0.104492 0.987305 0.112305 0.989258 0.110352 0.988281 0.106445
0 0.735352 0.080078 0.734375 0.086914 0.737305 0.092773 0.739258 0.092773 0.740234 0.084961 0.738281 0.080078
0 0.926758 0.683594 0.919922 0.686523 0.917969 0.693359 0.925781 0.689453
0 0.459961 0.872070 0.462891 0.878906 0.470703 0.880859 0.464844 0.872070
0 0.872070 0.780273 0.874023 0.785156 0.879883 0.786133 0.875977 0.780273
0 0.084961 0.702148 0.085938 0.706055 0.093750 0.707031 0.091797 0.703125
0 0.842773 0.985352 0.839844 0.987305 0.840820 0.996094 0.844727 0.992188
0 0.084961 0.100586 0.083984 0.103516 0.088867 0.108398 0.089844 0.105469
0 0.850586 0.914062 0.854492 0.916992 0.862305 0.916016 0.860352 0.912109
0 0.792969 0.405273 0.793945 0.408203 0.803711 0.409180 0.803711 0.406250 0.800781 0.404297
0 0.166992 0.419922 0.161133 0.419922 0.156250 0.426758 0.164062 0.424805
0 0.160156 0.639648 0.160156 0.645508 0.164062 0.649414 0.165039 0.643555 0.163086 0.639648
0 0.735352 0.012695 0.733398 0.014648 0.735352 0.018555 0.741211 0.021484 0.741211 0.016602
0 0.916992 0.411133 0.919922 0.418945 0.927734 0.420898 0.924805 0.414062
0 0.765625 0.645508 0.764648 0.650391 0.769531 0.656250 0.770508 0.650391
0 0.916016 0.171875 0.910156 0.172852 0.908203 0.178711 0.913086 0.177734
0 0.472656 0.368164 0.473633 0.372070 0.477539 0.374023 0.483398 0.373047 0.477539 0.368164
0 0.196289 0.888672 0.192383 0.891602 0.192383 0.900391 0.198242 0.894531
0 0.680664 0.140625 0.674805 0.140625 0.668945 0.145508 0.676758 0.146484 0.680664 0.144531
0 0.106445 0.852539 0.101562 0.854492 0.099609 0.863281 0.105469 0.859375
0 0.292969 0.691406 0.294922 0.695312 0.303711 0.697266 0.301758 0.692383
0 0.795898 0.255859 0.791992 0.255859 0.791016 0.258789 0.792969 0.267578 0.795898 0.265625
0 0.420898 0.701172 0.424805 0.706055 0.433594 0.706055 0.433594 0.703125 0.428711 0.700195 0.422852 0.699219
0 0.370117 0.958008 0.371094 0.966797 0.377930 0.970703 0.376953 0.962891
0 0.445312 0.790039 0.449219 0.794922 0.456055 0.795898 0.453125 0.790039
0 0.805664 0.540039 0.798828 0.541016 0.795898 0.545898 0.803711 0.544922
0 0.251953 0.445312 0.251953 0.452148 0.257812 0.455078 0.256836 0.448242
0 0.648438 0.521484 0.649414 0.527344 0.653320 0.531250 0.657227 0.531250 0.656250 0.525391
0 0.231445 0.780273 0.225586 0.781250 0.222656 0.786133 0.229492 0.785156
0 0.735352 0.576172 0.732422 0.577148 0.730469 0.582031 0.732422 0.587891 0.736328 0.584961
0 0.174805 0.331055 0.171875 0.332031 0.173828 0.341797 0.175781 0.338867
0 0.004883 0.955078 0.004883 0.958008 0.008789 0.960938 0.015625 0.960938 0.014648 0.957031
0 0.827148 0.983398 0.824219 0.983398 0.822266 0.987305 0.824219 0.993164
0 0.900391 0.540039 0.893555 0.542969 0.891602 0.545898 0.892578 0.549805 0.899414 0.546875
0 0.015625 0.722656 0.009766 0.723633 0.006836 0.729492 0.013672 0.727539
0 0.489258 0.457031 0.491211 0.459961 0.498047 0.458008 0.495117 0.455078
0 0.644531 0.967773 0.645508 0.971680 0.653320 0.972656 0.651367 0.968750
0 0.814453 0.354492 0.814453 0.361328 0.816406 0.364258 0.819336 0.364258 0.818359 0.357422
0 0.856445 0.522461 0.851562 0.524414 0.849609 0.531250 0.855469 0.528320
0 0.799805 0.868164 0.795898 0.868164 0.794922 0.877930 0.798828 0.875000
0 0.356445 0.666016 0.356445 0.674805 0.359375 0.678711 0.361328 0.676758 0.361328 0.669922
0 0.227539 0.623047 0.229492 0.630859 0.234375 0.632812 0.234375 0.626953
0 0.610352 0.046875 0.609375 0.051758 0.615234 0.057617 0.615234 0.050781
0 0.718750 0.706055 0.711914 0.707031 0.708984 0.710938 0.715820 0.710938
0 0.655273 0.864258 0.659180 0.870117 0.666016 0.870117 0.665039 0.866211
0 0.514648 0.694336 0.507812 0.696289 0.506836 0.699219 0.513672 0.698242
0 0.765625 0.009766 0.766602 0.016602 0.771484 0.020508 0.771484 0.013672
0 0.889648 0.647461 0.889648 0.651367 0.892578 0.653320 0.901367 0.652344 0.898438 0.648438