0 0.250977 0.803711 0.253906 0.807617 0.261719 0.806641 0.260742 0.803711
0 0.185547 0.537109 0.188477 0.541016 0.196289 0.541016 0.194336 0.537109
0 0.835938 0.683594 0.830078 0.682617 0.825195 0.688477 0.832031 0.688477 0.835938 0.686523
0 0.364258 0.604492 0.359375 0.606445 0.357422 0.612305 0.364258 0.608398
0 0.591797 0.534180 0.585938 0.533203 0.580078 0.539062 0.588867 0.539062 0.591797 0.537109
0 0.947266 0.253906 0.947266 0.261719 0.950195 0.262695 0.951172 0.255859
0 0.105469 0.407227 0.101562 0.407227 0.096680 0.415039 0.103516 0.413086
0 0.395508 0.508789 0.401367 0.515625 0.408203 0.514648 0.405273 0.509766
0 0.032227 0.409180 0.038086 0.413086 0.041992 0.412109 0.039062 0.408203
0 0.092773 0.071289 0.085938 0.074219 0.083984 0.080078 0.089844 0.079102
0 0.842773 0.489258 0.833008 0.491211 0.832031 0.496094 0.838867 0.495117 0.842773 0.492188
0 0.297852 0.552734 0.291992 0.552734 0.288086 0.559570 0.295898 0.558594
0 0.483398 0.375977 0.484375 0.377930 0.492188 0.377930 0.491211 0.375000
0 0.308594 0.926758 0.307617 0.933594 0.311523 0.937500 0.313477 0.930664 0.311523 0.926758
0 0.223633 0.833008 0.217773 0.833008 0.214844 0.838867 0.222656 0.837891
0 0.270508 0.950195 0.271484 0.954102 0.281250 0.955078 0.277344 0.950195
0 0.401367 0.541016 0.409180 0.544922 0.413086 0.543945 0.411133 0.540039
0 0.299805 0.398438 0.295898 0.401367 0.296875 0.409180 0.300781 0.406250
0 0.613281 0.955078 0.614258 0.959961 0.620117 0.961914 0.619141 0.957031
0 0.813477 0.898438 0.807617 0.898438 0.801758 0.904297 0.809570 0.904297 0.813477 0.901367
0 0.862305 0.491211 0.872070 0.492188 0.875000 0.488281 0.867188 0.487305
0 0.069336 0.419922 0.065430 0.421875 0.064453 0.430664 0.067383 0.430664 0.070312 0.425781
0 0.019531 0.095703 0.017578 0.102539 0.021484 0.106445 0.022461 0.098633
0 0.545898 0.811523 0.546875 0.815430 0.556641 0.816406 0.552734 0.811523
0 0.676758 0.492188 0.682617 0.497070 0.688477 0.497070 0.688477 0.493164 0.684570 0.491211
0 0.921875 0.604492 0.922852 0.610352 0.929688 0.613281 0.927734 0.606445
0 0.205078 0.077148 0.200195 0.078125 0.199219 0.087891 0.202148 0.087891
0 0.821289 0.334961 0.826172 0.339844 0.834961 0.337891 0.834961 0.334961 0.830078 0.333008
0 0.552734 0.181641 0.557617 0.185547 0.564453 0.184570 0.563477 0.181641 0.557617 0.179688
0 0.983398 0.716797 0.980469 0.718750 0.982422 0.728516 0.984375 0.724609
0 0.482422 0.714844 0.486328 0.719727 0.492188 0.718750 0.488281 0.714844
0 0.356445 0.379883 0.351562 0.382812 0.350586 0.388672 0.357422 0.384766
0 0.929688 0.559570 0.923828 0.559570 0.918945 0.564453 0.926758 0.564453 0.929688 0.562500
0 0.829102 0.404297 0.827148 0.404297 0.824219 0.411133 0.826172 0.414062 0.829102 0.411133
0 0.862305 0.575195 0.862305 0.581055 0.869141 0.584961 0.867188 0.576172
0 0.174805 0.222656 0.177734 0.231445 0.184570 0.235352 0.186523 0.234375 0.184570 0.226562 0.178711 0.221680
0 0.870117 0.096680 0.871094 0.101562 0.878906 0.105469 0.876953 0.098633
0 0.160156 0.492188 0.164062 0.496094 0.169922 0.493164 0.166992 0.491211
0 0.037109 0.771484 0.040039 0.778320 0.044922 0.778320 0.042969 0.773438
0 0.687500 0.132812 0.689453 0.141602 0.694336 0.143555 0.693359 0.135742
0 0.256836 0.966797 0.248047 0.971680 0.247070 0.978516 0.255859 0.972656
0 0.377930 0.123047 0.377930 0.125977 0.380859 0.127930 0.389648 0.126953 0.386719 0.123047
0 0.162109 0.637695 0.160156 0.643555 0.164062 0.651367 0.166016 0.639648
0 0.433594 0.985352 0.429688 0.988281 0.430664 0.995117 0.434570 0.990234
0 0.030273 0.625977 0.025391 0.625977 0.020508 0.630859 0.026367 0.630859
0 0.059570 0.908203 0.053711 0.909180 0.050781 0.916016 0.052734 0.916992 0.057617 0.913086
0 0.698242 0.516602 0.695312 0.517578 0.694336 0.522461 0.696289 0.528320 0.700195 0.524414
0 0.510742 0.352539 0.506836 0.352539 0.501953 0.357422 0.501953 0.361328 0.509766 0.357422
0 0.692383 0.267578 0.693359 0.269531 0.704102 0.268555 0.704102 0.265625 0.695312 0.264648
0 0.034180 0.878906 0.030273 0.880859 0.029297 0.888672 0.032227 0.888672 0.034180 0.885742
0 0.499023 0.829102 0.496094 0.837891 0.500000 0.841797 0.501953 0.833008
0 0.951172 0.452148 0.950195 0.463867 0.953125 0.464844 0.955078 0.453125
0 0.028320 0.312500 0.028320 0.315430 0.036133 0.314453 0.032227 0.311523
0 0.041992 0.395508 0.043945 0.398438 0.052734 0.397461 0.052734 0.395508 0.047852 0.393555
0 0.066406 0.620117 0.065430 0.625977 0.070312 0.630859 0.070312 0.623047
0 0.532227 0.109375 0.523438 0.111328 0.523438 0.114258 0.529297 0.114258
0 0.247070 0.863281 0.251953 0.870117 0.257812 0.870117 0.254883 0.864258
0 0.181641 0.473633 0.176758 0.477539 0.176758 0.486328 0.179688 0.486328 0.182617 0.481445
0 0.392578 0.461914 0.384766 0.466797 0.383789 0.472656 0.390625 0.469727
0 0.363281 0.415039 0.366211 0.419922 0.372070 0.420898 0.370117 0.416016
0 0.590820 0.410156 0.593750 0.415039 0.600586 0.415039 0.595703 0.409180
0 0.569336 0.436523 0.568359 0.438477 0.572266 0.443359 0.578125 0.444336 0.574219 0.437500
0 0.322266 0.198242 0.326172 0.205078 0.331055 0.204102 0.330078 0.200195
0 0.700195 0.403320 0.700195 0.409180 0.705078 0.414062 0.705078 0.406250 0.703125 0.403320