0 0.415039 0.696289 0.410156 0.695312 0.405273 0.698242 0.412109 0.700195
0 0.834961 0.623047 0.836914 0.625977 0.846680 0.626953 0.844727 0.623047
0 0.421875 0.323242 0.417969 0.324219 0.416992 0.332031 0.421875 0.327148
0 0.144531 0.587891 0.134766 0.587891 0.132812 0.591797 0.138672 0.592773 0.144531 0.589844
0 0.810547 0.303711 0.810547 0.312500 0.815430 0.315430 0.815430 0.307617
0 0.579102 0.083008 0.574219 0.084961 0.572266 0.091797 0.578125 0.088867
0 0.675781 0.027344 0.669922 0.029297 0.668945 0.034180 0.674805 0.032227
0 0.053711 0.897461 0.053711 0.905273 0.057617 0.907227 0.057617 0.900391
0 0.541992 0.717773 0.541992 0.722656 0.546875 0.726562 0.546875 0.720703
0 0.637695 0.886719 0.632812 0.887695 0.629883 0.892578 0.635742 0.891602
0 0.437500 0.715820 0.433594 0.716797 0.430664 0.721680 0.431641 0.723633 0.436523 0.721680
0 0.046875 0.546875 0.041992 0.548828 0.040039 0.555664 0.046875 0.551758
0 0.138672 0.919922 0.133789 0.919922 0.128906 0.926758 0.135742 0.925781
0 0.829102 0.280273 0.830078 0.287109 0.834961 0.289062 0.833008 0.281250
0 0.974609 0.930664 0.973633 0.937500 0.977539 0.941406 0.978516 0.933594
0 0.910156 0.525391 0.903320 0.528320 0.902344 0.536133 0.908203 0.533203
0 0.575195 0.832031 0.570312 0.834961 0.569336 0.841797 0.574219 0.838867
0 0.603516 0.300781 0.608398 0.305664 0.613281 0.304688 0.611328 0.300781
0 0.494141 0.963867 0.496094 0.971680 0.501953 0.974609 0.501953 0.967773
0 0.967773 0.005859 0.966797 0.015625 0.970703 0.017578 0.972656 0.010742
0 0.258789 0.201172 0.255859 0.203125 0.255859 0.210938 0.259766 0.208008
0 0.533203 0.862305 0.541992 0.860352 0.543945 0.856445 0.537109 0.856445
0 0.286133 0.423828 0.280273 0.428711 0.280273 0.436523 0.284180 0.436523 0.286133 0.433594
0 0.428711 0.558594 0.432617 0.564453 0.438477 0.565430 0.436523 0.559570
0 0.541992 0.962891 0.541016 0.970703 0.544922 0.975586 0.545898 0.965820
0 0.738281 0.156250 0.731445 0.155273 0.726562 0.161133 0.733398 0.161133
0 0.317383 0.162109 0.317383 0.167969 0.325195 0.170898 0.326172 0.167969 0.323242 0.164062
0 0.840820 0.164062 0.839844 0.168945 0.842773 0.173828 0.844727 0.167969
0 0.950195 0.818359 0.946289 0.820312 0.946289 0.828125 0.950195 0.825195
0 0.473633 0.783203 0.476562 0.788086 0.487305 0.788086 0.481445 0.782227
0 0.160156 0.912109 0.163086 0.916016 0.170898 0.916016 0.169922 0.912109
0 0.968750 0.968750 0.964844 0.971680 0.966797 0.979492 0.969727 0.976562
0 0.831055 0.512695 0.830078 0.520508 0.833984 0.523438 0.834961 0.516602
0 0.459961 0.379883 0.462891 0.385742 0.469727 0.385742 0.466797 0.380859
0 0.519531 0.407227 0.515625 0.409180 0.515625 0.417969 0.518555 0.417969 0.520508 0.415039
0 0.486328 0.620117 0.479492 0.625000 0.480469 0.627930 0.485352 0.625977
0 0.030273 0.152344 0.025391 0.153320 0.023438 0.161133 0.028320 0.159180
0 0.344727 0.128906 0.344727 0.131836 0.347656 0.132812 0.355469 0.131836 0.353516 0.127930
0 0.812500 0.004883 0.813477 0.009766 0.819336 0.013672 0.818359 0.007812
0 0.511719 0.344727 0.518555 0.346680 0.522461 0.342773 0.514648 0.341797
0 0.780273 0.330078 0.773438 0.331055 0.770508 0.335938 0.777344 0.335938
0 0.189453 0.329102 0.189453 0.332031 0.193359 0.334961 0.202148 0.333984 0.195312 0.329102
0 0.693359 0.810547 0.685547 0.814453 0.684570 0.821289 0.689453 0.820312 0.693359 0.816406