0 0.234375 0.233398 0.231445 0.233398 0.228516 0.238281 0.229492 0.247070 0.234375 0.242188
0 0.643555 0.241211 0.639648 0.244141 0.640625 0.252930 0.644531 0.249023
0 0.031250 0.698242 0.026367 0.698242 0.022461 0.705078 0.028320 0.704102
0 0.916992 0.052734 0.917969 0.058594 0.923828 0.060547 0.921875 0.054688
0 0.659180 0.384766 0.663086 0.390625 0.668945 0.391602 0.666992 0.385742
0 0.300781 0.969727 0.302734 0.977539 0.308594 0.979492 0.307617 0.972656 0.304688 0.969727
0 0.788086 0.344727 0.780273 0.344727 0.775391 0.348633 0.775391 0.351562 0.786133 0.349609
0 0.092773 0.502930 0.096680 0.508789 0.102539 0.508789 0.097656 0.502930
0 0.323242 0.371094 0.324219 0.375000 0.333008 0.376953 0.330078 0.372070
0 0.815430 0.933594 0.815430 0.938477 0.820312 0.942383 0.820312 0.936523 0.818359 0.933594
0 0.097656 0.246094 0.101562 0.251953 0.107422 0.252930 0.105469 0.247070
0 0.164062 0.862305 0.156250 0.863281 0.155273 0.867188 0.163086 0.865234
0 0.974609 0.739258 0.966797 0.739258 0.962891 0.746094 0.971680 0.744141
0 0.843750 0.195312 0.842773 0.205078 0.845703 0.208984 0.847656 0.196289
0 0.852539 0.759766 0.847656 0.762695 0.846680 0.769531 0.851562 0.767578
0 0.539062 0.701172 0.533203 0.701172 0.527344 0.710938 0.531250 0.711914 0.536133 0.708984
0 0.216797 0.649414 0.207031 0.649414 0.205078 0.653320 0.212891 0.654297
0 0.201172 0.182617 0.195312 0.181641 0.190430 0.187500 0.196289 0.187500
0 0.625977 0.591797 0.627930 0.595703 0.634766 0.596680 0.632812 0.592773
0 0.849609 0.714844 0.843750 0.721680 0.844727 0.725586 0.848633 0.723633
0 0.098633 0.833984 0.090820 0.834961 0.087891 0.841797 0.096680 0.838867
0 0.716797 0.762695 0.716797 0.770508 0.719727 0.773438 0.721680 0.765625 0.719727 0.762695
0 0.900391 0.909180 0.895508 0.907227 0.889648 0.912109 0.894531 0.913086
0 0.291016 0.721680 0.291016 0.727539 0.295898 0.730469 0.294922 0.723633
0 0.617188 0.487305 0.617188 0.490234 0.622070 0.493164 0.627930 0.492188 0.623047 0.487305
0 0.769531 0.395508 0.771484 0.398438 0.776367 0.398438 0.778320 0.393555
0 0.026367 0.181641 0.029297 0.186523 0.036133 0.188477 0.033203 0.181641
0 0.734375 0.593750 0.735352 0.604492 0.741211 0.608398 0.743164 0.607422 0.741211 0.599609
0 0.095703 0.885742 0.090820 0.885742 0.086914 0.890625 0.093750 0.889648
0 0.396484 0.137695 0.390625 0.138672 0.388672 0.143555 0.393555 0.142578
0 0.864258 0.759766 0.868164 0.765625 0.873047 0.766602 0.869141 0.759766
0 0.250000 0.235352 0.250000 0.243164 0.254883 0.246094 0.254883 0.239258
0 0.819336 0.517578 0.820312 0.523438 0.826172 0.525391 0.826172 0.521484
0 0.874023 0.606445 0.867188 0.606445 0.863281 0.612305 0.873047 0.610352
0 0.500977 0.889648 0.501953 0.892578 0.509766 0.891602 0.509766 0.888672
0 0.797852 0.849609 0.797852 0.855469 0.806641 0.860352 0.804688 0.852539
0 0.834961 0.668945 0.829102 0.670898 0.829102 0.676758 0.833008 0.674805
0 0.024414 0.961914 0.019531 0.959961 0.014648 0.961914 0.013672 0.964844 0.019531 0.965820
0 0.564453 0.795898 0.568359 0.800781 0.575195 0.800781 0.571289 0.795898
0 0.030273 0.095703 0.025391 0.095703 0.022461 0.098633 0.022461 0.102539 0.028320 0.100586
0 0.746094 0.413086 0.741211 0.415039 0.740234 0.422852 0.745117 0.418945
0 0.386719 0.462891 0.382812 0.463867 0.379883 0.467773 0.380859 0.471680 0.386719 0.467773
0 0.488281 0.209961 0.488281 0.219727 0.492188 0.221680 0.492188 0.212891
0 0.693359 0.739258 0.688477 0.740234 0.687500 0.748047 0.693359 0.743164
0 0.650391 0.909180 0.644531 0.910156 0.642578 0.916016 0.648438 0.914062