0 0.523438 0.614258 0.517578 0.616211 0.515625 0.620117 0.522461 0.619141
0 0.131836 0.525391 0.125977 0.524414 0.121094 0.526367 0.120117 0.529297 0.126953 0.530273
0 0.233398 0.949219 0.229492 0.951172 0.230469 0.960938 0.234375 0.957031
0 0.306641 0.974609 0.307617 0.983398 0.310547 0.986328 0.313477 0.985352 0.312500 0.978516
0 0.311523 0.567383 0.306641 0.567383 0.302734 0.575195 0.309570 0.573242
0 0.323242 0.562500 0.320312 0.562500 0.318359 0.566406 0.319336 0.572266 0.323242 0.569336
0 0.077148 0.648438 0.075195 0.657227 0.079102 0.660156 0.081055 0.656250
0 0.845703 0.802734 0.852539 0.803711 0.858398 0.799805 0.849609 0.797852 0.845703 0.799805
0 0.406250 0.653320 0.400391 0.654297 0.398438 0.659180 0.404297 0.658203
0 0.433594 0.173828 0.434570 0.178711 0.441406 0.182617 0.442383 0.178711 0.440430 0.175781
0 0.078125 0.275391 0.080078 0.279297 0.087891 0.279297 0.084961 0.275391
0 0.666016 0.110352 0.668945 0.119141 0.674805 0.121094 0.673828 0.114258
0 0.131836 0.885742 0.125000 0.886719 0.123047 0.891602 0.128906 0.890625
0 0.874023 0.817383 0.874023 0.822266 0.881836 0.826172 0.879883 0.820312
0 0.513672 0.017578 0.509766 0.016602 0.503906 0.022461 0.512695 0.022461
0 0.770508 0.015625 0.764648 0.018555 0.763672 0.024414 0.768555 0.023438
0 0.508789 0.055664 0.510742 0.063477 0.515625 0.065430 0.514648 0.058594
0 0.626953 0.444336 0.620117 0.448242 0.619141 0.453125 0.621094 0.454102 0.625977 0.450195
0 0.871094 0.488281 0.876953 0.489258 0.881836 0.484375 0.874023 0.484375
0 0.516602 0.550781 0.514648 0.558594 0.516602 0.562500 0.519531 0.562500 0.520508 0.553711
0 0.209961 0.651367 0.205078 0.654297 0.204102 0.660156 0.209961 0.656250
0 0.416992 0.770508 0.412109 0.772461 0.411133 0.778320 0.416016 0.775391
0 0.655273 0.779297 0.649414 0.780273 0.644531 0.787109 0.653320 0.785156
0 0.437500 0.419922 0.439453 0.424805 0.446289 0.425781 0.445312 0.421875
0 0.804688 0.297852 0.808594 0.303711 0.814453 0.304688 0.812500 0.298828
0 0.060547 0.522461 0.056641 0.525391 0.056641 0.532227 0.061523 0.527344
0 0.500977 0.281250 0.500000 0.290039 0.503906 0.293945 0.504883 0.283203
0 0.691406 0.971680 0.695312 0.978516 0.699219 0.980469 0.702148 0.978516 0.698242 0.972656
0 0.082031 0.735352 0.082031 0.738281 0.087891 0.742188 0.089844 0.741211 0.088867 0.737305
0 0.597656 0.925781 0.603516 0.931641 0.607422 0.932617 0.609375 0.930664 0.604492 0.925781
0 0.667969 0.791016 0.662109 0.791992 0.659180 0.796875 0.665039 0.796875
0 0.799805 0.809570 0.798828 0.818359 0.802734 0.823242 0.804688 0.821289 0.804688 0.813477
0 0.328125 0.795898 0.329102 0.798828 0.335938 0.798828 0.337891 0.793945
0 0.465820 0.883789 0.462891 0.883789 0.458984 0.890625 0.462891 0.890625
0 0.027344 0.773438 0.025391 0.775391 0.026367 0.784180 0.030273 0.778320