0 0.993164 0.537109 0.985352 0.538086 0.983398 0.541992 0.990234 0.541992
0 0.363281 0.615234 0.355469 0.619141 0.356445 0.624023 0.361328 0.622070
0 0.796875 0.889648 0.790039 0.893555 0.789062 0.899414 0.795898 0.896484
0 0.808594 0.986328 0.810547 0.991211 0.818359 0.992188 0.817383 0.988281
0 0.882812 0.319336 0.880859 0.324219 0.883789 0.330078 0.885742 0.323242
0 0.259766 0.084961 0.262695 0.087891 0.269531 0.087891 0.272461 0.085938 0.272461 0.083008 0.265625 0.082031
0 0.390625 0.877930 0.394531 0.881836 0.401367 0.880859 0.401367 0.877930 0.398438 0.875977
0 0.074219 0.979492 0.082031 0.979492 0.083984 0.976562 0.075195 0.975586
0 0.959961 0.668945 0.958984 0.675781 0.961914 0.676758 0.962891 0.670898
0 0.560547 0.945312 0.564453 0.952148 0.571289 0.952148 0.568359 0.946289
0 0.047852 0.772461 0.048828 0.779297 0.051758 0.783203 0.054688 0.783203 0.052734 0.773438
0 0.156250 0.454102 0.161133 0.455078 0.167969 0.452148 0.167969 0.450195 0.160156 0.449219 0.156250 0.451172
0 0.883789 0.220703 0.879883 0.221680 0.876953 0.227539 0.881836 0.225586
0 0.220703 0.168945 0.215820 0.171875 0.215820 0.180664 0.221680 0.174805 0.222656 0.170898
0 0.515625 0.825195 0.512695 0.826172 0.513672 0.833984 0.516602 0.831055
0 0.710938 0.899414 0.714844 0.905273 0.722656 0.905273 0.718750 0.900391
0 0.583008 0.900391 0.583008 0.910156 0.585938 0.913086 0.587891 0.905273 0.585938 0.900391
0 0.466797 0.869141 0.474609 0.869141 0.477539 0.866211 0.470703 0.865234
0 0.580078 0.772461 0.579102 0.777344 0.582031 0.783203 0.583008 0.773438
0 0.367188 0.317383 0.372070 0.322266 0.376953 0.320312 0.374023 0.316406
0 0.754883 0.937500 0.750977 0.938477 0.749023 0.945312 0.753906 0.943359
0 0.535156 0.610352 0.529297 0.613281 0.528320 0.618164 0.535156 0.614258
0 0.282227 0.157227 0.286133 0.164062 0.291992 0.165039 0.290039 0.159180
0 0.454102 0.618164 0.447266 0.618164 0.442383 0.621094 0.442383 0.624023 0.450195 0.624023 0.454102 0.621094
0 0.303711 0.934570 0.305664 0.941406 0.310547 0.943359 0.310547 0.938477
0 0.678711 0.463867 0.680664 0.472656 0.684570 0.474609 0.684570 0.467773
0 0.762695 0.787109 0.763672 0.793945 0.772461 0.797852 0.771484 0.791992
0 0.009766 0.800781 0.009766 0.807617 0.015625 0.812500 0.015625 0.804688 0.012695 0.800781
0 0.079102 0.568359 0.083008 0.572266 0.089844 0.571289 0.086914 0.567383
0 0.850586 0.091797 0.851562 0.097656 0.857422 0.100586 0.858398 0.096680 0.856445 0.093750
0 0.212891 0.601562 0.209961 0.601562 0.208008 0.604492 0.208008 0.614258 0.209961 0.615234 0.213867 0.606445
0 0.329102 0.793945 0.329102 0.800781 0.332031 0.804688 0.334961 0.804688 0.335938 0.799805 0.333984 0.795898
0 0.032227 0.953125 0.026367 0.955078 0.026367 0.960938 0.031250 0.958008
0 0.279297 0.792969 0.279297 0.798828 0.284180 0.801758 0.284180 0.795898
0 0.344727 0.205078 0.347656 0.209961 0.352539 0.210938 0.356445 0.208984 0.350586 0.204102
0 0.009766 0.093750 0.011719 0.098633 0.018555 0.098633 0.017578 0.094727
0 0.046875 0.057617 0.041016 0.060547 0.040039 0.068359 0.045898 0.064453
0 0.504883 0.082031 0.505859 0.085938 0.515625 0.085938 0.512695 0.082031
0 0.718750 0.956055 0.717773 0.964844 0.720703 0.966797 0.722656 0.958984 0.721680 0.956055
0 0.104492 0.256836 0.105469 0.259766 0.115234 0.261719 0.118164 0.258789 0.115234 0.255859
0 0.921875 0.568359 0.923828 0.571289 0.931641 0.570312 0.930664 0.567383 0.926758 0.566406
0 0.774414 0.055664 0.773438 0.061523 0.775391 0.066406 0.778320 0.067383 0.778320 0.057617
0 0.484375 0.320312 0.481445 0.320312 0.478516 0.326172 0.480469 0.333984 0.485352 0.326172
0 0.892578 0.730469 0.893555 0.733398 0.901367 0.732422 0.898438 0.729492
0 0.009766 0.892578 0.011719 0.897461 0.019531 0.898438 0.018555 0.894531
0 0.306641 0.426758 0.302734 0.431641 0.303711 0.436523 0.307617 0.434570
0 0.565430 0.556641 0.559570 0.564453 0.562500 0.570312 0.566406 0.565430
0 0.325195 0.344727 0.332031 0.345703 0.335938 0.341797 0.328125 0.340820
0 0.523438 0.934570 0.524414 0.942383 0.530273 0.945312 0.530273 0.938477
0 0.454102 0.563477 0.453125 0.568359 0.454102 0.572266 0.456055 0.572266 0.458008 0.568359 0.457031 0.564453
0 0.628906 0.943359 0.628906 0.946289 0.633789 0.948242 0.641602 0.947266 0.641602 0.943359 0.638672 0.942383
0 0.653320 0.955078 0.649414 0.958008 0.649414 0.964844 0.653320 0.962891