0 0.884766 0.211914 0.893555 0.212891 0.897461 0.208008 0.889648 0.207031
0 0.807617 0.587891 0.804688 0.584961 0.796875 0.586914 0.797852 0.589844 0.805664 0.589844
0 0.024414 0.159180 0.024414 0.166016 0.030273 0.168945 0.028320 0.161133
0 0.835938 0.960938 0.838867 0.966797 0.846680 0.967773 0.842773 0.961914
0 0.268555 0.583008 0.273438 0.587891 0.279297 0.586914 0.275391 0.582031
0 0.386719 0.878906 0.384766 0.885742 0.388672 0.890625 0.390625 0.881836
0 0.607422 0.454102 0.607422 0.458984 0.616211 0.462891 0.613281 0.456055
0 0.868164 0.383789 0.869141 0.388672 0.876953 0.393555 0.875977 0.386719
0 0.888672 0.046875 0.881836 0.047852 0.876953 0.055664 0.883789 0.055664 0.887695 0.051758
0 0.042969 0.157227 0.041016 0.165039 0.044922 0.167969 0.046875 0.163086 0.045898 0.158203
0 0.288086 0.228516 0.291992 0.232422 0.300781 0.231445 0.299805 0.228516 0.293945 0.226562
0 0.867188 0.976562 0.865234 0.976562 0.863281 0.981445 0.865234 0.987305 0.868164 0.984375
0 0.613281 0.279297 0.607422 0.280273 0.604492 0.285156 0.610352 0.285156
0 0.823242 0.396484 0.821289 0.404297 0.825195 0.406250 0.826172 0.397461
0 0.191406 0.734375 0.185547 0.738281 0.184570 0.745117 0.190430 0.742188
0 0.534180 0.284180 0.531250 0.288086 0.532227 0.295898 0.534180 0.295898 0.536133 0.290039
0 0.768555 0.073242 0.771484 0.077148 0.779297 0.077148 0.779297 0.074219 0.774414 0.072266
0 0.549805 0.886719 0.549805 0.893555 0.553711 0.898438 0.555664 0.896484 0.552734 0.886719
0 0.569336 0.128906 0.572266 0.131836 0.579102 0.130859 0.577148 0.126953
0 0.672852 0.440430 0.669922 0.443359 0.670898 0.452148 0.675781 0.447266 0.675781 0.443359
0 0.252930 0.603516 0.247070 0.603516 0.243164 0.609375 0.249023 0.609375
0 0.392578 0.726562 0.384766 0.728516 0.382812 0.733398 0.388672 0.733398
0 0.635742 0.723633 0.631836 0.722656 0.625977 0.728516 0.632812 0.728516 0.635742 0.726562
0 0.377930 0.487305 0.383789 0.487305 0.385742 0.483398 0.380859 0.483398
0 0.306641 0.393555 0.308594 0.398438 0.315430 0.400391 0.311523 0.393555
0 0.306641 0.835938 0.307617 0.843750 0.311523 0.845703 0.312500 0.840820
0 0.336914 0.874023 0.336914 0.882812 0.338867 0.884766 0.340820 0.875000
0 0.872070 0.752930 0.872070 0.754883 0.877930 0.756836 0.883789 0.754883 0.882812 0.750977
0 0.915039 0.131836 0.921875 0.132812 0.926758 0.127930 0.918945 0.126953
0 0.329102 0.854492 0.328125 0.859375 0.332031 0.863281 0.332031 0.856445
0 0.369141 0.889648 0.364258 0.891602 0.362305 0.899414 0.368164 0.896484
0 0.680664 0.855469 0.684570 0.859375 0.691406 0.858398 0.691406 0.855469 0.686523 0.853516
0 0.263672 0.242188 0.258789 0.243164 0.254883 0.250977 0.261719 0.248047
0 0.659180 0.609375 0.660156 0.612305 0.666016 0.615234 0.671875 0.612305 0.666992 0.608398
0 0.885742 0.896484 0.879883 0.899414 0.879883 0.906250 0.885742 0.901367
0 0.895508 0.812500 0.897461 0.815430 0.905273 0.814453 0.903320 0.811523
0 0.490234 0.131836 0.493164 0.133789 0.500977 0.132812 0.500000 0.129883 0.495117 0.128906
0 0.914062 0.285156 0.920898 0.286133 0.924805 0.281250 0.917969 0.281250
0 0.973633 0.293945 0.969727 0.298828 0.969727 0.303711 0.974609 0.301758 0.975586 0.295898
0 0.833008 0.954102 0.825195 0.954102 0.823242 0.958008 0.832031 0.958008
0 0.116211 0.126953 0.115234 0.131836 0.118164 0.136719 0.119141 0.128906
0 0.990234 0.615234 0.984375 0.618164 0.983398 0.625977 0.989258 0.622070