0 0.515625 0.147461 0.515625 0.155273 0.519531 0.157227 0.519531 0.148438
0 0.504883 0.162109 0.500977 0.162109 0.498047 0.165039 0.497070 0.171875 0.502930 0.168945
0 0.252930 0.419922 0.248047 0.422852 0.248047 0.429688 0.252930 0.426758
0 0.576172 0.327148 0.576172 0.335938 0.579102 0.339844 0.581055 0.337891 0.581055 0.331055
0 0.250000 0.155273 0.251953 0.161133 0.257812 0.164062 0.261719 0.163086 0.257812 0.157227
0 0.180664 0.529297 0.175781 0.530273 0.172852 0.534180 0.177734 0.534180
0 0.008789 0.584961 0.007812 0.588867 0.012695 0.593750 0.012695 0.587891
0 0.034180 0.769531 0.030273 0.771484 0.030273 0.779297 0.034180 0.776367
0 0.211914 0.583984 0.215820 0.588867 0.219727 0.589844 0.222656 0.587891 0.218750 0.583008
0 0.484375 0.294922 0.481445 0.294922 0.479492 0.297852 0.482422 0.307617 0.485352 0.301758
0 0.176758 0.437500 0.180664 0.440430 0.188477 0.439453 0.185547 0.435547 0.178711 0.435547
0 0.437500 0.284180 0.440430 0.289062 0.446289 0.290039 0.442383 0.283203
0 0.160156 0.680664 0.162109 0.686523 0.167969 0.687500 0.165039 0.681641
0 0.816406 0.732422 0.816406 0.734375 0.822266 0.736328 0.828125 0.734375 0.827148 0.730469
0 0.647461 0.576172 0.646484 0.584961 0.649414 0.586914 0.650391 0.578125
0 0.331055 0.506836 0.334961 0.510742 0.341797 0.509766 0.339844 0.506836
0 0.701172 0.110352 0.708984 0.110352 0.711914 0.108398 0.711914 0.105469 0.703125 0.105469
0 0.682617 0.226562 0.676758 0.228516 0.674805 0.235352 0.682617 0.230469
0 0.627930 0.698242 0.634766 0.698242 0.638672 0.694336 0.630859 0.693359
0 0.510742 0.760742 0.502930 0.761719 0.500000 0.766602 0.508789 0.765625
0 0.122070 0.709961 0.118164 0.710938 0.117188 0.719727 0.121094 0.717773
0 0.852539 0.420898 0.846680 0.424805 0.845703 0.430664 0.850586 0.429688
0 0.447266 0.030273 0.450195 0.035156 0.458008 0.035156 0.456055 0.031250
0 0.013672 0.194336 0.015625 0.200195 0.020508 0.204102 0.020508 0.197266 0.017578 0.194336
0 0.266602 0.473633 0.263672 0.473633 0.260742 0.477539 0.260742 0.486328 0.267578 0.479492
0 0.124023 0.768555 0.117188 0.772461 0.115234 0.778320 0.123047 0.774414
0 0.272461 0.801758 0.275391 0.807617 0.281250 0.808594 0.278320 0.802734
0 0.593750 0.223633 0.585938 0.223633 0.580078 0.231445 0.588867 0.230469
0 0.750000 0.193359 0.750977 0.196289 0.757812 0.196289 0.760742 0.194336 0.760742 0.191406
0 0.853516 0.374023 0.853516 0.377930 0.862305 0.380859 0.859375 0.375000
0 0.069336 0.483398 0.062500 0.483398 0.058594 0.487305 0.064453 0.488281
0 0.882812 0.670898 0.882812 0.673828 0.885742 0.675781 0.891602 0.674805 0.887695 0.670898
0 0.508789 0.409180 0.508789 0.416016 0.513672 0.418945 0.512695 0.411133
0 0.312500 0.197266 0.308594 0.202148 0.309570 0.207031 0.313477 0.205078
0 0.848633 0.737305 0.841797 0.738281 0.839844 0.743164 0.844727 0.743164
0 0.637695 0.162109 0.643555 0.165039 0.650391 0.164062 0.648438 0.160156
0 0.695312 0.400391 0.697266 0.409180 0.701172 0.410156 0.699219 0.400391
0 0.228516 0.583984 0.233398 0.587891 0.241211 0.586914 0.241211 0.583984 0.238281 0.582031
0 0.630859 0.589844 0.628906 0.596680 0.631836 0.602539 0.633789 0.602539 0.634766 0.594727
0 0.015625 0.373047 0.011719 0.377930 0.011719 0.385742 0.014648 0.389648 0.017578 0.383789
0 0.542969 0.762695 0.542969 0.771484 0.544922 0.774414 0.547852 0.774414 0.547852 0.766602
0 0.898438 0.709961 0.893555 0.711914 0.891602 0.720703 0.898438 0.716797
0 0.041992 0.495117 0.041992 0.497070 0.046875 0.499023 0.051758 0.497070 0.049805 0.493164
0 0.125000 0.210938 0.127930 0.216797 0.131836 0.217773 0.134766 0.215820 0.132812 0.211914
0 0.934570 0.629883 0.934570 0.634766 0.941406 0.638672 0.939453 0.631836
0 0.478516 0.425781 0.471680 0.429688 0.470703 0.438477 0.477539 0.434570 0.479492 0.430664
0 0.026367 0.808594 0.021484 0.810547 0.021484 0.818359 0.023438 0.820312 0.026367 0.815430
0 0.173828 0.688477 0.175781 0.699219 0.177734 0.690430
0 0.091797 0.155273 0.096680 0.161133 0.104492 0.160156 0.100586 0.156250