0 0.225586 0.041992 0.220703 0.041992 0.216797 0.045898 0.221680 0.046875
0 0.127930 0.542969 0.128906 0.547852 0.133789 0.550781 0.132812 0.544922
0 0.694336 0.962891 0.689453 0.965820 0.689453 0.975586 0.694336 0.970703
0 0.642578 0.811523 0.638672 0.810547 0.635742 0.812500 0.632812 0.819336 0.640625 0.816406
0 0.727539 0.597656 0.723633 0.600586 0.722656 0.607422 0.727539 0.605469
0 0.426758 0.007812 0.420898 0.011719 0.419922 0.021484 0.425781 0.016602
0 0.141602 0.714844 0.136719 0.717773 0.137695 0.727539 0.139648 0.727539 0.142578 0.720703
0 0.568359 0.729492 0.562500 0.732422 0.562500 0.741211 0.567383 0.736328
0 0.476562 0.773438 0.472656 0.773438 0.469727 0.776367 0.468750 0.785156 0.474609 0.782227
0 0.499023 0.203125 0.500977 0.206055 0.507812 0.205078 0.505859 0.202148
0 0.662109 0.841797 0.664062 0.844727 0.672852 0.843750 0.668945 0.839844
0 0.458008 0.879883 0.455078 0.883789 0.455078 0.890625 0.458008 0.890625 0.459961 0.886719
0 0.448242 0.433594 0.451172 0.439453 0.459961 0.440430 0.455078 0.433594
0 0.945312 0.841797 0.943359 0.839844 0.939453 0.840820 0.934570 0.847656 0.942383 0.846680
0 0.684570 0.302734 0.678711 0.303711 0.674805 0.312500 0.681641 0.310547
0 0.005859 0.697266 0.007812 0.701172 0.014648 0.702148 0.013672 0.698242
0 0.272461 0.757812 0.268555 0.758789 0.266602 0.767578 0.271484 0.765625
0 0.606445 0.856445 0.609375 0.861328 0.615234 0.862305 0.611328 0.855469
0 0.770508 0.335938 0.771484 0.340820 0.777344 0.343750 0.778320 0.339844
0 0.390625 0.106445 0.401367 0.107422 0.404297 0.105469 0.404297 0.102539 0.394531 0.102539
0 0.522461 0.589844 0.523438 0.592773 0.530273 0.593750 0.535156 0.591797 0.536133 0.587891 0.528320 0.586914
0 0.360352 0.213867 0.357422 0.214844 0.355469 0.219727 0.357422 0.225586 0.361328 0.222656
0 0.969727 0.267578 0.971680 0.269531 0.979492 0.268555 0.978516 0.265625
0 0.831055 0.178711 0.829102 0.185547 0.833008 0.189453 0.833984 0.180664
0 0.023438 0.096680 0.021484 0.105469 0.025391 0.109375 0.027344 0.100586
0 0.493164 0.960938 0.500000 0.960938 0.504883 0.956055 0.496094 0.955078 0.493164 0.957031
0 0.660156 0.229492 0.655273 0.230469 0.651367 0.237305 0.655273 0.238281 0.658203 0.236328
0 0.930664 0.083984 0.926758 0.086914 0.928711 0.093750 0.931641 0.088867
0 0.546875 0.141602 0.542969 0.142578 0.543945 0.154297 0.547852 0.150391
0 0.662109 0.492188 0.658203 0.496094 0.658203 0.501953 0.662109 0.499023
0 0.666992 0.576172 0.660156 0.576172 0.656250 0.583984 0.665039 0.582031
0 0.931641 0.644531 0.926758 0.647461 0.924805 0.655273 0.927734 0.655273 0.932617 0.649414
0 0.882812 0.012695 0.885742 0.018555 0.892578 0.020508 0.888672 0.013672
0 0.436523 0.479492 0.436523 0.483398 0.439453 0.486328 0.446289 0.487305 0.442383 0.480469
0 0.437500 0.269531 0.429688 0.267578 0.422852 0.270508 0.421875 0.273438 0.431641 0.274414
0 0.135742 0.296875 0.142578 0.297852 0.147461 0.294922 0.147461 0.291992 0.139648 0.291992
0 0.128906 0.167969 0.128906 0.176758 0.133789 0.180664 0.133789 0.170898 0.131836 0.167969
0 0.198242 0.067383 0.200195 0.071289 0.208984 0.069336 0.206055 0.066406
0 0.335938 0.799805 0.335938 0.801758 0.342773 0.801758 0.344727 0.797852
0 0.308594 0.584961 0.304688 0.585938 0.303711 0.594727 0.307617 0.591797
0 0.971680 0.853516 0.972656 0.860352 0.980469 0.864258 0.977539 0.856445
0 0.319336 0.405273 0.323242 0.409180 0.329102 0.407227 0.328125 0.404297
0 0.889648 0.314453 0.888672 0.321289 0.892578 0.325195 0.893555 0.317383 0.892578 0.314453
0 0.908203 0.843750 0.909180 0.849609 0.916016 0.853516 0.914062 0.845703
0 0.342773 0.983398 0.336914 0.984375 0.333984 0.990234 0.339844 0.989258
0 0.654297 0.195312 0.648438 0.192383 0.642578 0.194336 0.641602 0.197266 0.648438 0.199219 0.654297 0.197266
0 0.617188 0.872070 0.618164 0.875977 0.623047 0.879883 0.624023 0.875000
0 0.333008 0.104492 0.327148 0.106445 0.325195 0.113281 0.332031 0.110352
0 0.926758 0.720703 0.922852 0.720703 0.917969 0.728516 0.924805 0.726562
0 0.252930 0.852539 0.243164 0.854492 0.242188 0.858398 0.247070 0.859375 0.250977 0.857422
0 0.358398 0.040039 0.352539 0.042969 0.352539 0.048828 0.358398 0.043945
0 0.909180 0.280273 0.909180 0.286133 0.913086 0.289062 0.914062 0.283203 0.912109 0.280273
0 0.371094 0.113281 0.370117 0.124023 0.373047 0.125977 0.375000 0.114258
0 0.479492 0.931641 0.484375 0.932617 0.489258 0.927734 0.483398 0.926758 0.479492 0.928711
0 0.981445 0.220703 0.981445 0.225586 0.986328 0.228516 0.985352 0.221680
0 0.497070 0.162109 0.492188 0.164062 0.490234 0.172852 0.497070 0.168945
0 0.781250 0.422852 0.776367 0.422852 0.772461 0.427734 0.780273 0.425781
0 0.456055 0.763672 0.458008 0.766602 0.467773 0.766602 0.465820 0.762695
0 0.791992 0.679688 0.787109 0.681641 0.786133 0.690430 0.791016 0.687500
0 0.836914 0.328125 0.837891 0.336914 0.843750 0.339844 0.842773 0.331055
0 0.638672 0.258789 0.631836 0.258789 0.627930 0.264648 0.635742 0.263672
0 0.451172 0.316406 0.446289 0.320312 0.447266 0.328125 0.451172 0.322266