0 0.192383 0.024414 0.200195 0.024414 0.203125 0.021484 0.196289 0.020508
0 0.598633 0.101562 0.592773 0.104492 0.591797 0.110352 0.598633 0.105469
0 0.354492 0.555664 0.350586 0.555664 0.347656 0.561523 0.352539 0.559570
0 0.520508 0.059570 0.518555 0.061523 0.519531 0.064453 0.525391 0.069336 0.524414 0.061523
0 0.054688 0.869141 0.054688 0.875977 0.058594 0.879883 0.059570 0.872070 0.057617 0.869141
0 0.616211 0.951172 0.616211 0.957031 0.625000 0.960938 0.625000 0.956055 0.621094 0.952148
0 0.697266 0.687500 0.695312 0.689453 0.696289 0.700195 0.699219 0.700195 0.700195 0.690430
0 0.821289 0.141602 0.823242 0.148438 0.829102 0.150391 0.829102 0.145508 0.825195 0.141602
0 0.543945 0.810547 0.545898 0.815430 0.554688 0.818359 0.552734 0.812500
0 0.504883 0.796875 0.500977 0.796875 0.497070 0.804688 0.502930 0.802734
0 0.857422 0.887695 0.850586 0.890625 0.848633 0.896484 0.854492 0.895508
0 0.321289 0.591797 0.326172 0.598633 0.332031 0.598633 0.331055 0.593750
0 0.929688 0.762695 0.927734 0.772461 0.929688 0.777344 0.933594 0.778320 0.934570 0.768555 0.932617 0.763672
0 0.025391 0.384766 0.027344 0.387695 0.034180 0.385742 0.033203 0.382812
0 0.958984 0.421875 0.952148 0.422852 0.949219 0.430664 0.954102 0.430664
0 0.118164 0.194336 0.112305 0.197266 0.111328 0.206055 0.118164 0.200195
0 0.089844 0.968750 0.091797 0.973633 0.101562 0.974609 0.100586 0.970703
0 0.488281 0.459961 0.490234 0.463867 0.499023 0.461914 0.498047 0.458984
0 0.628906 0.151367 0.633789 0.157227 0.638672 0.157227 0.635742 0.152344
0 0.161133 0.406250 0.166016 0.414062 0.171875 0.414062 0.168945 0.408203
0 0.064453 0.513672 0.060547 0.512695 0.054688 0.518555 0.063477 0.518555
0 0.570312 0.554688 0.569336 0.557617 0.572266 0.565430 0.574219 0.563477 0.574219 0.556641
0 0.717773 0.149414 0.717773 0.152344 0.726562 0.153320 0.725586 0.149414
0 0.398438 0.565430 0.399414 0.571289 0.405273 0.574219 0.405273 0.569336
0 0.036133 0.208984 0.037109 0.211914 0.046875 0.209961 0.045898 0.207031
0 0.810547 0.382812 0.813477 0.385742 0.821289 0.384766 0.818359 0.380859
0 0.822266 0.294922 0.829102 0.294922 0.831055 0.291016 0.825195 0.291016
0 0.514648 0.833984 0.518555 0.834961 0.524414 0.831055 0.517578 0.830078
0 0.061523 0.276367 0.057617 0.277344 0.055664 0.285156 0.062500 0.281250
0 0.077148 0.389648 0.077148 0.392578 0.082031 0.394531 0.089844 0.393555 0.089844 0.390625 0.086914 0.388672
0 0.825195 0.851562 0.826172 0.854492 0.831055 0.856445 0.837891 0.854492 0.830078 0.849609
0 0.818359 0.619141 0.819336 0.626953 0.823242 0.627930 0.822266 0.621094
0 0.324219 0.929688 0.333008 0.929688 0.336914 0.925781 0.328125 0.923828 0.324219 0.925781
0 0.169922 0.436523 0.160156 0.437500 0.157227 0.443359 0.166016 0.442383
0 0.350586 0.055664 0.346680 0.062500 0.348633 0.069336 0.353516 0.064453
0 0.458984 0.218750 0.460938 0.223633 0.467773 0.227539 0.468750 0.223633 0.466797 0.220703
0 0.225586 0.884766 0.225586 0.886719 0.236328 0.885742 0.235352 0.882812
0 0.322266 0.725586 0.317383 0.727539 0.314453 0.735352 0.321289 0.733398
0 0.615234 0.844727 0.614258 0.851562 0.617188 0.854492 0.619141 0.847656
0 0.872070 0.422852 0.877930 0.429688 0.886719 0.428711 0.882812 0.423828
0 0.326172 0.200195 0.330078 0.204102 0.337891 0.201172 0.335938 0.198242
0 0.520508 0.595703 0.522461 0.597656 0.530273 0.596680 0.529297 0.593750
0 0.419922 0.160156 0.421875 0.165039 0.428711 0.166016 0.425781 0.161133
0 0.298828 0.588867 0.300781 0.598633 0.305664 0.600586 0.305664 0.593750
0 0.388672 0.827148 0.390625 0.832031 0.399414 0.833008 0.396484 0.828125
0 0.314453 0.537109 0.320312 0.541992 0.325195 0.541992 0.325195 0.539062 0.321289 0.536133
0 0.139648 0.927734 0.137695 0.934570 0.140625 0.937500 0.142578 0.930664
0 0.093750 0.537109 0.086914 0.538086 0.084961 0.541992 0.090820 0.541992
0 0.122070 0.448242 0.122070 0.451172 0.125000 0.453125 0.130859 0.452148 0.125977 0.448242
0 0.453125 0.981445 0.449219 0.984375 0.449219 0.991211 0.452148 0.995117 0.455078 0.990234 0.455078 0.983398
0 0.021484 0.096680 0.017578 0.096680 0.012695 0.101562 0.012695 0.106445 0.021484 0.101562
0 0.870117 0.739258 0.871094 0.743164 0.879883 0.743164 0.875000 0.739258
0 0.792969 0.831055 0.789062 0.833984 0.791016 0.843750 0.794922 0.836914
0 0.737305 0.500977 0.731445 0.503906 0.730469 0.512695 0.738281 0.507812