0 0.605469 0.524414 0.600586 0.528320 0.602539 0.538086 0.604492 0.538086 0.606445 0.533203
0 0.469727 0.306641 0.463867 0.308594 0.461914 0.315430 0.469727 0.310547
0 0.195312 0.316406 0.190430 0.319336 0.190430 0.326172 0.196289 0.321289
0 0.020508 0.156250 0.014648 0.159180 0.013672 0.165039 0.018555 0.164062
0 0.166016 0.086914 0.161133 0.090820 0.161133 0.097656 0.164062 0.097656 0.166016 0.094727
0 0.776367 0.762695 0.769531 0.764648 0.767578 0.772461 0.775391 0.767578
0 0.363281 0.375000 0.368164 0.375977 0.372070 0.371094 0.366211 0.371094
0 0.761719 0.646484 0.761719 0.653320 0.765625 0.658203 0.767578 0.655273 0.766602 0.650391
0 0.747070 0.794922 0.748047 0.798828 0.754883 0.800781 0.752930 0.795898
0 0.375000 0.567383 0.376953 0.572266 0.385742 0.573242 0.383789 0.569336
0 0.613281 0.880859 0.616211 0.884766 0.622070 0.884766 0.620117 0.880859
0 0.684570 0.226562 0.692383 0.227539 0.695312 0.224609 0.686523 0.222656
0 0.524414 0.506836 0.522461 0.515625 0.524414 0.520508 0.526367 0.520508 0.528320 0.508789
0 0.318359 0.792969 0.320312 0.796875 0.328125 0.797852 0.324219 0.792969
0 0.224609 0.694336 0.223633 0.698242 0.230469 0.702148 0.229492 0.697266
0 0.060547 0.391602 0.063477 0.394531 0.070312 0.392578 0.066406 0.389648
0 0.393555 0.753906 0.389648 0.756836 0.389648 0.763672 0.393555 0.760742
0 0.204102 0.371094 0.206055 0.375000 0.215820 0.374023 0.211914 0.370117
0 0.925781 0.964844 0.920898 0.963867 0.916016 0.968750 0.923828 0.967773
0 0.260742 0.743164 0.259766 0.748047 0.263672 0.753906 0.265625 0.749023 0.263672 0.744141
0 0.318359 0.225586 0.310547 0.226562 0.306641 0.232422 0.316406 0.230469
0 0.709961 0.242188 0.712891 0.246094 0.721680 0.246094 0.720703 0.242188
0 0.956055 0.646484 0.950195 0.645508 0.946289 0.647461 0.946289 0.650391 0.952148 0.650391
0 0.568359 0.218750 0.569336 0.226562 0.576172 0.230469 0.577148 0.227539 0.574219 0.220703
0 0.032227 0.264648 0.025391 0.262695 0.017578 0.266602 0.017578 0.268555 0.025391 0.269531
0 0.826172 0.969727 0.828125 0.974609 0.833984 0.975586 0.832031 0.970703
0 0.889648 0.479492 0.886719 0.479492 0.882812 0.484375 0.882812 0.494141 0.889648 0.486328
0 0.106445 0.207031 0.101562 0.208984 0.099609 0.215820 0.105469 0.212891
0 0.198242 0.727539 0.199219 0.734375 0.203125 0.735352 0.202148 0.729492