0 0.396484 0.390625 0.396484 0.395508 0.401367 0.398438 0.400391 0.392578
0 0.842773 0.848633 0.840820 0.856445 0.843750 0.858398 0.845703 0.853516
0 0.157227 0.972656 0.153320 0.973633 0.152344 0.982422 0.157227 0.979492
0 0.234375 0.911133 0.238281 0.919922 0.245117 0.920898 0.242188 0.914062
0 0.205078 0.876953 0.210938 0.880859 0.217773 0.879883 0.214844 0.875977
0 0.204102 0.153320 0.200195 0.155273 0.199219 0.163086 0.205078 0.160156 0.206055 0.156250
0 0.317383 0.375000 0.319336 0.377930 0.326172 0.378906 0.326172 0.375977 0.323242 0.374023
0 0.525391 0.949219 0.528320 0.957031 0.533203 0.958984 0.532227 0.953125
0 0.099609 0.603516 0.091797 0.604492 0.088867 0.610352 0.098633 0.607422
0 0.532227 0.318359 0.535156 0.322266 0.543945 0.322266 0.543945 0.319336 0.541016 0.317383
0 0.178711 0.837891 0.178711 0.841797 0.185547 0.846680 0.191406 0.845703 0.186523 0.839844
0 0.158203 0.171875 0.160156 0.176758 0.166992 0.177734 0.165039 0.173828
0 0.582031 0.330078 0.575195 0.332031 0.572266 0.338867 0.579102 0.336914 0.583008 0.332031
0 0.597656 0.651367 0.592773 0.651367 0.588867 0.657227 0.594727 0.656250
0 0.651367 0.166016 0.646484 0.165039 0.641602 0.166992 0.641602 0.168945 0.648438 0.170898
0 0.252930 0.130859 0.254883 0.136719 0.259766 0.137695 0.258789 0.132812
0 0.271484 0.714844 0.272461 0.717773 0.282227 0.718750 0.280273 0.713867
0 0.595703 0.173828 0.591797 0.174805 0.588867 0.182617 0.594727 0.179688
0 0.155273 0.845703 0.151367 0.847656 0.151367 0.853516 0.154297 0.857422 0.156250 0.854492
0 0.476562 0.333008 0.481445 0.336914 0.486328 0.334961 0.484375 0.332031
0 0.941406 0.147461 0.939453 0.145508 0.929688 0.148438 0.929688 0.152344 0.936523 0.151367
0 0.800781 0.598633 0.791992 0.600586 0.791992 0.603516 0.798828 0.603516
0 0.128906 0.854492 0.131836 0.861328 0.140625 0.862305 0.137695 0.856445
0 0.824219 0.176758 0.818359 0.176758 0.814453 0.182617 0.822266 0.180664
0 0.291992 0.195312 0.291016 0.203125 0.294922 0.205078 0.295898 0.199219
0 0.578125 0.095703 0.575195 0.095703 0.573242 0.099609 0.573242 0.104492 0.576172 0.108398 0.579102 0.101562
0 0.517578 0.915039 0.522461 0.922852 0.527344 0.924805 0.531250 0.922852 0.526367 0.916016 0.522461 0.914062
0 0.173828 0.696289 0.176758 0.700195 0.180664 0.701172 0.179688 0.696289
0 0.805664 0.281250 0.806641 0.284180 0.817383 0.285156 0.815430 0.281250
0 0.779297 0.795898 0.779297 0.803711 0.781250 0.806641 0.784180 0.806641 0.784180 0.799805
0 0.141602 0.513672 0.133789 0.515625 0.131836 0.520508 0.137695 0.520508
0 0.709961 0.319336 0.708984 0.327148 0.713867 0.330078 0.714844 0.324219
0 0.293945 0.345703 0.294922 0.349609 0.302734 0.351562 0.300781 0.346680
0 0.944336 0.485352 0.936523 0.485352 0.932617 0.493164 0.940430 0.491211
0 0.010742 0.081055 0.009766 0.088867 0.012695 0.090820 0.014648 0.083008
0 0.967773 0.751953 0.966797 0.760742 0.970703 0.765625 0.972656 0.757812 0.969727 0.751953
0 0.562500 0.695312 0.563477 0.701172 0.571289 0.705078 0.569336 0.698242
0 0.469727 0.039062 0.473633 0.042969 0.478516 0.042969 0.475586 0.038086
0 0.043945 0.091797 0.043945 0.100586 0.045898 0.103516 0.048828 0.103516 0.049805 0.097656
0 0.014648 0.954102 0.015625 0.958984 0.018555 0.961914 0.022461 0.961914 0.022461 0.958008 0.018555 0.954102
0 0.450195 0.255859 0.444336 0.256836 0.441406 0.263672 0.446289 0.262695
0 0.801758 0.924805 0.798828 0.925781 0.797852 0.930664 0.800781 0.936523 0.802734 0.932617
0 0.101562 0.087891 0.100586 0.093750 0.104492 0.097656 0.105469 0.091797
0 0.200195 0.836914 0.201172 0.841797 0.210938 0.842773 0.208984 0.838867
0 0.693359 0.033203 0.685547 0.032227 0.682617 0.036133 0.691406 0.037109
0 0.897461 0.514648 0.894531 0.514648 0.892578 0.517578 0.892578 0.526367 0.896484 0.523438
0 0.817383 0.789062 0.817383 0.791992 0.820312 0.793945 0.828125 0.792969 0.824219 0.789062
0 0.025391 0.327148 0.027344 0.332031 0.032227 0.332031 0.031250 0.328125
0 0.847656 0.323242 0.858398 0.324219 0.863281 0.320312 0.853516 0.318359 0.848633 0.320312
0 0.335938 0.640625 0.331055 0.641602 0.327148 0.648438 0.334961 0.645508
0 0.369141 0.502930 0.363281 0.503906 0.359375 0.508789 0.360352 0.510742 0.365234 0.509766
0 0.527344 0.437500 0.519531 0.438477 0.516602 0.443359 0.525391 0.442383
0 0.855469 0.915039 0.853516 0.920898 0.857422 0.924805 0.859375 0.917969
0 0.444336 0.519531 0.438477 0.522461 0.437500 0.527344 0.443359 0.525391
0 0.713867 0.109375 0.720703 0.109375 0.723633 0.105469 0.717773 0.105469
0 0.437500 0.613281 0.434570 0.613281 0.432617 0.616211 0.433594 0.622070 0.437500 0.617188
0 0.117188 0.399414 0.113281 0.404297 0.114258 0.410156 0.119141 0.406250 0.119141 0.400391
0 0.714844 0.562500 0.724609 0.564453 0.728516 0.560547 0.720703 0.557617 0.715820 0.559570
0 0.437500 0.010742 0.439453 0.019531 0.443359 0.021484 0.442383 0.012695
0 0.148438 0.340820 0.155273 0.341797 0.158203 0.337891 0.152344 0.336914
0 0.629883 0.009766 0.632812 0.013672 0.641602 0.011719 0.641602 0.009766 0.634766 0.007812
0 0.081055 0.783203 0.083008 0.787109 0.092773 0.785156 0.091797 0.782227
0 0.081055 0.612305 0.076172 0.614258 0.075195 0.623047 0.079102 0.621094
0 0.461914 0.409180 0.464844 0.413086 0.472656 0.412109 0.472656 0.410156 0.467773 0.408203