0 0.333984 0.590820 0.328125 0.590820 0.324219 0.594727 0.323242 0.599609 0.331055 0.596680
0 0.873047 0.089844 0.874023 0.095703 0.879883 0.098633 0.877930 0.090820
0 0.404297 0.929688 0.399414 0.931641 0.398438 0.937500 0.405273 0.933594
0 0.352539 0.063477 0.351562 0.071289 0.355469 0.075195 0.356445 0.065430
0 0.242188 0.338867 0.236328 0.339844 0.233398 0.345703 0.240234 0.343750
0 0.299805 0.739258 0.290039 0.741211 0.289062 0.745117 0.297852 0.744141
0 0.537109 0.252930 0.539062 0.258789 0.543945 0.259766 0.542969 0.254883
0 0.625000 0.010742 0.624023 0.021484 0.627930 0.023438 0.629883 0.014648 0.627930 0.010742
0 0.844727 0.015625 0.848633 0.019531 0.857422 0.019531 0.857422 0.016602 0.854492 0.014648
0 0.643555 0.339844 0.645508 0.342773 0.653320 0.342773 0.655273 0.340820 0.649414 0.337891
0 0.350586 0.432617 0.353516 0.436523 0.361328 0.436523 0.360352 0.432617
0 0.858398 0.320312 0.861328 0.324219 0.866211 0.325195 0.865234 0.321289
0 0.069336 0.516602 0.070312 0.522461 0.076172 0.526367 0.075195 0.519531
0 0.733398 0.108398 0.733398 0.116211 0.741211 0.120117 0.739258 0.111328
0 0.333008 0.370117 0.330078 0.370117 0.327148 0.375977 0.329102 0.382812 0.333008 0.378906
0 0.018555 0.762695 0.013672 0.765625 0.013672 0.775391 0.018555 0.771484
0 0.041992 0.137695 0.044922 0.143555 0.048828 0.145508 0.055664 0.144531 0.054688 0.140625
0 0.097656 0.375977 0.097656 0.378906 0.101562 0.380859 0.110352 0.379883 0.103516 0.375000
0 0.820312 0.725586 0.821289 0.732422 0.826172 0.735352 0.825195 0.727539
0 0.575195 0.686523 0.576172 0.689453 0.580078 0.690430 0.586914 0.688477 0.583984 0.684570
0 0.427734 0.885742 0.425781 0.891602 0.427734 0.897461 0.429688 0.897461 0.430664 0.886719
0 0.271484 0.070312 0.271484 0.078125 0.275391 0.080078 0.275391 0.072266
0 0.926758 0.671875 0.921875 0.672852 0.917969 0.680664 0.922852 0.679688
0 0.856445 0.214844 0.850586 0.216797 0.848633 0.221680 0.854492 0.220703
0 0.137695 0.854492 0.133789 0.857422 0.133789 0.866211 0.139648 0.860352 0.139648 0.855469
0 0.816406 0.013672 0.816406 0.016602 0.819336 0.018555 0.826172 0.017578 0.821289 0.013672
0 0.433594 0.638672 0.434570 0.642578 0.445312 0.641602 0.441406 0.637695
0 0.665039 0.245117 0.661133 0.248047 0.660156 0.255859 0.666992 0.249023
0 0.913086 0.211914 0.913086 0.214844 0.916992 0.216797 0.923828 0.214844 0.918945 0.210938
0 0.242188 0.008789 0.241211 0.016602 0.244141 0.017578 0.244141 0.009766
0 0.486328 0.842773 0.488281 0.849609 0.494141 0.851562 0.493164 0.845703
0 0.762695 0.317383 0.754883 0.318359 0.751953 0.325195 0.761719 0.321289
0 0.782227 0.251953 0.787109 0.256836 0.792969 0.256836 0.792969 0.253906 0.790039 0.251953
0 0.763672 0.651367 0.763672 0.657227 0.768555 0.662109 0.769531 0.654297
0 0.368164 0.693359 0.367188 0.698242 0.372070 0.704102 0.373047 0.698242
0 0.289062 0.459961 0.292969 0.463867 0.300781 0.461914 0.298828 0.458984
0 0.425781 0.245117 0.429688 0.249023 0.438477 0.248047 0.437500 0.245117 0.431641 0.243164
0 0.168945 0.432617 0.172852 0.436523 0.179688 0.434570 0.175781 0.431641
0 0.399414 0.409180 0.402344 0.413086 0.411133 0.413086 0.405273 0.407227
0 0.192383 0.050781 0.190430 0.052734 0.190430 0.059570 0.194336 0.064453 0.196289 0.053711
0 0.603516 0.771484 0.595703 0.772461 0.593750 0.777344 0.599609 0.777344
0 0.892578 0.187500 0.888672 0.189453 0.887695 0.197266 0.893555 0.194336 0.894531 0.190430
0 0.809570 0.378906 0.812500 0.384766 0.821289 0.385742 0.816406 0.378906
0 0.121094 0.681641 0.123047 0.685547 0.132812 0.685547 0.128906 0.680664
0 0.179688 0.333008 0.180664 0.335938 0.185547 0.335938 0.189453 0.333984 0.189453 0.331055
0 0.396484 0.190430 0.391602 0.191406 0.390625 0.199219 0.395508 0.196289
0 0.482422 0.297852 0.475586 0.298828 0.473633 0.304688 0.479492 0.302734
0 0.358398 0.331055 0.350586 0.335938 0.350586 0.340820 0.357422 0.337891
0 0.863281 0.331055 0.865234 0.338867 0.872070 0.342773 0.869141 0.333008
0 0.309570 0.708008 0.301758 0.708008 0.296875 0.712891 0.296875 0.715820 0.304688 0.714844
0 0.171875 0.923828 0.172852 0.928711 0.178711 0.932617 0.178711 0.927734
0 0.130859 0.975586 0.137695 0.976562 0.141602 0.972656 0.133789 0.971680
0 0.245117 0.684570 0.247070 0.689453 0.255859 0.689453 0.250977 0.684570
0 0.394531 0.732422 0.401367 0.732422 0.404297 0.728516 0.396484 0.728516
0 0.584961 0.804688 0.581055 0.809570 0.582031 0.816406 0.583984 0.816406 0.586914 0.809570
0 0.025391 0.979492 0.031250 0.985352 0.039062 0.983398 0.035156 0.979492
0 0.172852 0.679688 0.173828 0.683594 0.183594 0.683594 0.180664 0.679688
0 0.296875 0.173828 0.295898 0.180664 0.299805 0.186523 0.301758 0.178711
0 0.296875 0.127930 0.296875 0.135742 0.300781 0.137695 0.300781 0.129883
0 0.098633 0.918945 0.093750 0.921875 0.091797 0.927734 0.093750 0.930664 0.100586 0.922852
0 0.033203 0.455078 0.033203 0.461914 0.037109 0.465820 0.037109 0.456055
0 0.125977 0.255859 0.125977 0.263672 0.128906 0.264648 0.129883 0.260742
0 0.222656 0.054688 0.222656 0.060547 0.231445 0.064453 0.231445 0.059570 0.227539 0.055664
0 0.817383 0.738281 0.816406 0.742188 0.823242 0.746094 0.822266 0.741211
0 0.882812 0.298828 0.872070 0.301758 0.872070 0.304688 0.878906 0.304688
0 0.491211 0.481445 0.499023 0.483398 0.503906 0.480469 0.500977 0.477539 0.497070 0.477539
0 0.808594 0.643555 0.807617 0.648438 0.810547 0.653320 0.812500 0.647461
0 0.673828 0.686523 0.669922 0.689453 0.669922 0.697266 0.674805 0.692383
0 0.109375 0.496094 0.105469 0.495117 0.098633 0.499023 0.107422 0.500000
0 0.463867 0.506836 0.468750 0.511719 0.475586 0.509766 0.472656 0.505859