0 0.217773 0.482422 0.219727 0.486328 0.228516 0.486328 0.224609 0.482422
0 0.751953 0.516602 0.756836 0.517578 0.761719 0.514648 0.753906 0.513672
0 0.593750 0.693359 0.602539 0.692383 0.604492 0.688477 0.597656 0.687500 0.593750 0.690430
0 0.701172 0.222656 0.701172 0.230469 0.704102 0.234375 0.707031 0.234375 0.708008 0.229492 0.704102 0.222656
0 0.305664 0.820312 0.313477 0.821289 0.316406 0.817383 0.310547 0.816406
0 0.400391 0.334961 0.393555 0.338867 0.393555 0.343750 0.400391 0.338867
0 0.756836 0.848633 0.759766 0.854492 0.764648 0.855469 0.764648 0.851562 0.761719 0.848633
0 0.354492 0.092773 0.348633 0.093750 0.344727 0.099609 0.352539 0.098633
0 0.216797 0.646484 0.220703 0.649414 0.228516 0.648438 0.225586 0.644531 0.218750 0.644531
0 0.503906 0.882812 0.505859 0.886719 0.514648 0.889648 0.515625 0.887695 0.511719 0.882812 0.507812 0.880859
0 0.544922 0.632812 0.544922 0.636719 0.549805 0.642578 0.548828 0.633789
0 0.657227 0.091797 0.652344 0.092773 0.650391 0.099609 0.658203 0.095703
0 0.329102 0.391602 0.329102 0.400391 0.332031 0.403320 0.333984 0.395508
0 0.830078 0.681641 0.825195 0.681641 0.821289 0.688477 0.829102 0.685547
0 0.235352 0.165039 0.238281 0.169922 0.245117 0.171875 0.242188 0.165039
0 0.514648 0.807617 0.514648 0.809570 0.522461 0.810547 0.525391 0.808594 0.525391 0.805664 0.519531 0.804688
0 0.808594 0.881836 0.806641 0.886719 0.808594 0.892578 0.811523 0.893555 0.811523 0.883789
0 0.295898 0.548828 0.289062 0.550781 0.285156 0.558594 0.292969 0.556641
0 0.441406 0.385742 0.441406 0.390625 0.449219 0.394531 0.447266 0.387695
0 0.228516 0.036133 0.223633 0.037109 0.220703 0.042969 0.225586 0.042969
0 0.255859 0.222656 0.257812 0.227539 0.266602 0.229492 0.262695 0.223633
0 0.695312 0.789062 0.698242 0.794922 0.704102 0.795898 0.700195 0.789062
0 0.215820 0.666016 0.205078 0.668945 0.204102 0.672852 0.212891 0.671875
0 0.088867 0.809570 0.083984 0.809570 0.079102 0.817383 0.085938 0.815430
0 0.835938 0.980469 0.834961 0.986328 0.839844 0.990234 0.839844 0.984375
0 0.599609 0.322266 0.600586 0.330078 0.606445 0.333008 0.607422 0.328125 0.603516 0.323242
0 0.275391 0.121094 0.271484 0.126953 0.272461 0.130859 0.277344 0.126953
0 0.921875 0.489258 0.923828 0.493164 0.934570 0.491211 0.932617 0.488281 0.926758 0.487305
0 0.360352 0.041992 0.351562 0.041992 0.348633 0.045898 0.356445 0.046875
0 0.561523 0.081055 0.563477 0.084961 0.571289 0.084961 0.573242 0.083008 0.570312 0.080078
0 0.968750 0.989258 0.977539 0.987305 0.979492 0.983398 0.972656 0.983398
0 0.235352 0.694336 0.229492 0.694336 0.225586 0.700195 0.231445 0.700195
0 0.369141 0.699219 0.364258 0.702148 0.365234 0.709961 0.369141 0.706055
0 0.360352 0.312500 0.354492 0.314453 0.352539 0.320312 0.356445 0.320312
0 0.614258 0.825195 0.618164 0.832031 0.622070 0.831055 0.619141 0.826172
0 0.702148 0.126953 0.703125 0.132812 0.708984 0.135742 0.708008 0.129883
0 0.287109 0.467773 0.284180 0.469727 0.284180 0.476562 0.288086 0.473633
0 0.191406 0.353516 0.191406 0.359375 0.196289 0.363281 0.196289 0.357422
0 0.139648 0.154297 0.135742 0.157227 0.134766 0.165039 0.140625 0.160156 0.141602 0.156250
0 0.259766 0.679688 0.254883 0.681641 0.254883 0.688477 0.257812 0.687500
0 0.689453 0.971680 0.686523 0.968750 0.678711 0.970703 0.679688 0.973633 0.687500 0.973633
0 0.936523 0.195312 0.939453 0.201172 0.945312 0.202148 0.943359 0.197266
0 0.474609 0.153320 0.468750 0.153320 0.463867 0.160156 0.471680 0.158203
0 0.665039 0.321289 0.667969 0.325195 0.676758 0.324219 0.676758 0.322266 0.669922 0.319336
0 0.424805 0.835938 0.421875 0.837891 0.422852 0.845703 0.425781 0.843750
0 0.584961 0.885742 0.579102 0.887695 0.577148 0.894531 0.584961 0.891602
0 0.045898 0.668945 0.040039 0.670898 0.038086 0.674805 0.044922 0.673828
0 0.640625 0.171875 0.639648 0.176758 0.643555 0.179688 0.643555 0.172852
0 0.048828 0.221680 0.047852 0.225586 0.050781 0.230469 0.056641 0.232422 0.054688 0.224609
0 0.245117 0.639648 0.240234 0.640625 0.237305 0.647461 0.241211 0.647461
0 0.027344 0.848633 0.032227 0.851562 0.040039 0.849609 0.037109 0.845703
0 0.345703 0.054688 0.335938 0.056641 0.333984 0.061523 0.341797 0.061523
0 0.978516 0.406250 0.979492 0.410156 0.988281 0.412109 0.985352 0.407227
0 0.776367 0.341797 0.771484 0.343750 0.770508 0.349609 0.775391 0.347656
0 0.909180 0.676758 0.905273 0.679688 0.906250 0.686523 0.910156 0.681641
0 0.619141 0.291016 0.620117 0.295898 0.625000 0.298828 0.625977 0.293945
0 0.102539 0.078125 0.101562 0.086914 0.104492 0.090820 0.106445 0.083008 0.104492 0.078125
0 0.913086 0.471680 0.913086 0.478516 0.920898 0.482422 0.918945 0.473633
0 0.318359 0.754883 0.314453 0.757812 0.314453 0.764648 0.319336 0.759766
0 0.068359 0.725586 0.072266 0.729492 0.081055 0.729492 0.084961 0.726562 0.081055 0.722656
0 0.916992 0.525391 0.924805 0.529297 0.928711 0.528320 0.926758 0.524414
0 0.516602 0.480469 0.521484 0.483398 0.526367 0.482422 0.524414 0.478516
0 0.125977 0.620117 0.120117 0.623047 0.119141 0.630859 0.125000 0.627930
0 0.249023 0.117188 0.241211 0.123047 0.241211 0.128906 0.248047 0.125000