0 0.050781 0.900391 0.052734 0.906250 0.058594 0.909180 0.057617 0.902344
0 0.538086 0.295898 0.534180 0.300781 0.535156 0.308594 0.540039 0.304688
0 0.128906 0.568359 0.128906 0.571289 0.132812 0.573242 0.139648 0.571289 0.136719 0.568359
0 0.578125 0.489258 0.573242 0.491211 0.572266 0.500977 0.577148 0.498047
0 0.339844 0.583984 0.334961 0.584961 0.331055 0.592773 0.335938 0.591797
0 0.124023 0.309570 0.118164 0.311523 0.116211 0.320312 0.123047 0.316406
0 0.092773 0.749023 0.091797 0.756836 0.095703 0.759766 0.095703 0.750977
0 0.426758 0.937500 0.421875 0.939453 0.420898 0.947266 0.425781 0.944336
0 0.825195 0.928711 0.826172 0.934570 0.832031 0.938477 0.831055 0.930664
0 0.416016 0.563477 0.408203 0.563477 0.403320 0.569336 0.412109 0.569336 0.416016 0.566406
0 0.529297 0.373047 0.529297 0.380859 0.534180 0.384766 0.536133 0.382812 0.535156 0.376953
0 0.347656 0.509766 0.337891 0.511719 0.335938 0.517578 0.343750 0.515625
0 0.124023 0.407227 0.125977 0.415039 0.130859 0.416992 0.130859 0.411133
0 0.032227 0.222656 0.033203 0.229492 0.037109 0.231445 0.037109 0.225586
0 0.662109 0.075195 0.657227 0.077148 0.656250 0.083008 0.661133 0.081055
0 0.884766 0.306641 0.885742 0.312500 0.891602 0.316406 0.890625 0.308594
0 0.480469 0.440430 0.486328 0.441406 0.490234 0.436523 0.483398 0.436523
0 0.427734 0.617188 0.427734 0.625977 0.432617 0.627930 0.432617 0.621094 0.430664 0.617188
0 0.862305 0.586914 0.855469 0.588867 0.854492 0.591797 0.861328 0.590820
0 0.194336 0.106445 0.193359 0.115234 0.196289 0.117188 0.198242 0.108398
0 0.301758 0.583008 0.301758 0.586914 0.309570 0.590820 0.307617 0.584961
0 0.582031 0.765625 0.585938 0.769531 0.595703 0.768555 0.595703 0.766602 0.588867 0.763672
0 0.134766 0.674805 0.141602 0.675781 0.147461 0.671875 0.138672 0.669922 0.134766 0.671875
0 0.410156 0.194336 0.412109 0.201172 0.420898 0.205078 0.418945 0.197266
0 0.117188 0.071289 0.114258 0.074219 0.114258 0.082031 0.118164 0.078125
0 0.124023 0.794922 0.126953 0.801758 0.130859 0.803711 0.136719 0.802734 0.130859 0.795898
0 0.402344 0.861328 0.403320 0.866211 0.411133 0.870117 0.409180 0.863281
0 0.874023 0.163086 0.877930 0.167969 0.881836 0.167969 0.878906 0.163086
0 0.954102 0.014648 0.958008 0.018555 0.965820 0.017578 0.963867 0.013672
0 0.196289 0.878906 0.197266 0.885742 0.204102 0.890625 0.206055 0.889648 0.203125 0.881836
0 0.333008 0.143555 0.333008 0.153320 0.336914 0.155273 0.337891 0.147461 0.335938 0.143555
0 0.871094 0.784180 0.872070 0.788086 0.881836 0.788086 0.879883 0.784180
0 0.819336 0.124023 0.814453 0.124023 0.810547 0.131836 0.815430 0.130859
0 0.263672 0.051758 0.265625 0.058594 0.269531 0.060547 0.268555 0.053711
0 0.804688 0.965820 0.805664 0.971680 0.811523 0.974609 0.810547 0.967773
0 0.869141 0.578125 0.872070 0.583984 0.877930 0.584961 0.875000 0.579102
0 0.694336 0.866211 0.703125 0.867188 0.707031 0.863281 0.697266 0.862305
0 0.318359 0.961914 0.314453 0.963867 0.314453 0.973633 0.318359 0.970703
0 0.884766 0.355469 0.881836 0.353516 0.875000 0.354492 0.873047 0.358398 0.883789 0.358398
0 0.842773 0.180664 0.837891 0.182617 0.836914 0.188477 0.842773 0.185547
0 0.109375 0.299805 0.110352 0.306641 0.115234 0.309570 0.114258 0.301758
0 0.984375 0.928711 0.988281 0.932617 0.995117 0.931641 0.990234 0.927734
0 0.806641 0.944336 0.798828 0.948242 0.797852 0.955078 0.805664 0.950195
0 0.690430 0.675781 0.691406 0.680664 0.696289 0.684570 0.695312 0.677734
0 0.708008 0.485352 0.705078 0.485352 0.703125 0.488281 0.704102 0.496094 0.708008 0.492188
0 0.086914 0.216797 0.087891 0.218750 0.096680 0.217773 0.095703 0.214844 0.088867 0.214844
0 0.414062 0.154297 0.416016 0.164062 0.420898 0.166992 0.418945 0.155273
0 0.958008 0.635742 0.958008 0.638672 0.967773 0.639648 0.967773 0.636719 0.963867 0.634766
0 0.889648 0.628906 0.890625 0.633789 0.903320 0.633789 0.899414 0.628906
0 0.918945 0.701172 0.914062 0.704102 0.913086 0.713867 0.918945 0.708008
0 0.464844 0.245117 0.465820 0.250977 0.472656 0.253906 0.470703 0.248047
0 0.541016 0.822266 0.536133 0.824219 0.535156 0.832031 0.540039 0.829102