0 0.030273 0.468750 0.038086 0.469727 0.041992 0.466797 0.035156 0.464844
0 0.818359 0.906250 0.813477 0.908203 0.813477 0.916992 0.818359 0.912109
0 0.263672 0.423828 0.263672 0.429688 0.269531 0.436523 0.269531 0.427734 0.266602 0.423828
0 0.907227 0.202148 0.900391 0.204102 0.897461 0.209961 0.902344 0.209961 0.907227 0.205078
0 0.536133 0.465820 0.530273 0.465820 0.526367 0.472656 0.532227 0.471680
0 0.226562 0.491211 0.220703 0.492188 0.218750 0.496094 0.224609 0.495117
0 0.646484 0.270508 0.640625 0.271484 0.636719 0.278320 0.644531 0.275391
0 0.100586 0.782227 0.104492 0.786133 0.112305 0.785156 0.109375 0.781250
0 0.210938 0.919922 0.213867 0.922852 0.220703 0.921875 0.216797 0.917969
0 0.787109 0.550781 0.788086 0.557617 0.795898 0.560547 0.793945 0.553711
0 0.236328 0.076172 0.238281 0.084961 0.243164 0.087891 0.243164 0.080078
0 0.410156 0.930664 0.405273 0.934570 0.406250 0.943359 0.408203 0.943359 0.411133 0.937500
0 0.506836 0.764648 0.508789 0.768555 0.516602 0.769531 0.512695 0.764648
0 0.720703 0.064453 0.716797 0.064453 0.712891 0.070312 0.718750 0.068359
0 0.211914 0.458984 0.210938 0.465820 0.214844 0.468750 0.215820 0.463867
0 0.149414 0.363281 0.145508 0.367188 0.145508 0.373047 0.150391 0.368164
0 0.286133 0.433594 0.294922 0.432617 0.296875 0.429688 0.289062 0.428711 0.286133 0.430664
0 0.682617 0.406250 0.683594 0.412109 0.688477 0.414062 0.686523 0.406250
0 0.745117 0.347656 0.743164 0.345703 0.738281 0.347656 0.736328 0.353516 0.739258 0.353516
0 0.381836 0.144531 0.375977 0.145508 0.372070 0.153320 0.378906 0.151367
0 0.554688 0.747070 0.549805 0.749023 0.550781 0.757812 0.554688 0.753906
0 0.194336 0.636719 0.190430 0.639648 0.192383 0.647461 0.195312 0.644531
0 0.763672 0.463867 0.762695 0.471680 0.766602 0.475586 0.767578 0.465820
0 0.649414 0.178711 0.651367 0.180664 0.658203 0.179688 0.657227 0.177734
0 0.099609 0.662109 0.093750 0.664062 0.093750 0.669922 0.096680 0.668945
0 0.703125 0.331055 0.700195 0.333008 0.701172 0.340820 0.704102 0.337891
0 0.909180 0.916992 0.905273 0.917969 0.903320 0.926758 0.909180 0.922852
0 0.430664 0.821289 0.426758 0.822266 0.426758 0.830078 0.429688 0.828125
0 0.509766 0.796875 0.510742 0.802734 0.513672 0.804688 0.514648 0.799805 0.512695 0.796875
0 0.197266 0.611328 0.199219 0.619141 0.202148 0.619141 0.201172 0.613281