0 0.225586 0.196289 0.227539 0.200195 0.234375 0.201172 0.232422 0.197266
0 0.541016 0.919922 0.537109 0.920898 0.536133 0.927734 0.541016 0.924805
0 0.344727 0.250000 0.343750 0.259766 0.346680 0.261719 0.348633 0.251953
0 0.689453 0.770508 0.683594 0.772461 0.681641 0.780273 0.688477 0.777344
0 0.919922 0.173828 0.918945 0.181641 0.922852 0.186523 0.923828 0.176758
0 0.519531 0.121094 0.514648 0.122070 0.512695 0.130859 0.518555 0.126953
0 0.249023 0.952148 0.250000 0.957031 0.257812 0.958984 0.253906 0.953125
0 0.792969 0.337891 0.788086 0.342773 0.789062 0.348633 0.791992 0.346680
0 0.641602 0.640625 0.641602 0.649414 0.645508 0.651367 0.645508 0.643555
0 0.241211 0.233398 0.241211 0.238281 0.249023 0.242188 0.248047 0.237305
0 0.072266 0.750000 0.068359 0.750000 0.065430 0.752930 0.064453 0.758789 0.071289 0.755859
0 0.448242 0.333008 0.449219 0.339844 0.457031 0.343750 0.454102 0.334961
0 0.466797 0.147461 0.466797 0.155273 0.468750 0.158203 0.471680 0.158203 0.471680 0.152344
0 0.046875 0.043945 0.041992 0.043945 0.038086 0.050781 0.044922 0.048828
0 0.800781 0.629883 0.799805 0.635742 0.804688 0.641602 0.804688 0.631836
0 0.750000 0.240234 0.750000 0.247070 0.754883 0.250000 0.753906 0.242188
0 0.705078 0.941406 0.704102 0.948242 0.707031 0.951172 0.708984 0.945312
0 0.754883 0.337891 0.754883 0.341797 0.759766 0.344727 0.758789 0.337891
0 0.727539 0.869141 0.727539 0.872070 0.730469 0.874023 0.737305 0.874023 0.735352 0.870117
0 0.577148 0.422852 0.579102 0.426758 0.586914 0.427734 0.585938 0.423828
0 0.391602 0.467773 0.384766 0.469727 0.381836 0.475586 0.389648 0.473633
0 0.919922 0.160156 0.919922 0.164062 0.927734 0.168945 0.927734 0.163086
0 0.851562 0.441406 0.845703 0.445312 0.845703 0.448242 0.851562 0.445312
0 0.054688 0.518555 0.058594 0.524414 0.065430 0.525391 0.062500 0.520508
0 0.648438 0.855469 0.654297 0.855469 0.659180 0.850586 0.651367 0.850586 0.648438 0.852539
0 0.473633 0.784180 0.466797 0.788086 0.465820 0.792969 0.468750 0.792969 0.473633 0.788086
0 0.810547 0.361328 0.806641 0.360352 0.800781 0.366211 0.809570 0.366211
0 0.475586 0.713867 0.468750 0.714844 0.467773 0.718750 0.474609 0.717773
0 0.118164 0.447266 0.117188 0.452148 0.124023 0.455078 0.123047 0.450195
0 0.864258 0.486328 0.861328 0.486328 0.859375 0.489258 0.859375 0.498047 0.865234 0.492188
0 0.658203 0.480469 0.653320 0.484375 0.654297 0.494141 0.659180 0.488281
0 0.135742 0.636719 0.127930 0.635742 0.124023 0.637695 0.123047 0.641602 0.131836 0.641602
0 0.840820 0.858398 0.844727 0.864258 0.851562 0.865234 0.849609 0.860352
0 0.133789 0.646484 0.133789 0.648438 0.140625 0.652344 0.146484 0.651367 0.142578 0.646484
0 0.706055 0.797852 0.702148 0.801758 0.702148 0.808594 0.707031 0.804688
0 0.198242 0.378906 0.198242 0.383789 0.206055 0.388672 0.205078 0.382812
0 0.346680 0.826172 0.346680 0.832031 0.353516 0.835938 0.351562 0.828125
0 0.321289 0.098633 0.323242 0.103516 0.333008 0.104492 0.330078 0.099609
0 0.789062 0.704102 0.791016 0.708984 0.799805 0.708984 0.799805 0.706055 0.795898 0.704102
0 0.916016 0.824219 0.916016 0.826172 0.921875 0.828125 0.927734 0.826172 0.923828 0.823242
0 0.905273 0.058594 0.905273 0.060547 0.909180 0.061523 0.916016 0.060547 0.914062 0.057617
0 0.336914 0.447266 0.337891 0.457031 0.343750 0.458984 0.343750 0.452148