0 0.501953 0.552734 0.500000 0.557617 0.501953 0.562500 0.503906 0.562500 0.504883 0.555664
0 0.149414 0.212891 0.148438 0.218750 0.151367 0.223633 0.153320 0.214844
0 0.823242 0.708984 0.817383 0.712891 0.816406 0.717773 0.821289 0.715820
0 0.054688 0.446289 0.049805 0.447266 0.045898 0.455078 0.051758 0.454102
0 0.413086 0.545898 0.414062 0.547852 0.422852 0.546875 0.421875 0.543945
0 0.792969 0.491211 0.792969 0.496094 0.800781 0.500977 0.799805 0.495117
0 0.804688 0.691406 0.806641 0.698242 0.811523 0.701172 0.812500 0.696289
0 0.770508 0.704102 0.764648 0.705078 0.762695 0.709961 0.767578 0.709961
0 0.905273 0.555664 0.901367 0.557617 0.900391 0.565430 0.905273 0.562500
0 0.746094 0.641602 0.750977 0.647461 0.756836 0.646484 0.752930 0.641602
0 0.038086 0.788086 0.037109 0.794922 0.041992 0.799805 0.042969 0.792969
0 0.445312 0.865234 0.438477 0.865234 0.436523 0.868164 0.440430 0.869141
0 0.375000 0.793945 0.376953 0.797852 0.384766 0.798828 0.380859 0.793945
0 0.882812 0.570312 0.878906 0.573242 0.880859 0.583008 0.883789 0.579102
0 0.373047 0.670898 0.372070 0.678711 0.375000 0.681641 0.375977 0.672852
0 0.420898 0.058594 0.416992 0.059570 0.415039 0.068359 0.419922 0.066406
0 0.197266 0.581055 0.192383 0.583984 0.191406 0.592773 0.196289 0.589844
0 0.372070 0.916992 0.364258 0.916992 0.362305 0.920898 0.367188 0.921875
0 0.167969 0.139648 0.167969 0.143555 0.170898 0.146484 0.177734 0.147461 0.173828 0.140625
0 0.897461 0.012695 0.892578 0.017578 0.893555 0.023438 0.898438 0.019531
0 0.110352 0.282227 0.110352 0.288086 0.113281 0.291992 0.117188 0.292969 0.115234 0.284180
0 0.102539 0.877930 0.110352 0.879883 0.116211 0.876953 0.116211 0.874023 0.108398 0.873047
0 0.837891 0.206055 0.838867 0.214844 0.845703 0.218750 0.844727 0.210938
0 0.017578 0.711914 0.014648 0.711914 0.012695 0.714844 0.014648 0.722656 0.017578 0.719727
0 0.872070 0.922852 0.873047 0.925781 0.878906 0.924805 0.880859 0.920898 0.874023 0.920898
0 0.655273 0.281250 0.654297 0.288086 0.660156 0.294922 0.662109 0.293945 0.662109 0.288086 0.659180 0.282227
0 0.140625 0.224609 0.142578 0.229492 0.149414 0.230469 0.147461 0.225586
0 0.430664 0.393555 0.431641 0.400391 0.436523 0.403320 0.437500 0.398438 0.435547 0.394531
0 0.696289 0.667969 0.695312 0.675781 0.699219 0.678711 0.700195 0.669922
0 0.568359 0.969727 0.569336 0.972656 0.579102 0.973633 0.579102 0.970703 0.576172 0.968750
0 0.659180 0.311523 0.661133 0.314453 0.668945 0.312500 0.667969 0.309570
0 0.793945 0.414062 0.791016 0.414062 0.789062 0.416992 0.791992 0.426758 0.794922 0.420898
0 0.458008 0.808594 0.451172 0.809570 0.449219 0.813477 0.456055 0.812500
0 0.359375 0.096680 0.355469 0.098633 0.354492 0.105469 0.359375 0.102539
0 0.606445 0.330078 0.606445 0.333984 0.616211 0.334961 0.613281 0.331055
0 0.265625 0.753906 0.260742 0.755859 0.259766 0.762695 0.264648 0.760742
0 0.902344 0.433594 0.899414 0.434570 0.897461 0.441406 0.902344 0.439453
0 0.751953 0.047852 0.758789 0.053711 0.764648 0.052734 0.760742 0.047852
0 0.527344 0.858398 0.528320 0.866211 0.535156 0.869141 0.533203 0.861328
0 0.438477 0.506836 0.445312 0.505859 0.447266 0.501953 0.441406 0.501953
0 0.215820 0.317383 0.216797 0.324219 0.220703 0.327148 0.221680 0.321289 0.218750 0.317383
0 0.727539 0.062500 0.722656 0.068359 0.723633 0.074219 0.728516 0.071289 0.729492 0.065430
0 0.946289 0.151367 0.948242 0.154297 0.956055 0.153320 0.955078 0.150391
0 0.202148 0.735352 0.204102 0.738281 0.211914 0.737305 0.208984 0.734375
0 0.158203 0.106445 0.151367 0.106445 0.148438 0.108398 0.148438 0.111328 0.153320 0.111328
0 0.834961 0.349609 0.834961 0.355469 0.838867 0.361328 0.840820 0.354492
0 0.794922 0.164062 0.794922 0.166992 0.797852 0.168945 0.806641 0.168945 0.803711 0.165039
0 0.915039 0.724609 0.916016 0.732422 0.922852 0.735352 0.920898 0.727539
0 0.715820 0.817383 0.716797 0.827148 0.721680 0.831055 0.722656 0.824219
0 0.175781 0.524414 0.168945 0.528320 0.167969 0.537109 0.174805 0.532227
0 0.870117 0.016602 0.863281 0.020508 0.862305 0.026367 0.869141 0.023438
0 0.089844 0.894531 0.084961 0.898438 0.083984 0.905273 0.088867 0.903320 0.090820 0.899414
0 0.230469 0.046875 0.233398 0.052734 0.239258 0.053711 0.237305 0.048828
0 0.478516 0.805664 0.472656 0.807617 0.471680 0.815430 0.477539 0.811523
0 0.377930 0.728516 0.375000 0.728516 0.371094 0.735352 0.373047 0.741211 0.377930 0.737305
0 0.781250 0.134766 0.782227 0.137695 0.790039 0.136719 0.790039 0.132812
0 0.585938 0.631836 0.588867 0.635742 0.595703 0.634766 0.590820 0.630859
0 0.660156 0.357422 0.654297 0.359375 0.651367 0.365234 0.657227 0.364258
0 0.500000 0.159180 0.496094 0.161133 0.494141 0.169922 0.500000 0.166016
0 0.650391 0.812500 0.648438 0.810547 0.642578 0.812500 0.638672 0.819336 0.646484 0.818359
0 0.824219 0.853516 0.816406 0.852539 0.812500 0.855469 0.811523 0.859375 0.818359 0.859375
0 0.695312 0.099609 0.687500 0.099609 0.684570 0.104492 0.693359 0.103516
0 0.139648 0.041016 0.138672 0.048828 0.141602 0.050781 0.142578 0.042969
0 0.255859 0.628906 0.250977 0.628906 0.246094 0.632812 0.251953 0.633789
0 0.149414 0.529297 0.153320 0.534180 0.162109 0.534180 0.158203 0.529297
0 0.583008 0.153320 0.575195 0.155273 0.573242 0.161133 0.581055 0.159180
0 0.291016 0.145508 0.292969 0.148438 0.302734 0.147461 0.302734 0.144531 0.292969 0.143555
0 0.056641 0.875977 0.060547 0.881836 0.064453 0.881836 0.062500 0.876953
0 0.489258 0.590820 0.483398 0.593750 0.483398 0.599609 0.487305 0.598633
0 0.793945 0.270508 0.786133 0.271484 0.783203 0.277344 0.790039 0.277344