0 0.770508 0.391602 0.766602 0.394531 0.766602 0.403320 0.771484 0.400391
0 0.941406 0.254883 0.941406 0.260742 0.945312 0.263672 0.945312 0.256836
0 0.124023 0.532227 0.121094 0.536133 0.123047 0.542969 0.125977 0.538086
0 0.177734 0.173828 0.178711 0.176758 0.185547 0.175781 0.185547 0.172852
0 0.568359 0.137695 0.572266 0.141602 0.581055 0.140625 0.576172 0.135742
0 0.372070 0.259766 0.371094 0.270508 0.374023 0.272461 0.376953 0.263672 0.375000 0.259766
0 0.827148 0.382812 0.822266 0.384766 0.821289 0.392578 0.824219 0.392578
0 0.622070 0.985352 0.625000 0.990234 0.631836 0.991211 0.629883 0.986328
0 0.516602 0.956055 0.519531 0.960938 0.526367 0.961914 0.521484 0.956055
0 0.564453 0.940430 0.565430 0.947266 0.569336 0.949219 0.568359 0.941406
0 0.577148 0.060547 0.573242 0.065430 0.574219 0.070312 0.578125 0.068359
0 0.584961 0.075195 0.581055 0.079102 0.582031 0.086914 0.585938 0.083984
0 0.540039 0.077148 0.541992 0.084961 0.547852 0.086914 0.546875 0.080078
0 0.377930 0.662109 0.373047 0.664062 0.371094 0.671875 0.377930 0.667969
0 0.828125 0.929688 0.829102 0.934570 0.834961 0.936523 0.834961 0.932617
0 0.114258 0.521484 0.121094 0.521484 0.124023 0.517578 0.116211 0.517578
0 0.336914 0.328125 0.339844 0.333984 0.344727 0.334961 0.342773 0.330078
0 0.208984 0.873047 0.204102 0.873047 0.200195 0.879883 0.208008 0.876953
0 0.906250 0.828125 0.904297 0.835938 0.907227 0.837891 0.909180 0.831055
0 0.161133 0.297852 0.169922 0.298828 0.174805 0.294922 0.172852 0.292969 0.165039 0.292969
0 0.076172 0.140625 0.069336 0.141602 0.066406 0.147461 0.074219 0.145508
0 0.739258 0.444336 0.738281 0.452148 0.741211 0.456055 0.743164 0.446289
0 0.482422 0.358398 0.478516 0.361328 0.478516 0.368164 0.482422 0.366211
0 0.702148 0.567383 0.704102 0.575195 0.709961 0.578125 0.708984 0.571289
0 0.351562 0.255859 0.346680 0.256836 0.343750 0.259766 0.343750 0.263672 0.347656 0.263672
0 0.573242 0.800781 0.564453 0.803711 0.563477 0.807617 0.571289 0.806641
0 0.695312 0.606445 0.696289 0.613281 0.699219 0.617188 0.702148 0.617188 0.700195 0.607422
0 0.974609 0.042969 0.970703 0.042969 0.967773 0.045898 0.966797 0.054688 0.972656 0.051758
0 0.237305 0.765625 0.239258 0.770508 0.250000 0.770508 0.250000 0.767578 0.245117 0.764648
0 0.611328 0.499023 0.603516 0.499023 0.599609 0.505859 0.607422 0.504883
0 0.223633 0.592773 0.223633 0.599609 0.227539 0.603516 0.228516 0.595703
0 0.232422 0.440430 0.235352 0.448242 0.243164 0.449219 0.238281 0.441406
0 0.906250 0.909180 0.908203 0.913086 0.915039 0.912109 0.914062 0.909180
0 0.587891 0.937500 0.593750 0.944336 0.602539 0.944336 0.602539 0.941406 0.596680 0.937500
0 0.936523 0.616211 0.937500 0.620117 0.944336 0.624023 0.943359 0.619141
0 0.094727 0.274414 0.095703 0.282227 0.102539 0.286133 0.101562 0.278320
0 0.507812 0.462891 0.508789 0.467773 0.514648 0.470703 0.514648 0.465820
0 0.423828 0.687500 0.422852 0.697266 0.425781 0.698242 0.427734 0.688477
0 0.326172 0.376953 0.330078 0.380859 0.335938 0.379883 0.333008 0.375977