0 0.610352 0.657227 0.605469 0.660156 0.603516 0.666992 0.609375 0.665039
0 0.078125 0.222656 0.082031 0.228516 0.088867 0.230469 0.083984 0.222656
0 0.799805 0.041016 0.805664 0.041016 0.808594 0.036133 0.800781 0.037109
0 0.733398 0.572266 0.733398 0.578125 0.737305 0.581055 0.738281 0.575195 0.736328 0.572266
0 0.619141 0.069336 0.620117 0.075195 0.625977 0.078125 0.623047 0.070312
0 0.764648 0.453125 0.766602 0.458008 0.771484 0.458984 0.770508 0.455078
0 0.458008 0.796875 0.467773 0.799805 0.473633 0.795898 0.462891 0.793945
0 0.727539 0.050781 0.722656 0.051758 0.721680 0.060547 0.726562 0.056641
0 0.507812 0.888672 0.507812 0.891602 0.513672 0.895508 0.514648 0.892578
0 0.396484 0.288086 0.390625 0.290039 0.388672 0.298828 0.396484 0.294922
0 0.346680 0.253906 0.343750 0.253906 0.340820 0.257812 0.340820 0.266602 0.347656 0.259766
0 0.718750 0.161133 0.716797 0.167969 0.717773 0.171875 0.720703 0.171875 0.722656 0.165039
0 0.014648 0.967773 0.008789 0.969727 0.006836 0.976562 0.014648 0.971680
0 0.519531 0.672852 0.513672 0.672852 0.508789 0.679688 0.516602 0.677734
0 0.587891 0.709961 0.586914 0.717773 0.589844 0.719727 0.591797 0.710938
0 0.801758 0.695312 0.804688 0.700195 0.810547 0.701172 0.810547 0.697266
0 0.071289 0.086914 0.066406 0.082031 0.060547 0.083984 0.064453 0.087891
0 0.212891 0.597656 0.208984 0.598633 0.208984 0.606445 0.212891 0.601562
0 0.966797 0.501953 0.962891 0.501953 0.959961 0.506836 0.963867 0.506836
0 0.345703 0.873047 0.342773 0.874023 0.342773 0.882812 0.346680 0.879883
0 0.513672 0.146484 0.508789 0.148438 0.506836 0.158203 0.511719 0.155273
0 0.738281 0.650391 0.734375 0.654297 0.734375 0.660156 0.739258 0.655273
0 0.045898 0.311523 0.049805 0.315430 0.056641 0.314453 0.053711 0.310547
0 0.123047 0.129883 0.115234 0.130859 0.112305 0.137695 0.121094 0.134766
0 0.266602 0.901367 0.269531 0.907227 0.276367 0.909180 0.272461 0.902344
0 0.875977 0.667969 0.875000 0.675781 0.878906 0.678711 0.879883 0.672852
0 0.538086 0.149414 0.532227 0.153320 0.532227 0.159180 0.537109 0.157227
0 0.497070 0.435547 0.500977 0.440430 0.507812 0.441406 0.505859 0.436523
0 0.381836 0.601562 0.376953 0.603516 0.375977 0.612305 0.381836 0.607422
0 0.500977 0.531250 0.501953 0.534180 0.511719 0.532227 0.508789 0.529297
0 0.710938 0.373047 0.712891 0.378906 0.724609 0.379883 0.725586 0.377930 0.719727 0.373047
0 0.848633 0.958984 0.848633 0.966797 0.854492 0.969727 0.853516 0.962891
0 0.148438 0.185547 0.148438 0.187500 0.154297 0.190430 0.160156 0.189453 0.157227 0.185547
0 0.333008 0.387695 0.329102 0.391602 0.330078 0.398438 0.333984 0.394531
0 0.572266 0.336914 0.572266 0.342773 0.576172 0.345703 0.576172 0.338867
0 0.926758 0.194336 0.918945 0.194336 0.913086 0.200195 0.922852 0.200195 0.926758 0.197266
0 0.673828 0.740234 0.669922 0.743164 0.669922 0.751953 0.672852 0.751953 0.674805 0.749023
0 0.075195 0.864258 0.069336 0.865234 0.065430 0.873047 0.072266 0.871094
0 0.929688 0.939453 0.928711 0.945312 0.933594 0.950195 0.933594 0.942383
0 0.589844 0.257812 0.585938 0.257812 0.581055 0.261719 0.583008 0.263672 0.587891 0.262695
0 0.246094 0.835938 0.243164 0.835938 0.241211 0.839844 0.242188 0.844727 0.246094 0.839844
0 0.323242 0.219727 0.320312 0.221680 0.320312 0.227539 0.324219 0.224609
0 0.506836 0.779297 0.502930 0.781250 0.504883 0.791992 0.507812 0.786133
0 0.834961 0.162109 0.835938 0.169922 0.840820 0.171875 0.840820 0.166016
0 0.817383 0.421875 0.818359 0.426758 0.822266 0.430664 0.827148 0.429688 0.823242 0.422852
0 0.270508 0.928711 0.266602 0.930664 0.266602 0.940430 0.271484 0.933594
0 0.654297 0.935547 0.650391 0.937500 0.648438 0.945312 0.654297 0.941406
0 0.786133 0.061523 0.789062 0.067383 0.793945 0.067383 0.791016 0.062500