0 0.260742 0.389648 0.257812 0.389648 0.255859 0.394531 0.257812 0.401367 0.260742 0.396484
0 0.798828 0.706055 0.799805 0.712891 0.803711 0.714844 0.803711 0.708008
0 0.642578 0.645508 0.634766 0.647461 0.631836 0.651367 0.633789 0.653320 0.640625 0.651367
0 0.485352 0.509766 0.480469 0.511719 0.479492 0.520508 0.484375 0.516602
0 0.399414 0.256836 0.395508 0.257812 0.395508 0.267578 0.399414 0.261719
0 0.919922 0.103516 0.923828 0.108398 0.929688 0.109375 0.927734 0.104492
0 0.819336 0.061523 0.824219 0.065430 0.829102 0.064453 0.824219 0.059570
0 0.234375 0.643555 0.238281 0.648438 0.244141 0.648438 0.243164 0.644531
0 0.625000 0.675781 0.620117 0.679688 0.620117 0.686523 0.625977 0.680664
0 0.431641 0.198242 0.424805 0.199219 0.423828 0.203125 0.429688 0.202148
0 0.773438 0.700195 0.777344 0.706055 0.782227 0.707031 0.778320 0.700195
0 0.969727 0.734375 0.968750 0.742188 0.971680 0.743164 0.972656 0.735352
0 0.734375 0.551758 0.729492 0.553711 0.728516 0.562500 0.734375 0.556641
0 0.100586 0.583984 0.094727 0.584961 0.092773 0.589844 0.098633 0.588867
0 0.958984 0.222656 0.952148 0.223633 0.950195 0.227539 0.958008 0.226562
0 0.801758 0.654297 0.804688 0.658203 0.814453 0.655273 0.808594 0.652344
0 0.636719 0.944336 0.630859 0.946289 0.628906 0.952148 0.632812 0.952148
0 0.974609 0.653320 0.977539 0.657227 0.985352 0.657227 0.981445 0.652344 0.976562 0.651367
0 0.636719 0.120117 0.638672 0.128906 0.645508 0.131836 0.643555 0.124023
0 0.804688 0.198242 0.808594 0.204102 0.812500 0.204102 0.810547 0.199219
0 0.689453 0.952148 0.683594 0.953125 0.680664 0.956055 0.680664 0.959961 0.685547 0.958984
0 0.017578 0.557617 0.021484 0.563477 0.028320 0.563477 0.025391 0.557617
0 0.235352 0.026367 0.237305 0.029297 0.245117 0.027344 0.243164 0.025391
0 0.325195 0.798828 0.319336 0.799805 0.315430 0.805664 0.320312 0.806641
0 0.742188 0.934570 0.742188 0.940430 0.747070 0.944336 0.748047 0.939453
0 0.825195 0.207031 0.825195 0.212891 0.830078 0.216797 0.831055 0.211914
0 0.246094 0.868164 0.240234 0.869141 0.238281 0.874023 0.243164 0.873047
0 0.588867 0.383789 0.586914 0.392578 0.590820 0.396484 0.592773 0.386719 0.591797 0.383789
0 0.536133 0.161133 0.535156 0.166016 0.539062 0.170898 0.540039 0.165039
0 0.785156 0.968750 0.789062 0.971680 0.795898 0.971680 0.791016 0.966797
0 0.105469 0.176758 0.106445 0.179688 0.114258 0.177734 0.112305 0.174805
0 0.800781 0.836914 0.804688 0.842773 0.810547 0.843750 0.808594 0.837891 0.805664 0.835938
0 0.378906 0.479492 0.374023 0.483398 0.373047 0.489258 0.377930 0.487305
0 0.900391 0.756836 0.895508 0.756836 0.891602 0.764648 0.897461 0.762695
0 0.363281 0.955078 0.356445 0.953125 0.350586 0.958984 0.356445 0.959961
0 0.735352 0.242188 0.739258 0.246094 0.744141 0.246094 0.743164 0.242188
0 0.351562 0.799805 0.344727 0.803711 0.343750 0.809570 0.349609 0.807617
0 0.792969 0.564453 0.792969 0.569336 0.797852 0.574219 0.797852 0.566406
0 0.809570 0.477539 0.809570 0.481445 0.812500 0.482422 0.821289 0.480469 0.819336 0.477539
0 0.057617 0.220703 0.059570 0.224609 0.066406 0.224609 0.063477 0.220703
0 0.904297 0.541016 0.900391 0.542969 0.901367 0.550781
0 0.234375 0.171875 0.228516 0.172852 0.225586 0.177734 0.234375 0.176758
0 0.603516 0.029297 0.598633 0.033203 0.598633 0.040039 0.600586 0.041992 0.604492 0.036133
0 0.717773 0.292969 0.717773 0.298828 0.722656 0.303711 0.722656 0.295898 0.720703 0.292969
0 0.362305 0.812500 0.356445 0.813477 0.353516 0.819336 0.358398 0.819336
0 0.771484 0.968750 0.776367 0.974609 0.781250 0.974609 0.778320 0.969727
0 0.409180 0.284180 0.404297 0.285156 0.403320 0.291992 0.408203 0.288086
0 0.163086 0.116211 0.163086 0.122070 0.167969 0.126953 0.168945 0.118164
0 0.530273 0.423828 0.522461 0.424805 0.520508 0.430664 0.526367 0.429688
0 0.106445 0.559570 0.099609 0.561523 0.095703 0.568359 0.099609 0.569336 0.105469 0.566406
0 0.324219 0.410156 0.326172 0.413086 0.333984 0.411133 0.333008 0.408203
0 0.146484 0.149414 0.150391 0.156250 0.156250 0.157227 0.154297 0.151367
0 0.059570 0.697266 0.062500 0.700195 0.069336 0.699219 0.066406 0.695312
0 0.694336 0.916992 0.690430 0.916016 0.685547 0.919922 0.691406 0.920898
0 0.198242 0.637695 0.192383 0.639648 0.191406 0.647461 0.197266 0.643555
0 0.430664 0.961914 0.432617 0.968750 0.441406 0.970703 0.436523 0.962891