0 0.860352 0.980469 0.859375 0.989258 0.863281 0.994141 0.865234 0.992188 0.865234 0.985352
0 0.424805 0.795898 0.428711 0.801758 0.435547 0.802734 0.430664 0.795898
0 0.906250 0.127930 0.896484 0.127930 0.893555 0.129883 0.893555 0.133789 0.900391 0.133789
0 0.559570 0.767578 0.557617 0.769531 0.558594 0.778320 0.562500 0.772461
0 0.881836 0.476562 0.877930 0.479492 0.877930 0.486328 0.882812 0.480469
0 0.953125 0.977539 0.953125 0.980469 0.956055 0.982422 0.963867 0.982422 0.959961 0.977539
0 0.805664 0.929688 0.806641 0.932617 0.816406 0.931641 0.814453 0.927734
0 0.154297 0.490234 0.154297 0.495117 0.162109 0.500000 0.161133 0.494141
0 0.252930 0.237305 0.254883 0.240234 0.265625 0.238281 0.262695 0.235352 0.254883 0.235352
0 0.384766 0.498047 0.377930 0.498047 0.374023 0.502930 0.380859 0.502930 0.384766 0.500977
0 0.077148 0.443359 0.079102 0.450195 0.084961 0.452148 0.083008 0.445312
0 0.029297 0.835938 0.036133 0.835938 0.040039 0.832031 0.030273 0.832031
0 0.200195 0.718750 0.204102 0.723633 0.210938 0.723633 0.210938 0.720703 0.208008 0.718750
0 0.516602 0.655273 0.517578 0.664062 0.522461 0.666016 0.521484 0.658203
0 0.674805 0.243164 0.670898 0.244141 0.669922 0.250977 0.674805 0.247070
0 0.693359 0.428711 0.687500 0.428711 0.684570 0.435547 0.691406 0.433594
0 0.759766 0.567383 0.761719 0.570312 0.770508 0.569336 0.764648 0.565430
0 0.528320 0.851562 0.529297 0.855469 0.540039 0.857422 0.537109 0.852539
0 0.448242 0.973633 0.444336 0.974609 0.442383 0.982422 0.448242 0.977539
0 0.049805 0.192383 0.047852 0.203125 0.051758 0.205078 0.053711 0.193359
0 0.745117 0.634766 0.741211 0.638672 0.741211 0.645508 0.744141 0.645508 0.746094 0.641602
0 0.434570 0.168945 0.440430 0.168945 0.443359 0.164062 0.435547 0.165039
0 0.804688 0.047852 0.807617 0.050781 0.817383 0.048828 0.816406 0.045898 0.812500 0.044922
0 0.487305 0.026367 0.487305 0.030273 0.490234 0.033203 0.497070 0.034180 0.493164 0.027344
0 0.948242 0.895508 0.941406 0.896484 0.938477 0.902344 0.945312 0.901367
0 0.973633 0.132812 0.977539 0.138672 0.985352 0.139648 0.985352 0.136719 0.980469 0.131836 0.975586 0.130859
0 0.370117 0.956055 0.371094 0.958984 0.377930 0.958984 0.379883 0.957031 0.375977 0.954102