0 0.330078 0.395508 0.329102 0.405273 0.332031 0.406250 0.333984 0.398438
0 0.098633 0.869141 0.092773 0.870117 0.090820 0.875977 0.096680 0.875000
0 0.794922 0.199219 0.791016 0.201172 0.791992 0.210938 0.796875 0.206055
0 0.978516 0.381836 0.972656 0.383789 0.968750 0.388672 0.974609 0.389648 0.978516 0.385742
0 0.804688 0.541992 0.798828 0.545898 0.798828 0.549805 0.803711 0.547852
0 0.538086 0.221680 0.541016 0.225586 0.547852 0.226562 0.544922 0.221680
0 0.786133 0.151367 0.788086 0.157227 0.794922 0.161133 0.794922 0.155273 0.789062 0.150391
0 0.128906 0.648438 0.125977 0.648438 0.124023 0.658203 0.126953 0.658203
0 0.229492 0.131836 0.230469 0.139648 0.235352 0.141602 0.233398 0.133789
0 0.409180 0.205078 0.401367 0.208984 0.400391 0.215820 0.404297 0.215820 0.407227 0.212891
0 0.702148 0.276367 0.695312 0.277344 0.691406 0.282227 0.696289 0.283203 0.700195 0.281250
0 0.823242 0.916016 0.815430 0.916992 0.813477 0.921875 0.821289 0.919922
0 0.333008 0.791992 0.332031 0.799805 0.335938 0.803711 0.336914 0.793945
0 0.329102 0.541016 0.317383 0.542969 0.316406 0.547852 0.327148 0.545898
0 0.483398 0.833008 0.486328 0.839844 0.493164 0.840820 0.491211 0.834961
0 0.033203 0.288086 0.037109 0.294922 0.042969 0.295898 0.039062 0.289062
0 0.076172 0.939453 0.073242 0.946289 0.077148 0.953125 0.079102 0.952148 0.080078 0.944336
0 0.417969 0.051758 0.412109 0.052734 0.410156 0.057617 0.414062 0.057617
0 0.077148 0.924805 0.083008 0.924805 0.085938 0.920898 0.080078 0.919922 0.077148 0.921875
0 0.655273 0.332031 0.658203 0.334961 0.665039 0.333984 0.664062 0.331055
0 0.973633 0.058594 0.968750 0.060547 0.966797 0.066406 0.972656 0.064453
0 0.355469 0.289062 0.358398 0.293945 0.364258 0.294922 0.364258 0.291016
0 0.562500 0.266602 0.557617 0.273438 0.559570 0.281250 0.563477 0.277344
0 0.369141 0.249023 0.364258 0.253906 0.365234 0.259766 0.369141 0.255859
0 0.212891 0.773438 0.206055 0.774414 0.204102 0.778320 0.210938 0.778320
0 0.675781 0.647461 0.676758 0.655273 0.681641 0.657227 0.679688 0.647461
0 0.804688 0.160156 0.805664 0.166992 0.810547 0.169922 0.809570 0.162109
0 0.664062 0.743164 0.665039 0.747070 0.672852 0.748047 0.670898 0.744141
0 0.272461 0.909180 0.272461 0.914062 0.278320 0.917969 0.277344 0.912109
0 0.905273 0.563477 0.910156 0.569336 0.916016 0.567383 0.913086 0.563477
0 0.901367 0.806641 0.894531 0.810547 0.893555 0.816406 0.899414 0.814453
0 0.503906 0.012695 0.499023 0.013672 0.498047 0.022461 0.502930 0.018555
0 0.785156 0.869141 0.789062 0.873047 0.796875 0.871094 0.794922 0.868164
0 0.956055 0.147461 0.950195 0.151367 0.950195 0.157227 0.955078 0.155273
0 0.090820 0.183594 0.093750 0.187500 0.101562 0.187500 0.097656 0.182617
0 0.385742 0.388672 0.387695 0.392578 0.398438 0.390625 0.398438 0.388672 0.393555 0.386719
0 0.358398 0.881836 0.366211 0.882812 0.369141 0.880859 0.361328 0.878906
0 0.064453 0.607422 0.058594 0.607422 0.052734 0.612305 0.059570 0.613281 0.064453 0.610352
0 0.724609 0.791992 0.732422 0.791992 0.734375 0.789062 0.727539 0.788086
0 0.101562 0.192383 0.100586 0.199219 0.104492 0.205078 0.106445 0.196289 0.104492 0.192383
0 0.830078 0.075195 0.822266 0.076172 0.819336 0.081055 0.824219 0.082031 0.828125 0.080078
0 0.741211 0.900391 0.742188 0.905273 0.749023 0.908203 0.748047 0.903320
0 0.646484 0.238281 0.648438 0.243164 0.656250 0.244141 0.653320 0.239258
0 0.138672 0.691406 0.131836 0.695312 0.131836 0.701172 0.138672 0.697266
0 0.287109 0.658203 0.282227 0.663086 0.283203 0.668945 0.288086 0.665039
0 0.385742 0.805664 0.380859 0.810547 0.381836 0.814453 0.385742 0.811523
0 0.240234 0.784180 0.241211 0.788086 0.252930 0.787109 0.250000 0.783203 0.244141 0.782227
0 0.630859 0.201172 0.636719 0.206055 0.643555 0.205078 0.643555 0.202148 0.633789 0.199219
0 0.662109 0.184570 0.654297 0.186523 0.652344 0.192383 0.658203 0.191406
0 0.550781 0.094727 0.552734 0.097656 0.560547 0.096680 0.559570 0.093750 0.555664 0.092773
0 0.217773 0.059570 0.216797 0.066406 0.220703 0.069336 0.221680 0.064453
0 0.177734 0.340820 0.181641 0.344727 0.188477 0.343750 0.185547 0.340820
0 0.953125 0.263672 0.951172 0.265625 0.951172 0.272461 0.955078 0.277344 0.957031 0.267578
0 0.193359 0.919922 0.188477 0.917969 0.181641 0.922852 0.187500 0.923828
0 0.561523 0.244141 0.559570 0.253906 0.563477 0.254883 0.565430 0.247070 0.564453 0.244141
0 0.765625 0.484375 0.765625 0.489258 0.772461 0.493164 0.772461 0.488281
0 0.884766 0.952148 0.883789 0.959961 0.887695 0.962891 0.888672 0.954102
0 0.302734 0.830078 0.298828 0.833008 0.299805 0.839844 0.303711 0.837891
0 0.367188 0.666992 0.371094 0.673828 0.376953 0.674805 0.373047 0.666992
0 0.936523 0.689453 0.937500 0.698242 0.941406 0.701172 0.941406 0.692383
0 0.020508 0.456055 0.012695 0.457031 0.010742 0.462891 0.016602 0.461914
0 0.172852 0.126953 0.165039 0.127930 0.163086 0.133789 0.171875 0.130859
0 0.558594 0.872070 0.554688 0.874023 0.555664 0.883789 0.559570 0.877930
0 0.298828 0.455078 0.296875 0.456055 0.295898 0.462891 0.297852 0.467773 0.300781 0.468750 0.302734 0.460938
0 0.473633 0.876953 0.476562 0.881836 0.483398 0.882812 0.480469 0.877930
0 0.577148 0.141602 0.577148 0.143555 0.584961 0.146484 0.589844 0.144531 0.586914 0.140625
0 0.697266 0.426758 0.702148 0.428711 0.709961 0.423828 0.700195 0.422852
0 0.193359 0.068359 0.191406 0.078125 0.195312 0.079102 0.196289 0.071289
0 0.693359 0.221680 0.692383 0.231445 0.695312 0.231445 0.696289 0.223633
0 0.536133 0.296875 0.536133 0.303711 0.541016 0.307617 0.541016 0.300781