0 0.487305 0.362305 0.486328 0.371094 0.490234 0.372070 0.491211 0.365234 0.490234 0.362305
0 0.433594 0.968750 0.438477 0.969727 0.443359 0.965820 0.436523 0.964844
0 0.568359 0.657227 0.560547 0.658203 0.558594 0.663086 0.566406 0.662109
0 0.941406 0.821289 0.940430 0.827148 0.945312 0.831055 0.945312 0.824219
0 0.841797 0.766602 0.844727 0.772461 0.850586 0.773438 0.847656 0.767578
0 0.939453 0.921875 0.934570 0.920898 0.929688 0.922852 0.929688 0.924805 0.936523 0.925781
0 0.655273 0.892578 0.648438 0.896484 0.647461 0.902344 0.649414 0.903320 0.654297 0.899414
0 0.796875 0.921875 0.795898 0.928711 0.800781 0.933594 0.801758 0.926758 0.799805 0.921875
0 0.306641 0.609375 0.304688 0.611328 0.305664 0.620117 0.308594 0.614258
0 0.788086 0.372070 0.788086 0.375000 0.794922 0.377930 0.797852 0.376953 0.796875 0.374023
0 0.844727 0.115234 0.836914 0.117188 0.835938 0.121094 0.842773 0.120117
0 0.893555 0.866211 0.900391 0.867188 0.905273 0.862305 0.896484 0.861328 0.893555 0.863281
0 0.265625 0.500000 0.261719 0.501953 0.262695 0.509766 0.266602 0.503906
0 0.625000 0.031250 0.625000 0.034180 0.628906 0.036133 0.635742 0.035156 0.631836 0.031250
0 0.165039 0.041992 0.159180 0.043945 0.159180 0.051758 0.164062 0.047852
0 0.451172 0.068359 0.451172 0.071289 0.455078 0.072266 0.463867 0.071289 0.461914 0.067383
0 0.493164 0.017578 0.493164 0.024414 0.497070 0.028320 0.498047 0.020508 0.496094 0.017578
0 0.190430 0.646484 0.183594 0.650391 0.182617 0.658203 0.189453 0.654297
0 0.145508 0.732422 0.138672 0.733398 0.135742 0.739258 0.143555 0.737305
0 0.115234 0.844727 0.115234 0.851562 0.117188 0.855469 0.120117 0.855469 0.120117 0.848633
0 0.367188 0.037109 0.363281 0.038086 0.362305 0.044922 0.367188 0.041992
0 0.182617 0.782227 0.183594 0.785156 0.189453 0.788086 0.195312 0.788086 0.195312 0.784180 0.189453 0.781250
0 0.131836 0.686523 0.129883 0.696289 0.134766 0.702148 0.136719 0.694336 0.133789 0.686523
0 0.366211 0.654297 0.362305 0.656250 0.361328 0.664062 0.366211 0.660156
0 0.909180 0.500977 0.909180 0.507812 0.915039 0.512695 0.915039 0.504883 0.912109 0.500977
0 0.942383 0.419922 0.933594 0.421875 0.930664 0.426758 0.938477 0.426758
0 0.317383 0.256836 0.322266 0.257812 0.327148 0.252930 0.319336 0.252930
0 0.735352 0.954102 0.733398 0.952148 0.728516 0.953125 0.724609 0.958008 0.732422 0.957031
0 0.221680 0.267578 0.219727 0.265625 0.213867 0.266602 0.210938 0.271484 0.218750 0.270508
0 0.589844 0.841797 0.582031 0.841797 0.577148 0.846680 0.586914 0.846680 0.589844 0.844727
0 0.750977 0.337891 0.749023 0.345703 0.751953 0.350586 0.753906 0.340820
0 0.238281 0.073242 0.239258 0.076172 0.249023 0.074219 0.246094 0.071289
0 0.743164 0.750977 0.743164 0.758789 0.750000 0.764648 0.750000 0.754883
0 0.354492 0.556641 0.349609 0.560547 0.349609 0.567383 0.354492 0.565430
0 0.013672 0.349609 0.015625 0.352539 0.024414 0.351562 0.020508 0.347656
0 0.357422 0.848633 0.353516 0.851562 0.356445 0.861328 0.359375 0.855469
0 0.163086 0.380859 0.163086 0.382812 0.166992 0.383789 0.171875 0.382812 0.170898 0.379883
0 0.646484 0.697266 0.642578 0.701172 0.643555 0.708008 0.647461 0.703125
0 0.063477 0.552734 0.057617 0.554688 0.056641 0.562500 0.062500 0.558594
0 0.218750 0.883789 0.210938 0.883789 0.208008 0.885742 0.208008 0.888672 0.214844 0.888672
0 0.607422 0.739258 0.601562 0.738281 0.595703 0.744141 0.604492 0.744141 0.607422 0.742188
0 0.826172 0.750000 0.829102 0.754883 0.836914 0.754883 0.832031 0.750000
0 0.435547 0.353516 0.440430 0.359375 0.446289 0.358398 0.442383 0.353516
0 0.203125 0.905273 0.200195 0.906250 0.200195 0.914062 0.204102 0.910156
0 0.034180 0.834961 0.036133 0.842773 0.040039 0.845703 0.041992 0.844727 0.040039 0.836914
0 0.176758 0.785156 0.173828 0.785156 0.169922 0.791992 0.174805 0.791016
0 0.955078 0.768555 0.952148 0.771484 0.953125 0.778320 0.956055 0.776367
0 0.961914 0.306641 0.969727 0.306641 0.973633 0.303711 0.972656 0.301758 0.966797 0.301758
0 0.785156 0.600586 0.786133 0.605469 0.792969 0.608398 0.791992 0.603516
0 0.603516 0.611328 0.602539 0.616211 0.608398 0.623047 0.608398 0.614258 0.606445 0.611328
0 0.977539 0.889648 0.971680 0.890625 0.968750 0.896484 0.973633 0.895508
0 0.082031 0.760742 0.082031 0.767578 0.084961 0.772461 0.087891 0.772461 0.086914 0.762695
0 0.595703 0.332031 0.596680 0.336914 0.605469 0.338867 0.602539 0.333984
0 0.765625 0.383789 0.759766 0.389648 0.760742 0.395508 0.765625 0.392578
0 0.731445 0.122070 0.730469 0.126953 0.735352 0.134766 0.736328 0.126953
0 0.250000 0.568359 0.248047 0.567383 0.243164 0.570312 0.241211 0.575195 0.247070 0.574219
0 0.890625 0.652344 0.887695 0.653320 0.889648 0.664062 0.891602 0.660156
0 0.968750 0.910156 0.962891 0.910156 0.957031 0.915039 0.964844 0.916016 0.968750 0.913086
0 0.335938 0.260742 0.332031 0.260742 0.328125 0.266602 0.333984 0.265625
0 0.421875 0.347656 0.418945 0.347656 0.416992 0.350586 0.417969 0.357422 0.421875 0.352539