0 0.164062 0.062500 0.156250 0.062500 0.150391 0.068359 0.160156 0.068359 0.164062 0.065430
0 0.051758 0.460938 0.046875 0.459961 0.041992 0.463867 0.048828 0.464844
0 0.963867 0.459961 0.966797 0.462891 0.973633 0.461914 0.970703 0.458008
0 0.456055 0.627930 0.459961 0.631836 0.466797 0.630859 0.466797 0.627930 0.462891 0.625977
0 0.804688 0.069336 0.807617 0.075195 0.811523 0.076172 0.814453 0.074219 0.812500 0.070312
0 0.458984 0.461914 0.466797 0.460938 0.469727 0.458984 0.469727 0.456055 0.460938 0.457031
0 0.449219 0.290039 0.449219 0.295898 0.453125 0.299805 0.454102 0.293945 0.452148 0.290039
0 0.906250 0.827148 0.899414 0.829102 0.896484 0.836914 0.902344 0.834961
0 0.296875 0.173828 0.299805 0.182617 0.304688 0.184570 0.303711 0.176758
0 0.045898 0.159180 0.049805 0.163086 0.055664 0.164062 0.055664 0.160156
0 0.633789 0.504883 0.625000 0.505859 0.619141 0.512695 0.629883 0.511719
0 0.802734 0.079102 0.796875 0.082031 0.796875 0.087891 0.801758 0.085938
0 0.177734 0.035156 0.174805 0.043945 0.178711 0.050781 0.180664 0.041016
0 0.291992 0.747070 0.295898 0.752930 0.301758 0.752930 0.300781 0.749023
0 0.490234 0.028320 0.490234 0.032227 0.496094 0.036133 0.495117 0.030273
0 0.777344 0.364258 0.772461 0.366211 0.770508 0.375000 0.775391 0.374023
0 0.102539 0.488281 0.105469 0.494141 0.111328 0.495117 0.109375 0.490234
0 0.756836 0.355469 0.756836 0.363281 0.761719 0.367188 0.762695 0.358398
0 0.263672 0.057617 0.254883 0.059570 0.254883 0.062500 0.261719 0.062500
0 0.476562 0.231445 0.472656 0.236328 0.473633 0.245117 0.476562 0.244141 0.478516 0.239258
0 0.837891 0.361328 0.837891 0.366211 0.841797 0.371094 0.841797 0.363281
0 0.983398 0.469727 0.983398 0.472656 0.986328 0.473633 0.993164 0.472656 0.993164 0.470703 0.988281 0.468750
0 0.593750 0.310547 0.600586 0.311523 0.603516 0.307617 0.597656 0.306641
0 0.491211 0.975586 0.496094 0.980469 0.500000 0.979492 0.496094 0.975586
0 0.638672 0.020508 0.631836 0.021484 0.628906 0.025391 0.633789 0.026367
0 0.518555 0.570312 0.519531 0.577148 0.528320 0.582031 0.529297 0.579102 0.526367 0.573242
0 0.364258 0.168945 0.360352 0.166992 0.354492 0.170898 0.359375 0.171875
0 0.640625 0.362305 0.636719 0.363281 0.635742 0.370117 0.639648 0.367188
0 0.046875 0.849609 0.039062 0.851562 0.037109 0.856445 0.042969 0.856445
0 0.281250 0.710938 0.277344 0.712891 0.278320 0.720703 0.281250 0.717773
0 0.690430 0.427734 0.686523 0.428711 0.686523 0.436523 0.690430 0.433594
0 0.707031 0.321289 0.700195 0.323242 0.697266 0.329102 0.703125 0.329102 0.707031 0.325195
0 0.553711 0.550781 0.547852 0.553711 0.546875 0.558594 0.552734 0.556641
0 0.611328 0.767578 0.599609 0.769531 0.598633 0.774414 0.609375 0.772461
0 0.759766 0.669922 0.767578 0.669922 0.769531 0.666016 0.761719 0.666016
0 0.163086 0.836914 0.165039 0.846680 0.168945 0.847656 0.167969 0.839844
0 0.069336 0.394531 0.073242 0.397461 0.078125 0.396484 0.078125 0.394531 0.072266 0.392578
0 0.082031 0.849609 0.085938 0.854492 0.093750 0.852539 0.087891 0.848633
0 0.500977 0.343750 0.500977 0.349609 0.504883 0.353516 0.504883 0.345703
0 0.157227 0.319336 0.157227 0.323242 0.164062 0.326172 0.163086 0.322266
0 0.726562 0.509766 0.728516 0.512695 0.735352 0.512695 0.733398 0.509766
0 0.103516 0.400391 0.102539 0.407227 0.107422 0.412109 0.108398 0.406250 0.106445 0.401367
0 0.400391 0.824219 0.401367 0.829102 0.408203 0.832031 0.407227 0.827148
0 0.880859 0.333008 0.875977 0.333984 0.874023 0.340820 0.879883 0.336914
0 0.859375 0.382812 0.856445 0.382812 0.854492 0.386719 0.855469 0.395508 0.860352 0.390625
0 0.472656 0.438477 0.475586 0.447266 0.479492 0.448242 0.479492 0.442383
0 0.168945 0.934570 0.168945 0.939453 0.171875 0.942383 0.172852 0.937500
0 0.135742 0.833008 0.128906 0.834961 0.125977 0.840820 0.133789 0.839844 0.136719 0.834961
0 0.049805 0.733398 0.048828 0.743164 0.051758 0.748047 0.054688 0.748047 0.055664 0.741211
0 0.403320 0.812500 0.407227 0.816406 0.415039 0.815430 0.413086 0.811523 0.406250 0.810547
0 0.720703 0.422852 0.720703 0.429688 0.724609 0.431641 0.724609 0.425781
0 0.969727 0.099609 0.969727 0.102539 0.973633 0.105469 0.982422 0.104492 0.975586 0.098633
0 0.522461 0.971680 0.524414 0.976562 0.534180 0.977539 0.530273 0.972656
0 0.660156 0.450195 0.660156 0.453125 0.666992 0.457031 0.666992 0.454102
0 0.563477 0.119141 0.562500 0.127930 0.565430 0.130859 0.567383 0.122070
0 0.812500 0.981445 0.816406 0.986328 0.823242 0.986328 0.820312 0.981445
0 0.623047 0.750977 0.619141 0.752930 0.620117 0.760742 0.623047 0.757812
0 0.367188 0.950195 0.371094 0.954102 0.377930 0.952148 0.375000 0.949219
0 0.900391 0.152344 0.898438 0.150391 0.892578 0.151367 0.889648 0.156250 0.894531 0.157227
0 0.732422 0.374023 0.726562 0.376953 0.725586 0.382812 0.731445 0.379883
0 0.690430 0.346680 0.693359 0.348633 0.700195 0.347656 0.699219 0.344727
0 0.426758 0.630859 0.425781 0.639648 0.428711 0.641602 0.430664 0.633789 0.429688 0.630859
0 0.980469 0.622070 0.984375 0.625977 0.991211 0.625977 0.991211 0.623047 0.988281 0.621094