0 0.811523 0.986328 0.814453 0.991211 0.818359 0.992188 0.818359 0.988281
0 0.710938 0.428711 0.709961 0.433594 0.714844 0.437500 0.714844 0.432617
0 0.652344 0.566406 0.655273 0.570312 0.660156 0.571289 0.658203 0.567383
0 0.827148 0.331055 0.822266 0.332031 0.818359 0.337891 0.823242 0.338867
0 0.077148 0.053711 0.081055 0.060547 0.085938 0.060547 0.083008 0.054688
0 0.880859 0.071289 0.878906 0.077148 0.879883 0.082031 0.882812 0.083008 0.883789 0.072266
0 0.677734 0.791016 0.680664 0.796875 0.687500 0.796875 0.684570 0.791992
0 0.061523 0.610352 0.053711 0.612305 0.052734 0.616211 0.059570 0.615234
0 0.538086 0.546875 0.534180 0.546875 0.531250 0.549805 0.530273 0.555664 0.538086 0.550781
0 0.017578 0.131836 0.007812 0.133789 0.006836 0.138672 0.013672 0.137695 0.017578 0.134766
0 0.561523 0.410156 0.556641 0.410156 0.552734 0.416016 0.559570 0.415039
0 0.494141 0.363281 0.497070 0.368164 0.504883 0.368164 0.502930 0.364258
0 0.937500 0.528320 0.937500 0.536133 0.941406 0.538086 0.941406 0.531250
0 0.830078 0.246094 0.829102 0.255859 0.832031 0.256836 0.833984 0.248047
0 0.779297 0.097656 0.774414 0.099609 0.773438 0.106445 0.779297 0.102539
0 0.805664 0.727539 0.807617 0.730469 0.815430 0.731445 0.815430 0.728516 0.812500 0.726562
0 0.542969 0.448242 0.546875 0.454102 0.550781 0.455078 0.549805 0.450195
0 0.207031 0.566406 0.202148 0.565430 0.196289 0.571289 0.203125 0.571289
0 0.664062 0.969727 0.658203 0.969727 0.654297 0.974609 0.658203 0.975586
0 0.593750 0.357422 0.586914 0.359375 0.583984 0.366211 0.589844 0.365234
0 0.675781 0.207031 0.680664 0.208008 0.687500 0.205078 0.687500 0.203125 0.679688 0.202148 0.675781 0.204102
0 0.214844 0.141602 0.217773 0.145508 0.222656 0.145508 0.226562 0.142578 0.220703 0.139648
0 0.966797 0.455078 0.965820 0.460938 0.969727 0.465820 0.970703 0.458008
0 0.081055 0.290039 0.083984 0.295898 0.089844 0.295898 0.086914 0.291016
0 0.899414 0.249023 0.892578 0.250000 0.889648 0.255859 0.897461 0.253906
0 0.909180 0.216797 0.905273 0.217773 0.901367 0.222656 0.908203 0.222656