0 0.382812 0.587891 0.386719 0.596680 0.393555 0.597656 0.390625 0.590820
0 0.706055 0.290039 0.706055 0.295898 0.712891 0.299805 0.710938 0.291992
0 0.857422 0.951172 0.851562 0.956055 0.851562 0.966797 0.854492 0.966797 0.857422 0.961914
0 0.472656 0.279297 0.468750 0.283203 0.470703 0.289062 0.473633 0.284180
0 0.211914 0.111328 0.208984 0.111328 0.207031 0.114258 0.207031 0.121094 0.211914 0.118164
0 0.775391 0.794922 0.779297 0.800781 0.785156 0.800781 0.783203 0.795898
0 0.045898 0.493164 0.041992 0.496094 0.041992 0.504883 0.046875 0.500977 0.047852 0.495117
0 0.340820 0.774414 0.339844 0.782227 0.340820 0.785156 0.343750 0.785156 0.344727 0.778320
0 0.388672 0.503906 0.388672 0.508789 0.394531 0.512695 0.393555 0.506836
0 0.923828 0.515625 0.927734 0.522461 0.932617 0.522461 0.930664 0.516602
0 0.625000 0.959961 0.629883 0.959961 0.632812 0.956055 0.627930 0.956055
0 0.790039 0.620117 0.783203 0.620117 0.781250 0.625977 0.789062 0.623047
0 0.643555 0.149414 0.646484 0.153320 0.653320 0.153320 0.653320 0.150391 0.649414 0.148438
0 0.826172 0.298828 0.826172 0.303711 0.831055 0.308594 0.831055 0.301758 0.829102 0.298828
0 0.688477 0.101562 0.689453 0.107422 0.694336 0.110352 0.692383 0.102539
0 0.523438 0.588867 0.523438 0.593750 0.529297 0.597656 0.528320 0.591797
0 0.726562 0.042969 0.733398 0.043945 0.735352 0.040039 0.728516 0.040039
0 0.690430 0.812500 0.692383 0.819336 0.697266 0.821289 0.697266 0.815430 0.694336 0.812500
0 0.883789 0.572266 0.887695 0.577148 0.894531 0.576172 0.891602 0.572266
0 0.445312 0.609375 0.449219 0.613281 0.454102 0.613281 0.452148 0.609375
0 0.426758 0.365234 0.418945 0.365234 0.415039 0.373047 0.422852 0.371094
0 0.697266 0.557617 0.688477 0.559570 0.686523 0.563477 0.694336 0.562500
0 0.509766 0.692383 0.508789 0.702148 0.510742 0.705078 0.513672 0.705078 0.513672 0.696289
0 0.304688 0.905273 0.308594 0.910156 0.312500 0.908203 0.310547 0.905273
0 0.677734 0.645508 0.675781 0.652344 0.679688 0.656250 0.680664 0.648438
0 0.373047 0.960938 0.375000 0.969727 0.378906 0.971680 0.377930 0.962891
0 0.532227 0.038086 0.528320 0.041992 0.528320 0.051758 0.531250 0.051758 0.534180 0.044922 0.534180 0.039062
0 0.608398 0.735352 0.604492 0.736328 0.604492 0.744141 0.607422 0.742188
0 0.810547 0.720703 0.810547 0.727539 0.812500 0.730469 0.815430 0.730469 0.814453 0.723633
0 0.224609 0.606445 0.226562 0.613281 0.231445 0.615234 0.230469 0.609375
0 0.375977 0.701172 0.375977 0.704102 0.378906 0.706055 0.387695 0.704102 0.385742 0.701172
0 0.117188 0.532227 0.123047 0.533203 0.128906 0.528320 0.121094 0.527344
0 0.529297 0.130859 0.531250 0.136719 0.539062 0.138672 0.535156 0.131836
0 0.963867 0.399414 0.963867 0.401367 0.968750 0.403320 0.975586 0.402344 0.975586 0.399414 0.971680 0.397461
0 0.501953 0.090820 0.499023 0.090820 0.497070 0.093750 0.496094 0.102539 0.499023 0.102539 0.500977 0.099609
0 0.230469 0.877930 0.228516 0.886719 0.231445 0.893555 0.234375 0.893555 0.235352 0.884766 0.232422 0.877930
0 0.222656 0.553711 0.217773 0.556641 0.215820 0.563477 0.220703 0.562500
0 0.697266 0.231445 0.692383 0.234375 0.691406 0.241211 0.696289 0.239258
0 0.364258 0.641602 0.359375 0.643555 0.357422 0.653320 0.363281 0.649414
0 0.594727 0.883789 0.592773 0.885742 0.592773 0.892578 0.596680 0.896484 0.597656 0.885742
0 0.043945 0.851562 0.044922 0.857422 0.051758 0.861328 0.050781 0.854492
0 0.292969 0.493164 0.294922 0.496094 0.304688 0.496094 0.302734 0.492188
0 0.215820 0.685547 0.215820 0.692383 0.219727 0.696289 0.220703 0.688477
0 0.788086 0.834961 0.789062 0.838867 0.796875 0.838867 0.793945 0.834961
0 0.769531 0.326172 0.769531 0.332031 0.775391 0.334961 0.774414 0.329102
0 0.508789 0.155273 0.507812 0.161133 0.511719 0.166016 0.513672 0.157227
0 0.432617 0.510742 0.433594 0.515625 0.437500 0.519531 0.445312 0.520508 0.441406 0.513672
0 0.130859 0.748047 0.128906 0.750000 0.131836 0.757812 0.134766 0.757812 0.134766 0.750977
0 0.177734 0.979492 0.176758 0.986328 0.180664 0.989258 0.181641 0.984375 0.179688 0.979492
0 0.140625 0.341797 0.140625 0.344727 0.143555 0.346680 0.151367 0.346680 0.151367 0.343750 0.147461 0.341797
0 0.420898 0.500000 0.421875 0.502930 0.429688 0.501953 0.429688 0.499023
0 0.113281 0.674805 0.108398 0.678711 0.109375 0.687500 0.114258 0.682617
0 0.455078 0.467773 0.456055 0.470703 0.465820 0.470703 0.467773 0.468750 0.466797 0.465820
0 0.889648 0.948242 0.889648 0.953125 0.897461 0.957031 0.895508 0.950195
0 0.072266 0.129883 0.067383 0.133789 0.067383 0.137695 0.071289 0.136719
0 0.805664 0.781250 0.797852 0.785156 0.796875 0.791992 0.801758 0.791016 0.806641 0.786133