0 0.918945 0.020508 0.921875 0.024414 0.930664 0.024414 0.930664 0.021484 0.927734 0.019531
0 0.756836 0.579102 0.757812 0.582031 0.765625 0.581055 0.762695 0.578125
0 0.567383 0.915039 0.562500 0.917969 0.561523 0.923828 0.568359 0.919922
0 0.956055 0.912109 0.948242 0.912109 0.944336 0.919922 0.952148 0.917969
0 0.008789 0.956055 0.009766 0.959961 0.016602 0.960938 0.012695 0.956055
0 0.663086 0.108398 0.656250 0.114258 0.657227 0.123047 0.662109 0.119141
0 0.743164 0.601562 0.744141 0.604492 0.753906 0.602539 0.753906 0.599609 0.747070 0.598633
0 0.268555 0.236328 0.269531 0.243164 0.274414 0.247070 0.273438 0.238281
0 0.192383 0.814453 0.193359 0.819336 0.199219 0.823242 0.197266 0.815430
0 0.458984 0.117188 0.454102 0.120117 0.453125 0.125977 0.458984 0.122070
0 0.791992 0.394531 0.794922 0.398438 0.802734 0.397461 0.798828 0.393555
0 0.885742 0.237305 0.879883 0.238281 0.875977 0.244141 0.883789 0.243164
0 0.888672 0.103516 0.885742 0.103516 0.883789 0.106445 0.885742 0.114258
0 0.250000 0.969727 0.242188 0.968750 0.239258 0.973633 0.246094 0.973633
0 0.329102 0.509766 0.323242 0.512695 0.323242 0.519531 0.328125 0.516602
0 0.436523 0.472656 0.431641 0.475586 0.431641 0.482422 0.435547 0.480469
0 0.190430 0.677734 0.186523 0.677734 0.185547 0.687500 0.189453 0.684570
0 0.957031 0.839844 0.951172 0.839844 0.946289 0.844727 0.954102 0.844727 0.957031 0.842773
0 0.038086 0.205078 0.041992 0.210938 0.047852 0.210938 0.045898 0.206055
0 0.515625 0.925781 0.520508 0.930664 0.527344 0.929688 0.523438 0.924805
0 0.926758 0.931641 0.920898 0.934570 0.919922 0.943359 0.925781 0.938477
0 0.019531 0.568359 0.011719 0.570312 0.009766 0.574219 0.017578 0.573242
0 0.150391 0.918945 0.143555 0.919922 0.140625 0.926758 0.147461 0.924805
0 0.210938 0.663086 0.210938 0.669922 0.214844 0.673828 0.214844 0.664062
0 0.319336 0.159180 0.313477 0.160156 0.310547 0.166016 0.316406 0.165039
0 0.934570 0.925781 0.934570 0.928711 0.937500 0.930664 0.945312 0.928711 0.942383 0.925781
0 0.427734 0.120117 0.423828 0.123047 0.422852 0.131836 0.426758 0.130859 0.428711 0.126953
0 0.102539 0.449219 0.100586 0.457031 0.101562 0.459961 0.104492 0.459961 0.105469 0.452148
0 0.738281 0.773438 0.732422 0.774414 0.730469 0.779297 0.736328 0.778320
0 0.657227 0.986328 0.660156 0.992188 0.664062 0.993164 0.666992 0.991211 0.665039 0.987305
0 0.448242 0.145508 0.452148 0.151367 0.458008 0.152344 0.457031 0.147461
0 0.156250 0.055664 0.158203 0.060547 0.166016 0.061523 0.163086 0.056641
0 0.689453 0.501953 0.693359 0.506836 0.697266 0.504883 0.695312 0.501953
0 0.026367 0.270508 0.020508 0.272461 0.018555 0.277344 0.024414 0.276367
0 0.226562 0.873047 0.220703 0.875000 0.218750 0.880859 0.222656 0.880859
0 0.544922 0.775391 0.540039 0.775391 0.536133 0.782227 0.542969 0.781250
0 0.541016 0.693359 0.534180 0.694336 0.531250 0.700195 0.539062 0.698242
0 0.132812 0.121094 0.133789 0.128906 0.137695 0.129883 0.136719 0.122070
0 0.963867 0.407227 0.958984 0.413086 0.959961 0.418945 0.962891 0.418945 0.964844 0.416016
0 0.476562 0.469727 0.475586 0.474609 0.478516 0.480469 0.479492 0.470703
0 0.610352 0.315430 0.612305 0.323242 0.618164 0.325195 0.617188 0.319336
0 0.797852 0.731445 0.797852 0.734375 0.800781 0.735352 0.807617 0.734375 0.802734 0.730469
0 0.523438 0.829102 0.518555 0.827148 0.511719 0.831055 0.522461 0.832031
0 0.720703 0.315430 0.724609 0.319336 0.730469 0.318359 0.728516 0.314453
0 0.246094 0.592773 0.241211 0.594727 0.241211 0.603516 0.246094 0.598633
0 0.767578 0.678711 0.760742 0.682617 0.759766 0.688477 0.766602 0.685547
0 0.463867 0.165039 0.463867 0.170898 0.466797 0.173828 0.467773 0.167969
0 0.642578 0.145508 0.644531 0.150391 0.653320 0.152344 0.650391 0.146484
0 0.904297 0.157227 0.905273 0.159180 0.915039 0.159180 0.916016 0.155273
0 0.989258 0.581055 0.985352 0.583008 0.983398 0.589844 0.988281 0.588867
0 0.406250 0.660156 0.404297 0.666016 0.407227 0.671875 0.410156 0.672852 0.410156 0.664062