0 0.928711 0.847656 0.920898 0.849609 0.919922 0.854492 0.924805 0.853516
0 0.388672 0.627930 0.392578 0.631836 0.399414 0.630859 0.396484 0.627930
0 0.568359 0.357422 0.568359 0.363281 0.573242 0.367188 0.573242 0.362305
0 0.801758 0.766602 0.794922 0.770508 0.794922 0.777344 0.800781 0.773438
0 0.302734 0.475586 0.294922 0.477539 0.292969 0.483398 0.300781 0.481445
0 0.936523 0.608398 0.930664 0.608398 0.927734 0.614258 0.935547 0.612305
0 0.924805 0.650391 0.916992 0.651367 0.916016 0.654297 0.920898 0.655273
0 0.877930 0.231445 0.879883 0.236328 0.887695 0.237305 0.884766 0.232422
0 0.119141 0.213867 0.112305 0.216797 0.110352 0.224609 0.113281 0.224609 0.118164 0.219727
0 0.790039 0.182617 0.791016 0.187500 0.794922 0.189453 0.801758 0.188477 0.798828 0.183594
0 0.062500 0.362305 0.056641 0.367188 0.058594 0.374023 0.062500 0.371094
0 0.589844 0.679688 0.583984 0.679688 0.577148 0.685547 0.584961 0.686523 0.589844 0.682617
0 0.071289 0.667969 0.070312 0.674805 0.074219 0.679688 0.075195 0.669922
0 0.628906 0.338867 0.624023 0.337891 0.618164 0.343750 0.624023 0.343750
0 0.600586 0.552734 0.592773 0.553711 0.590820 0.559570 0.598633 0.557617
0 0.294922 0.692383 0.296875 0.696289 0.306641 0.696289 0.302734 0.691406
0 0.940430 0.029297 0.933594 0.030273 0.930664 0.035156 0.938477 0.034180
0 0.080078 0.775391 0.075195 0.776367 0.074219 0.785156 0.078125 0.783203
0 0.465820 0.284180 0.461914 0.286133 0.461914 0.292969 0.465820 0.291016
0 0.266602 0.007812 0.266602 0.014648 0.272461 0.017578 0.271484 0.010742
0 0.445312 0.836914 0.448242 0.841797 0.454102 0.842773 0.450195 0.835938
0 0.541992 0.054688 0.548828 0.056641 0.552734 0.052734 0.546875 0.051758
0 0.473633 0.765625 0.464844 0.767578 0.462891 0.771484 0.470703 0.771484
0 0.576172 0.971680 0.568359 0.973633 0.564453 0.980469 0.573242 0.978516
0 0.962891 0.894531 0.962891 0.902344 0.966797 0.904297 0.966797 0.895508
0 0.160156 0.217773 0.153320 0.218750 0.150391 0.223633 0.158203 0.222656
0 0.550781 0.766602 0.547852 0.767578 0.548828 0.776367 0.551758 0.773438
0 0.482422 0.091797 0.486328 0.094727 0.493164 0.094727 0.493164 0.091797 0.488281 0.089844
0 0.168945 0.665039 0.165039 0.665039 0.163086 0.668945 0.164062 0.676758 0.168945 0.671875
0 0.169922 0.793945 0.174805 0.800781 0.180664 0.800781 0.177734 0.794922
0 0.750000 0.222656 0.750000 0.225586 0.759766 0.225586 0.758789 0.221680
0 0.763672 0.640625 0.764648 0.646484 0.771484 0.650391 0.769531 0.643555
0 0.518555 0.434570 0.517578 0.442383 0.519531 0.445312 0.522461 0.445312 0.521484 0.436523
0 0.267578 0.412109 0.268555 0.418945 0.274414 0.420898 0.274414 0.416992
0 0.218750 0.793945 0.218750 0.802734 0.225586 0.807617 0.225586 0.799805
0 0.768555 0.270508 0.762695 0.271484 0.759766 0.276367 0.765625 0.275391
0 0.090820 0.708984 0.092773 0.713867 0.098633 0.714844 0.094727 0.708984
0 0.916016 0.851562 0.909180 0.852539 0.908203 0.856445 0.913086 0.855469
0 0.377930 0.498047 0.381836 0.501953 0.387695 0.500977 0.382812 0.497070
0 0.009766 0.815430 0.012695 0.821289 0.018555 0.822266 0.015625 0.816406
0 0.486328 0.939453 0.482422 0.942383 0.483398 0.949219 0.488281 0.944336
0 0.166992 0.546875 0.169922 0.551758 0.175781 0.553711 0.178711 0.551758 0.170898 0.544922
0 0.084961 0.262695 0.083008 0.270508 0.084961 0.275391 0.087891 0.275391 0.088867 0.266602
0 0.653320 0.416992 0.652344 0.423828 0.655273 0.427734 0.656250 0.420898
0 0.412109 0.208008 0.415039 0.211914 0.421875 0.210938 0.416992 0.207031
0 0.849609 0.732422 0.851562 0.739258 0.856445 0.742188 0.857422 0.737305
0 0.171875 0.485352 0.169922 0.491211 0.171875 0.497070 0.174805 0.497070 0.175781 0.491211
0 0.682617 0.267578 0.681641 0.273438 0.687500 0.278320 0.687500 0.271484
0 0.340820 0.292969 0.343750 0.295898 0.351562 0.294922 0.351562 0.292969 0.345703 0.291016
0 0.201172 0.544922 0.202148 0.548828 0.207031 0.551758 0.207031 0.547852
0 0.045898 0.680664 0.047852 0.684570 0.056641 0.682617
0 0.898438 0.220703 0.900391 0.228516 0.906250 0.230469 0.904297 0.222656
0 0.961914 0.278320 0.962891 0.288086 0.966797 0.289062 0.966797 0.280273
0 0.918945 0.091797 0.915039 0.093750 0.914062 0.100586 0.917969 0.099609
0 0.719727 0.618164 0.720703 0.622070 0.724609 0.625000 0.728516 0.624023 0.724609 0.618164
0 0.666016 0.955078 0.666992 0.959961 0.674805 0.963867 0.673828 0.958008
0 0.333008 0.201172 0.328125 0.204102 0.327148 0.213867 0.333008 0.208008
0 0.480469 0.975586 0.476562 0.974609 0.471680 0.978516 0.478516 0.979492
0 0.330078 0.730469 0.326172 0.731445 0.324219 0.738281 0.330078 0.735352
0 0.774414 0.532227 0.770508 0.534180 0.770508 0.541992 0.774414 0.539062
0 0.913086 0.218750 0.916016 0.222656 0.923828 0.222656 0.919922 0.217773
0 0.089844 0.435547 0.089844 0.440430 0.095703 0.445312 0.095703 0.438477
0 0.924805 0.376953 0.920898 0.380859 0.921875 0.386719 0.925781 0.381836
0 0.593750 0.296875 0.594727 0.303711 0.598633 0.305664 0.597656 0.297852
0 0.520508 0.582031 0.524414 0.585938 0.531250 0.583984 0.527344 0.581055
0 0.865234 0.127930 0.867188 0.138672 0.869141 0.129883