0 0.859375 0.765625 0.861328 0.772461 0.866211 0.774414 0.866211 0.769531
0 0.217773 0.321289 0.219727 0.325195 0.227539 0.326172 0.221680 0.320312
0 0.275391 0.067383 0.270508 0.066406 0.264648 0.072266 0.271484 0.072266 0.275391 0.070312
0 0.100586 0.157227 0.099609 0.162109 0.102539 0.166992 0.103516 0.159180
0 0.052734 0.918945 0.053711 0.926758 0.058594 0.928711 0.056641 0.920898
0 0.062500 0.875000 0.057617 0.880859 0.057617 0.886719 0.063477 0.882812
0 0.295898 0.858398 0.297852 0.867188 0.303711 0.869141 0.300781 0.860352
0 0.130859 0.861328 0.130859 0.868164 0.134766 0.870117 0.134766 0.864258
0 0.267578 0.197266 0.269531 0.201172 0.276367 0.202148 0.273438 0.197266
0 0.702148 0.525391 0.702148 0.528320 0.713867 0.529297 0.709961 0.524414
0 0.875977 0.853516 0.875000 0.858398 0.884766 0.863281 0.885742 0.859375
0 0.655273 0.019531 0.652344 0.019531 0.650391 0.023438 0.651367 0.028320 0.656250 0.023438
0 0.154297 0.865234 0.156250 0.867188 0.163086 0.867188 0.161133 0.863281
0 0.928711 0.569336 0.922852 0.568359 0.917969 0.574219 0.921875 0.575195
0 0.803711 0.512695 0.805664 0.520508 0.810547 0.522461 0.809570 0.514648
0 0.621094 0.567383 0.625977 0.572266 0.630859 0.571289 0.628906 0.567383
0 0.267578 0.424805 0.274414 0.425781 0.278320 0.421875 0.270508 0.420898
0 0.941406 0.564453 0.938477 0.562500 0.931641 0.563477 0.929688 0.567383 0.941406 0.567383
0 0.696289 0.943359 0.686523 0.943359 0.683594 0.947266 0.684570 0.949219 0.689453 0.949219 0.695312 0.946289
0 0.696289 0.882812 0.699219 0.889648 0.705078 0.890625 0.703125 0.884766
0 0.615234 0.577148 0.610352 0.575195 0.604492 0.577148 0.604492 0.579102 0.612305 0.581055
0 0.270508 0.907227 0.263672 0.909180 0.261719 0.916992 0.269531 0.912109
0 0.483398 0.455078 0.485352 0.461914 0.490234 0.463867 0.488281 0.456055
0 0.403320 0.251953 0.402344 0.257812 0.407227 0.262695 0.407227 0.254883
0 0.111328 0.164062 0.111328 0.166992 0.115234 0.168945 0.122070 0.167969 0.119141 0.164062
0 0.861328 0.791992 0.859375 0.798828 0.863281 0.804688 0.865234 0.795898
0 0.576172 0.521484 0.571289 0.523438 0.571289 0.530273 0.575195 0.527344
0 0.348633 0.697266 0.347656 0.706055 0.350586 0.708008 0.352539 0.699219
0 0.339844 0.172852 0.335938 0.174805 0.333984 0.181641 0.338867 0.180664
0 0.007812 0.823242 0.014648 0.824219 0.018555 0.819336 0.009766 0.819336
0 0.288086 0.714844 0.279297 0.714844 0.274414 0.719727 0.282227 0.720703
0 0.138672 0.972656 0.140625 0.982422 0.145508 0.985352 0.146484 0.980469 0.144531 0.976562
0 0.458008 0.377930 0.464844 0.382812 0.473633 0.379883 0.468750 0.376953
0 0.710938 0.057617 0.715820 0.057617 0.718750 0.053711 0.712891 0.053711
0 0.280273 0.281250 0.275391 0.281250 0.271484 0.288086 0.277344 0.287109
0 0.708984 0.563477 0.708984 0.566406 0.711914 0.567383 0.719727 0.565430 0.716797 0.562500
0 0.602539 0.192383 0.603516 0.197266 0.609375 0.200195 0.608398 0.195312
0 0.509766 0.473633 0.503906 0.474609 0.501953 0.478516 0.507812 0.477539
0 0.192383 0.581055 0.184570 0.581055 0.181641 0.585938 0.186523 0.586914
0 0.737305 0.467773 0.738281 0.474609 0.743164 0.478516 0.742188 0.469727
0 0.816406 0.601562 0.810547 0.602539 0.807617 0.609375 0.814453 0.607422
0 0.508789 0.619141 0.507812 0.625977 0.510742 0.631836 0.513672 0.631836 0.513672 0.622070 0.511719 0.619141
0 0.521484 0.536133 0.525391 0.542969 0.533203 0.543945 0.527344 0.536133
0 0.610352 0.651367 0.609375 0.658203 0.613281 0.661133 0.614258 0.654297
0 0.604492 0.213867 0.595703 0.213867 0.591797 0.218750 0.601562 0.218750
0 0.780273 0.710938 0.781250 0.718750 0.785156 0.720703 0.785156 0.714844
0 0.063477 0.343750 0.056641 0.344727 0.054688 0.348633 0.061523 0.348633
0 0.312500 0.294922 0.305664 0.294922 0.301758 0.299805 0.305664 0.300781
0 0.042969 0.355469 0.043945 0.357422 0.051758 0.356445 0.050781 0.353516
0 0.486328 0.870117 0.487305 0.875977 0.494141 0.877930 0.493164 0.873047
0 0.952148 0.841797 0.956055 0.847656 0.964844 0.848633 0.960938 0.842773
0 0.958984 0.443359 0.958008 0.451172 0.961914 0.453125 0.962891 0.447266
0 0.549805 0.328125 0.552734 0.333984 0.561523 0.335938 0.555664 0.328125
0 0.091797 0.055664 0.095703 0.064453 0.098633 0.065430 0.098633 0.058594 0.095703 0.055664
0 0.781250 0.375000 0.776367 0.379883 0.777344 0.385742 0.780273 0.383789