0 0.959961 0.923828 0.959961 0.929688 0.964844 0.933594 0.964844 0.927734
0 0.213867 0.516602 0.207031 0.520508 0.207031 0.527344 0.212891 0.523438
0 0.214844 0.099609 0.208984 0.101562 0.207031 0.106445 0.210938 0.106445
0 0.159180 0.125000 0.151367 0.125000 0.148438 0.128906 0.156250 0.129883 0.159180 0.127930
0 0.797852 0.154297 0.803711 0.154297 0.806641 0.150391 0.800781 0.149414 0.797852 0.151367
0 0.728516 0.068359 0.729492 0.073242 0.736328 0.075195 0.733398 0.069336
0 0.481445 0.925781 0.482422 0.930664 0.490234 0.932617 0.487305 0.926758
0 0.841797 0.218750 0.844727 0.223633 0.850586 0.224609 0.846680 0.217773
0 0.167969 0.868164 0.166016 0.870117 0.166016 0.876953 0.169922 0.881836 0.171875 0.872070
0 0.853516 0.714844 0.847656 0.715820 0.843750 0.722656 0.851562 0.720703
0 0.317383 0.818359 0.317383 0.825195 0.321289 0.829102 0.322266 0.821289
0 0.936523 0.576172 0.930664 0.578125 0.928711 0.583984 0.933594 0.583008
0 0.867188 0.047852 0.865234 0.049805 0.866211 0.058594 0.870117 0.052734
0 0.125000 0.753906 0.117188 0.755859 0.113281 0.761719 0.123047 0.759766
0 0.487305 0.623047 0.485352 0.629883 0.490234 0.633789 0.490234 0.625977
0 0.429688 0.171875 0.431641 0.175781 0.439453 0.174805 0.439453 0.172852 0.434570 0.170898
0 0.501953 0.712891 0.499023 0.712891 0.495117 0.717773 0.499023 0.718750
0 0.836914 0.544922 0.831055 0.547852 0.830078 0.554688 0.836914 0.550781
0 0.252930 0.205078 0.253906 0.208008 0.262695 0.206055 0.260742 0.203125
0 0.081055 0.690430 0.082031 0.694336 0.090820 0.693359 0.084961 0.689453
0 0.046875 0.958008 0.041992 0.958984 0.040039 0.966797 0.045898 0.962891
0 0.125000 0.919922 0.117188 0.921875 0.115234 0.925781 0.124023 0.924805
0 0.753906 0.124023 0.753906 0.132812 0.756836 0.133789 0.757812 0.126953
0 0.479492 0.179688 0.477539 0.186523 0.479492 0.191406 0.481445 0.191406 0.483398 0.182617 0.482422 0.179688
0 0.329102 0.530273 0.327148 0.532227 0.328125 0.542969 0.331055 0.542969 0.332031 0.532227
0 0.728516 0.186523 0.728516 0.193359 0.730469 0.197266 0.733398 0.197266 0.733398 0.189453 0.731445 0.186523
0 0.089844 0.158203 0.084961 0.157227 0.080078 0.161133 0.085938 0.162109
0 0.291016 0.466797 0.291016 0.472656 0.294922 0.475586 0.295898 0.469727 0.293945 0.466797
0 0.459961 0.775391 0.455078 0.777344 0.454102 0.787109 0.457031 0.787109
0 0.404297 0.556641 0.399414 0.556641 0.394531 0.562500 0.401367 0.562500
0 0.478516 0.966797 0.472656 0.967773 0.470703 0.972656 0.477539 0.970703
0 0.719727 0.171875 0.714844 0.173828 0.712891 0.179688 0.718750 0.177734
0 0.764648 0.252930 0.764648 0.255859 0.768555 0.257812 0.774414 0.256836 0.771484 0.252930
0 0.972656 0.103516 0.974609 0.111328 0.977539 0.112305 0.976562 0.104492
0 0.667969 0.186523 0.667969 0.192383 0.672852 0.195312 0.670898 0.187500
0 0.848633 0.106445 0.844727 0.106445 0.840820 0.113281 0.846680 0.112305
0 0.302734 0.662109 0.301758 0.667969 0.305664 0.669922 0.305664 0.665039
0 0.342773 0.887695 0.345703 0.893555 0.354492 0.895508 0.352539 0.889648
0 0.832031 0.473633 0.833984 0.475586 0.840820 0.475586 0.844727 0.471680 0.833984 0.470703
0 0.971680 0.511719 0.971680 0.514648 0.975586 0.516602 0.982422 0.516602 0.982422 0.513672 0.979492 0.511719
0 0.419922 0.409180 0.412109 0.408203 0.408203 0.410156 0.407227 0.415039 0.416992 0.413086
0 0.923828 0.623047 0.924805 0.627930 0.932617 0.630859 0.936523 0.629883 0.936523 0.626953 0.932617 0.624023
0 0.558594 0.427734 0.560547 0.433594 0.566406 0.435547 0.566406 0.431641
0 0.600586 0.208984 0.592773 0.213867 0.592773 0.218750 0.599609 0.215820
0 0.689453 0.815430 0.693359 0.821289 0.700195 0.821289 0.699219 0.816406
0 0.185547 0.703125 0.181641 0.708008 0.182617 0.712891 0.186523 0.711914
0 0.160156 0.675781 0.155273 0.673828 0.149414 0.675781 0.149414 0.677734 0.155273 0.679688 0.160156 0.677734
0 0.932617 0.252930 0.933594 0.255859 0.944336 0.254883 0.944336 0.251953 0.934570 0.250977
0 0.784180 0.324219 0.776367 0.329102 0.777344 0.333008 0.784180 0.329102
0 0.362305 0.080078 0.355469 0.081055 0.352539 0.086914 0.360352 0.084961
0 0.594727 0.324219 0.588867 0.325195 0.585938 0.331055 0.593750 0.329102
0 0.376953 0.727539 0.373047 0.727539 0.369141 0.735352 0.374023 0.734375
0 0.110352 0.412109 0.104492 0.412109 0.101562 0.416016 0.108398 0.416016
0 0.130859 0.156250 0.137695 0.157227 0.141602 0.153320 0.133789 0.152344
0 0.254883 0.377930 0.253906 0.383789 0.259766 0.389648 0.259766 0.382812
0 0.222656 0.570312 0.223633 0.575195 0.228516 0.578125 0.227539 0.572266
0 0.554688 0.656250 0.552734 0.666016 0.556641 0.666992 0.557617 0.659180
0 0.362305 0.290039 0.358398 0.291992 0.356445 0.298828 0.361328 0.296875
0 0.918945 0.746094 0.912109 0.746094 0.908203 0.752930 0.916992 0.751953