0 0.405273 0.875977 0.405273 0.880859 0.413086 0.883789 0.411133 0.878906
0 0.076172 0.535156 0.071289 0.537109 0.070312 0.546875 0.075195 0.542969
0 0.225586 0.413086 0.224609 0.420898 0.228516 0.425781 0.229492 0.416016 0.228516 0.413086
0 0.635742 0.523438 0.639648 0.529297 0.643555 0.529297 0.641602 0.524414
0 0.128906 0.029297 0.124023 0.031250 0.123047 0.041016 0.126953 0.039062
0 0.002930 0.900391 0.010742 0.900391 0.013672 0.896484 0.006836 0.895508
0 0.148438 0.039062 0.143555 0.041016 0.143555 0.052734 0.148438 0.047852
0 0.504883 0.132812 0.500977 0.135742 0.500977 0.142578 0.504883 0.139648
0 0.781250 0.480469 0.787109 0.486328 0.791992 0.484375 0.791992 0.481445 0.789062 0.479492
0 0.714844 0.965820 0.708984 0.968750 0.707031 0.977539 0.713867 0.974609
0 0.968750 0.639648 0.972656 0.644531 0.977539 0.643555 0.975586 0.639648
0 0.747070 0.026367 0.743164 0.029297 0.744141 0.038086 0.748047 0.033203
0 0.958008 0.724609 0.958008 0.726562 0.962891 0.728516 0.969727 0.727539 0.966797 0.723633 0.960938 0.722656
0 0.116211 0.405273 0.110352 0.406250 0.106445 0.411133 0.107422 0.413086 0.112305 0.412109
0 0.065430 0.209961 0.060547 0.210938 0.057617 0.216797 0.064453 0.214844
0 0.875000 0.834961 0.875000 0.839844 0.880859 0.842773 0.879883 0.837891
0 0.019531 0.283203 0.015625 0.281250 0.010742 0.283203 0.010742 0.285156 0.016602 0.286133
0 0.434570 0.667969 0.427734 0.668945 0.423828 0.675781 0.431641 0.674805
0 0.742188 0.806641 0.743164 0.811523 0.750000 0.814453 0.748047 0.808594
0 0.798828 0.884766 0.791992 0.886719 0.790039 0.892578 0.797852 0.889648
0 0.680664 0.682617 0.680664 0.687500 0.688477 0.691406 0.687500 0.686523
0 0.765625 0.497070 0.768555 0.502930 0.772461 0.503906 0.775391 0.501953 0.773438 0.498047
0 0.749023 0.760742 0.745117 0.763672 0.745117 0.772461 0.747070 0.772461 0.750000 0.766602
0 0.326172 0.891602 0.328125 0.895508 0.333008 0.897461 0.341797 0.895508 0.341797 0.892578 0.337891 0.890625
0 0.940430 0.649414 0.939453 0.656250 0.942383 0.659180 0.944336 0.654297 0.942383 0.649414
0 0.219727 0.101562 0.220703 0.103516 0.230469 0.102539 0.229492 0.099609
0 0.173828 0.730469 0.177734 0.735352 0.184570 0.734375 0.182617 0.730469
0 0.311523 0.870117 0.312500 0.874023 0.322266 0.872070 0.318359 0.869141
0 0.962891 0.415039 0.959961 0.416992 0.960938 0.425781 0.964844 0.421875
0 0.623047 0.723633 0.625000 0.727539 0.631836 0.728516 0.630859 0.724609
0 0.112305 0.952148 0.111328 0.958008 0.114258 0.961914 0.115234 0.954102
0 0.134766 0.886719 0.136719 0.889648 0.143555 0.888672 0.142578 0.884766
0 0.581055 0.469727 0.581055 0.473633 0.588867 0.477539 0.587891 0.472656
0 0.637695 0.949219 0.632812 0.950195 0.629883 0.957031 0.635742 0.955078
0 0.118164 0.777344 0.119141 0.784180 0.123047 0.786133 0.122070 0.778320
0 0.083984 0.390625 0.080078 0.392578 0.081055 0.401367 0.083984 0.398438
0 0.740234 0.509766 0.740234 0.519531 0.745117 0.523438 0.747070 0.520508 0.746094 0.513672 0.743164 0.509766
0 0.092773 0.270508 0.087891 0.270508 0.084961 0.272461 0.084961 0.275391 0.091797 0.274414
0 0.635742 0.241211 0.635742 0.244141 0.643555 0.243164 0.639648 0.240234
0 0.616211 0.886719 0.609375 0.889648 0.607422 0.898438 0.614258 0.895508 0.617188 0.889648
0 0.713867 0.596680 0.712891 0.605469 0.716797 0.610352 0.718750 0.608398 0.718750 0.600586
0 0.876953 0.151367 0.876953 0.153320 0.880859 0.154297 0.887695 0.153320 0.885742 0.150391