0 0.308594 0.769531 0.309570 0.775391 0.315430 0.779297 0.314453 0.771484
0 0.945312 0.326172 0.940430 0.328125 0.939453 0.334961 0.945312 0.331055
0 0.127930 0.940430 0.129883 0.943359 0.137695 0.942383 0.134766 0.938477
0 0.474609 0.643555 0.473633 0.648438 0.478516 0.652344 0.478516 0.646484
0 0.255859 0.477539 0.255859 0.485352 0.257812 0.488281 0.260742 0.488281 0.260742 0.482422
0 0.902344 0.915039 0.902344 0.920898 0.909180 0.924805 0.908203 0.916992
0 0.414062 0.555664 0.410156 0.559570 0.411133 0.566406 0.415039 0.561523
0 0.433594 0.719727 0.429688 0.720703 0.429688 0.731445 0.433594 0.729492
0 0.346680 0.163086 0.342773 0.164062 0.342773 0.172852 0.346680 0.170898
0 0.148438 0.206055 0.148438 0.210938 0.154297 0.215820 0.153320 0.208008
0 0.162109 0.832031 0.158203 0.834961 0.157227 0.841797 0.161133 0.840820
0 0.527344 0.427734 0.529297 0.435547 0.534180 0.437500 0.534180 0.431641
0 0.792969 0.509766 0.796875 0.513672 0.802734 0.511719 0.800781 0.508789
0 0.014648 0.198242 0.009766 0.195312 0.004883 0.197266 0.003906 0.200195 0.007812 0.201172
0 0.319336 0.460938 0.324219 0.465820 0.333008 0.464844 0.328125 0.459961
0 0.167969 0.769531 0.164062 0.771484 0.164062 0.779297 0.167969 0.776367
0 0.597656 0.285156 0.588867 0.286133 0.586914 0.290039 0.592773 0.291016 0.597656 0.288086
0 0.728516 0.406250 0.732422 0.409180 0.741211 0.408203 0.738281 0.404297
0 0.818359 0.455078 0.813477 0.458008 0.812500 0.466797 0.817383 0.465820 0.819336 0.461914
0 0.189453 0.692383 0.193359 0.699219 0.197266 0.698242 0.195312 0.694336
0 0.762695 0.910156 0.760742 0.914062 0.762695 0.919922 0.765625 0.920898 0.766602 0.912109
0 0.975586 0.860352 0.976562 0.866211 0.982422 0.869141 0.980469 0.861328
0 0.762695 0.784180 0.759766 0.785156 0.758789 0.790039 0.760742 0.795898 0.764648 0.791992
0 0.509766 0.802734 0.513672 0.807617 0.520508 0.806641 0.516602 0.802734
0 0.055664 0.294922 0.050781 0.294922 0.046875 0.300781 0.050781 0.301758
0 0.916992 0.766602 0.914062 0.768555 0.913086 0.775391 0.917969 0.772461
0 0.713867 0.404297 0.711914 0.412109 0.712891 0.415039 0.715820 0.415039 0.717773 0.407227
0 0.649414 0.887695 0.651367 0.896484 0.658203 0.899414 0.656250 0.891602
0 0.143555 0.945312 0.145508 0.951172 0.153320 0.954102 0.149414 0.945312
0 0.408203 0.603516 0.401367 0.604492 0.399414 0.609375 0.405273 0.608398
0 0.696289 0.827148 0.688477 0.827148 0.684570 0.831055 0.694336 0.831055
0 0.989258 0.188477 0.983398 0.188477 0.979492 0.195312 0.986328 0.194336
0 0.309570 0.053711 0.309570 0.056641 0.317383 0.056641 0.315430 0.053711
0 0.347656 0.406250 0.343750 0.409180 0.343750 0.415039 0.347656 0.412109
0 0.099609 0.323242 0.094727 0.324219 0.091797 0.331055 0.095703 0.331055
0 0.595703 0.267578 0.601562 0.269531 0.605469 0.264648 0.598633 0.264648
0 0.371094 0.445312 0.372070 0.451172 0.377930 0.454102 0.375977 0.446289
0 0.633789 0.230469 0.632812 0.234375 0.639648 0.239258 0.638672 0.233398
0 0.789062 0.743164 0.783203 0.743164 0.780273 0.748047 0.786133 0.748047
0 0.141602 0.043945 0.136719 0.041992 0.131836 0.043945 0.130859 0.046875 0.138672 0.047852
0 0.193359 0.575195 0.200195 0.577148 0.206055 0.575195 0.207031 0.572266 0.198242 0.570312
0 0.583984 0.654297 0.584961 0.659180 0.591797 0.662109 0.589844 0.656250
0 0.235352 0.422852 0.228516 0.422852 0.223633 0.427734 0.229492 0.428711
0 0.569336 0.404297 0.565430 0.406250 0.564453 0.413086 0.569336 0.410156
0 0.785156 0.416992 0.776367 0.419922 0.775391 0.423828 0.778320 0.424805 0.784180 0.421875
0 0.388672 0.375977 0.383789 0.377930 0.382812 0.385742 0.387695 0.382812
0 0.240234 0.134766 0.240234 0.137695 0.250977 0.136719 0.249023 0.132812
0 0.465820 0.875977 0.466797 0.880859 0.472656 0.883789 0.473633 0.879883
0 0.661133 0.177734 0.664062 0.181641 0.670898 0.180664 0.668945 0.176758
0 0.409180 0.678711 0.407227 0.686523 0.411133 0.691406 0.412109 0.680664
0 0.221680 0.361328 0.221680 0.367188 0.227539 0.370117 0.226562 0.364258
0 0.688477 0.652344 0.689453 0.658203 0.696289 0.662109 0.694336 0.654297
0 0.854492 0.585938 0.849609 0.583984 0.843750 0.588867 0.848633 0.589844
0 0.153320 0.186523 0.146484 0.188477 0.143555 0.194336 0.148438 0.195312 0.154297 0.189453
0 0.252930 0.518555 0.250977 0.527344 0.254883 0.528320 0.255859 0.519531
0 0.067383 0.658203 0.073242 0.658203 0.075195 0.654297 0.069336 0.654297
0 0.296875 0.627930 0.297852 0.637695 0.301758 0.639648 0.302734 0.632812
0 0.792969 0.117188 0.786133 0.117188 0.783203 0.123047 0.789062 0.122070
0 0.398438 0.256836 0.394531 0.258789 0.394531 0.267578 0.399414 0.263672
0 0.829102 0.799805 0.824219 0.799805 0.819336 0.807617 0.825195 0.806641
0 0.969727 0.813477 0.965820 0.816406 0.965820 0.823242 0.970703 0.819336
0 0.013672 0.154297 0.015625 0.159180 0.023438 0.160156 0.020508 0.155273