0 0.073242 0.320312 0.075195 0.328125 0.083008 0.331055 0.081055 0.324219
0 0.133789 0.751953 0.134766 0.759766 0.139648 0.762695 0.141602 0.761719 0.139648 0.754883
0 0.544922 0.185547 0.546875 0.192383 0.551758 0.195312 0.552734 0.191406 0.549805 0.186523
0 0.670898 0.551758 0.673828 0.557617 0.680664 0.557617 0.678711 0.553711
0 0.937500 0.461914 0.937500 0.464844 0.941406 0.466797 0.950195 0.465820 0.943359 0.460938
0 0.212891 0.436523 0.212891 0.439453 0.217773 0.442383 0.224609 0.441406 0.219727 0.435547
0 0.824219 0.186523 0.824219 0.189453 0.833008 0.191406 0.832031 0.187500
0 0.825195 0.246094 0.827148 0.251953 0.833984 0.252930 0.831055 0.247070
0 0.460938 0.217773 0.456055 0.215820 0.451172 0.217773 0.451172 0.219727 0.457031 0.220703
0 0.645508 0.025391 0.648438 0.029297 0.655273 0.029297 0.653320 0.025391
0 0.165039 0.183594 0.159180 0.186523 0.158203 0.192383 0.164062 0.189453
0 0.553711 0.155273 0.554688 0.161133 0.560547 0.165039 0.559570 0.157227
0 0.653320 0.360352 0.650391 0.361328 0.648438 0.370117 0.653320 0.368164
0 0.333984 0.441406 0.332031 0.447266 0.335938 0.451172 0.337891 0.444336
0 0.063477 0.553711 0.060547 0.555664 0.061523 0.564453 0.065430 0.560547
0 0.124023 0.598633 0.123047 0.606445 0.125977 0.609375 0.127930 0.601562 0.126953 0.598633
0 0.838867 0.882812 0.833008 0.888672 0.833008 0.895508 0.835938 0.895508 0.839844 0.890625
0 0.500977 0.673828 0.504883 0.679688 0.512695 0.679688 0.508789 0.674805
0 0.268555 0.803711 0.272461 0.808594 0.279297 0.807617 0.274414 0.802734
0 0.066406 0.698242 0.067383 0.701172 0.076172 0.699219 0.075195 0.696289
0 0.101562 0.237305 0.101562 0.245117 0.108398 0.248047 0.107422 0.241211
0 0.845703 0.551758 0.846680 0.558594 0.850586 0.559570 0.849609 0.553711
0 0.264648 0.330078 0.266602 0.336914 0.274414 0.339844 0.272461 0.333008 0.269531 0.330078
0 0.825195 0.958984 0.822266 0.959961 0.821289 0.964844 0.824219 0.971680 0.827148 0.966797
0 0.367188 0.527344 0.371094 0.531250 0.377930 0.530273 0.375000 0.526367
0 0.030273 0.662109 0.029297 0.666016 0.035156 0.668945 0.034180 0.665039
0 0.549805 0.722656 0.548828 0.731445 0.551758 0.731445 0.552734 0.723633
0 0.717773 0.780273 0.719727 0.784180 0.727539 0.785156 0.726562 0.781250
0 0.767578 0.090820 0.767578 0.097656 0.771484 0.101562 0.773438 0.099609 0.772461 0.093750
0 0.437500 0.847656 0.429688 0.848633 0.425781 0.854492 0.435547 0.852539
0 0.558594 0.580078 0.554688 0.580078 0.553711 0.589844 0.557617 0.585938
0 0.781250 0.036133 0.782227 0.042969 0.786133 0.044922 0.785156 0.037109
0 0.153320 0.423828 0.154297 0.430664 0.159180 0.434570 0.159180 0.427734
0 0.224609 0.897461 0.226562 0.903320 0.234375 0.905273 0.230469 0.898438
0 0.467773 0.287109 0.468750 0.293945 0.476562 0.297852 0.473633 0.289062
0 0.171875 0.758789 0.181641 0.760742 0.185547 0.755859 0.176758 0.754883