0 0.209961 0.490234 0.206055 0.493164 0.207031 0.500977 0.209961 0.499023
0 0.833984 0.572266 0.828125 0.572266 0.823242 0.578125 0.833008 0.576172
0 0.914062 0.248047 0.905273 0.249023 0.901367 0.252930 0.902344 0.255859 0.911133 0.253906
0 0.215820 0.009766 0.216797 0.018555 0.219727 0.021484 0.223633 0.021484 0.221680 0.012695
0 0.329102 0.445312 0.325195 0.445312 0.320312 0.453125 0.327148 0.451172
0 0.428711 0.406250 0.430664 0.411133 0.437500 0.412109 0.433594 0.406250
0 0.197266 0.622070 0.192383 0.622070 0.188477 0.627930 0.194336 0.626953
0 0.707031 0.566406 0.708984 0.572266 0.716797 0.574219 0.712891 0.566406
0 0.826172 0.921875 0.830078 0.925781 0.835938 0.924805 0.833008 0.920898
0 0.818359 0.607422 0.821289 0.613281 0.827148 0.614258 0.825195 0.609375
0 0.741211 0.554688 0.744141 0.557617 0.750977 0.556641 0.750977 0.553711 0.747070 0.552734
0 0.119141 0.635742 0.118164 0.644531 0.123047 0.649414 0.124023 0.639648
0 0.094727 0.542969 0.090820 0.544922 0.091797 0.555664 0.096680 0.547852
0 0.737305 0.844727 0.737305 0.850586 0.742188 0.854492 0.741211 0.846680
0 0.932617 0.498047 0.926758 0.500000 0.923828 0.504883 0.924805 0.507812 0.932617 0.502930
0 0.246094 0.942383 0.244141 0.949219 0.249023 0.953125 0.249023 0.945312
0 0.488281 0.157227 0.488281 0.159180 0.494141 0.162109 0.500000 0.161133 0.497070 0.157227
0 0.863281 0.508789 0.857422 0.510742 0.855469 0.520508 0.858398 0.520508 0.862305 0.515625
0 0.428711 0.481445 0.423828 0.479492 0.418945 0.481445 0.418945 0.483398 0.424805 0.484375
0 0.567383 0.125977 0.561523 0.124023 0.556641 0.125000 0.555664 0.127930 0.566406 0.128906
0 0.035156 0.778320 0.038086 0.783203 0.045898 0.783203 0.043945 0.779297
0 0.592773 0.038086 0.594727 0.043945 0.600586 0.046875 0.599609 0.040039
0 0.623047 0.870117 0.618164 0.872070 0.617188 0.877930 0.623047 0.874023
0 0.960938 0.080078 0.955078 0.080078 0.950195 0.086914 0.958008 0.084961
0 0.364258 0.916016 0.359375 0.916992 0.356445 0.921875 0.362305 0.919922