0 0.870117 0.375000 0.871094 0.379883 0.876953 0.381836 0.876953 0.377930
0 0.612305 0.835938 0.616211 0.840820 0.623047 0.841797 0.620117 0.835938
0 0.854492 0.474609 0.846680 0.474609 0.840820 0.481445 0.849609 0.481445
0 0.856445 0.674805 0.852539 0.676758 0.851562 0.683594 0.857422 0.679688
0 0.639648 0.522461 0.643555 0.531250 0.650391 0.532227 0.647461 0.525391
0 0.900391 0.816406 0.897461 0.815430 0.891602 0.818359 0.890625 0.823242 0.898438 0.821289
0 0.324219 0.419922 0.316406 0.420898 0.313477 0.427734 0.321289 0.425781
0 0.374023 0.422852 0.377930 0.427734 0.384766 0.428711 0.380859 0.421875 0.375977 0.420898
0 0.918945 0.481445 0.917969 0.490234 0.919922 0.494141 0.922852 0.494141 0.923828 0.486328
0 0.153320 0.640625 0.152344 0.648438 0.154297 0.652344 0.157227 0.652344 0.158203 0.645508
0 0.418945 0.357422 0.421875 0.359375 0.429688 0.358398 0.427734 0.355469 0.420898 0.355469
0 0.875000 0.354492 0.870117 0.362305 0.872070 0.369141 0.876953 0.361328
0 0.923828 0.014648 0.924805 0.021484 0.929688 0.024414 0.930664 0.019531 0.928711 0.015625
0 0.626953 0.795898 0.633789 0.802734 0.641602 0.801758 0.636719 0.796875
0 0.928711 0.129883 0.928711 0.133789 0.938477 0.134766 0.935547 0.130859
0 0.086914 0.100586 0.086914 0.109375 0.091797 0.112305 0.092773 0.106445
0 0.151367 0.463867 0.146484 0.465820 0.144531 0.474609 0.150391 0.471680
0 0.361328 0.325195 0.356445 0.329102 0.355469 0.335938 0.360352 0.333984 0.363281 0.327148
0 0.383789 0.474609 0.385742 0.477539 0.392578 0.477539 0.391602 0.474609
0 0.297852 0.211914 0.300781 0.215820 0.308594 0.215820 0.305664 0.211914
0 0.836914 0.896484 0.835938 0.905273 0.840820 0.909180 0.841797 0.901367
0 0.144531 0.949219 0.144531 0.954102 0.153320 0.958008 0.150391 0.951172
0 0.181641 0.110352 0.175781 0.111328 0.172852 0.118164 0.177734 0.117188
0 0.321289 0.778320 0.313477 0.778320 0.310547 0.784180 0.320312 0.781250
0 0.277344 0.556641 0.274414 0.557617 0.276367 0.567383 0.279297 0.562500
0 0.075195 0.445312 0.067383 0.447266 0.065430 0.452148 0.071289 0.452148
0 0.169922 0.841797 0.170898 0.848633 0.176758 0.850586 0.176758 0.846680
0 0.120117 0.517578 0.117188 0.517578 0.114258 0.521484 0.113281 0.529297 0.118164 0.527344 0.121094 0.521484
0 0.492188 0.148438 0.493164 0.154297 0.500000 0.157227 0.498047 0.149414
0 0.147461 0.844727 0.147461 0.852539 0.151367 0.856445 0.154297 0.855469 0.153320 0.848633
0 0.223633 0.442383 0.224609 0.446289 0.232422 0.449219 0.231445 0.444336
0 0.139648 0.275391 0.135742 0.277344 0.135742 0.284180 0.139648 0.281250