0 0.166016 0.024414 0.166992 0.029297 0.175781 0.032227 0.175781 0.029297 0.170898 0.024414
0 0.006836 0.422852 0.015625 0.422852 0.018555 0.418945 0.009766 0.418945
0 0.252930 0.217773 0.253906 0.221680 0.261719 0.224609 0.258789 0.218750
0 0.595703 0.043945 0.598633 0.051758 0.603516 0.053711 0.603516 0.046875
0 0.875977 0.092773 0.882812 0.096680 0.890625 0.093750 0.887695 0.090820
0 0.402344 0.720703 0.396484 0.720703 0.393555 0.725586 0.400391 0.724609
0 0.160156 0.551758 0.153320 0.555664 0.153320 0.560547 0.158203 0.559570
0 0.050781 0.275391 0.051758 0.281250 0.056641 0.283203 0.055664 0.277344
0 0.562500 0.501953 0.561523 0.509766 0.564453 0.512695 0.566406 0.503906
0 0.583008 0.700195 0.579102 0.702148 0.581055 0.710938 0.583984 0.707031
0 0.402344 0.772461 0.400391 0.773438 0.401367 0.782227 0.404297 0.780273
0 0.270508 0.429688 0.273438 0.434570 0.283203 0.434570 0.278320 0.429688
0 0.076172 0.026367 0.076172 0.029297 0.083008 0.034180 0.083984 0.030273
0 0.262695 0.172852 0.266602 0.178711 0.273438 0.178711 0.271484 0.174805
0 0.019531 0.042969 0.018555 0.050781 0.021484 0.052734 0.022461 0.045898
0 0.012695 0.395508 0.007812 0.397461 0.005859 0.407227 0.011719 0.404297
0 0.905273 0.845703 0.906250 0.848633 0.912109 0.851562 0.917969 0.848633 0.913086 0.844727
0 0.365234 0.636719 0.366211 0.641602 0.370117 0.645508 0.374023 0.645508 0.373047 0.639648
0 0.762695 0.066406 0.769531 0.066406 0.773438 0.062500 0.765625 0.061523 0.762695 0.063477
0 0.797852 0.272461 0.794922 0.276367 0.796875 0.283203 0.799805 0.278320
0 0.765625 0.795898 0.760742 0.798828 0.760742 0.808594 0.765625 0.803711
0 0.672852 0.792969 0.672852 0.801758 0.676758 0.802734 0.676758 0.795898
0 0.213867 0.752930 0.214844 0.760742 0.219727 0.763672 0.219727 0.756836
0 0.476562 0.607422 0.476562 0.610352 0.480469 0.612305 0.486328 0.611328 0.482422 0.607422
0 0.041016 0.506836 0.041992 0.513672 0.046875 0.517578 0.050781 0.517578 0.049805 0.511719 0.044922 0.506836
0 0.122070 0.108398 0.118164 0.110352 0.118164 0.118164 0.122070 0.115234
0 0.335938 0.960938 0.340820 0.964844 0.347656 0.963867 0.347656 0.961914 0.340820 0.958984
0 0.946289 0.951172 0.952148 0.955078 0.957031 0.953125 0.951172 0.949219
0 0.472656 0.424805 0.471680 0.433594 0.475586 0.434570 0.475586 0.426758
0 0.785156 0.620117 0.787109 0.624023 0.796875 0.623047 0.791016 0.619141
0 0.345703 0.878906 0.340820 0.884766 0.341797 0.892578 0.345703 0.889648
0 0.960938 0.974609 0.959961 0.982422 0.963867 0.988281 0.965820 0.980469 0.962891 0.974609
0 0.220703 0.806641 0.215820 0.810547 0.214844 0.816406 0.220703 0.813477
0 0.753906 0.021484 0.753906 0.027344 0.760742 0.031250 0.759766 0.023438
0 0.827148 0.775391 0.822266 0.775391 0.818359 0.784180 0.824219 0.782227
0 0.796875 0.671875 0.791992 0.675781 0.791992 0.679688 0.796875 0.677734
0 0.843750 0.480469 0.844727 0.482422 0.854492 0.482422 0.855469 0.478516
0 0.344727 0.940430 0.340820 0.940430 0.335938 0.948242 0.342773 0.946289
0 0.140625 0.316406 0.140625 0.324219 0.144531 0.326172 0.144531 0.318359
0 0.603516 0.148438 0.606445 0.154297 0.612305 0.156250 0.612305 0.152344 0.609375 0.149414
0 0.155273 0.439453 0.151367 0.442383 0.153320 0.451172 0.156250 0.448242
0 0.718750 0.717773 0.712891 0.717773 0.707031 0.723633 0.713867 0.724609 0.718750 0.720703
0 0.689453 0.377930 0.684570 0.375977 0.679688 0.377930 0.678711 0.380859 0.686523 0.381836
0 0.475586 0.560547 0.481445 0.561523 0.486328 0.557617 0.478516 0.556641
0 0.655273 0.010742 0.655273 0.013672 0.661133 0.016602 0.667969 0.014648 0.661133 0.009766
0 0.125977 0.914062 0.125977 0.919922 0.131836 0.924805 0.130859 0.916016
0 0.851562 0.271484 0.850586 0.278320 0.854492 0.284180 0.856445 0.275391
0 0.121094 0.429688 0.116211 0.427734 0.111328 0.429688 0.110352 0.432617 0.115234 0.433594
0 0.291016 0.595703 0.298828 0.602539 0.306641 0.600586 0.300781 0.595703
0 0.972656 0.467773 0.964844 0.467773 0.962891 0.471680 0.970703 0.471680
0 0.282227 0.208008 0.283203 0.212891 0.291016 0.214844 0.287109 0.208984
0 0.893555 0.781250 0.889648 0.783203 0.889648 0.790039 0.893555 0.787109
0 0.976562 0.723633 0.968750 0.725586 0.966797 0.731445 0.974609 0.729492
0 0.282227 0.029297 0.279297 0.029297 0.277344 0.032227 0.278320 0.039062 0.281250 0.036133
0 0.203125 0.779297 0.204102 0.788086 0.208984 0.790039 0.208008 0.782227
0 0.016602 0.649414 0.011719 0.648438 0.007812 0.653320 0.012695 0.653320