0 0.329102 0.829102 0.322266 0.829102 0.319336 0.834961 0.326172 0.833984
0 0.418945 0.625000 0.415039 0.625977 0.414062 0.633789 0.417969 0.631836
0 0.982422 0.207031 0.985352 0.210938 0.993164 0.210938 0.988281 0.206055
0 0.548828 0.062500 0.545898 0.067383 0.547852 0.073242 0.550781 0.071289 0.550781 0.064453
0 0.826172 0.234375 0.822266 0.237305 0.823242 0.245117 0.827148 0.241211
0 0.155273 0.672852 0.153320 0.678711 0.154297 0.682617 0.157227 0.683594 0.159180 0.675781 0.158203 0.672852
0 0.580078 0.419922 0.580078 0.423828 0.583008 0.425781 0.591797 0.424805 0.588867 0.420898
0 0.578125 0.680664 0.578125 0.683594 0.582031 0.686523 0.587891 0.687500 0.584961 0.681641
0 0.273438 0.723633 0.265625 0.725586 0.263672 0.732422 0.269531 0.731445
0 0.168945 0.591797 0.170898 0.598633 0.178711 0.600586 0.176758 0.594727
0 0.526367 0.921875 0.526367 0.926758 0.532227 0.930664 0.531250 0.924805
0 0.659180 0.651367 0.659180 0.661133 0.663086 0.663086 0.664062 0.657227
0 0.687500 0.012695 0.678711 0.014648 0.675781 0.019531 0.680664 0.020508 0.684570 0.018555
0 0.591797 0.695312 0.593750 0.700195 0.599609 0.701172 0.595703 0.695312
0 0.238281 0.854492 0.242188 0.859375 0.250000 0.859375 0.250000 0.856445 0.244141 0.853516
0 0.960938 0.634766 0.965820 0.637695 0.972656 0.636719 0.969727 0.632812 0.962891 0.632812
0 0.274414 0.253906 0.273438 0.262695 0.277344 0.267578 0.279297 0.260742 0.277344 0.254883
0 0.635742 0.136719 0.636719 0.141602 0.643555 0.143555 0.640625 0.137695
0 0.713867 0.315430 0.710938 0.317383 0.711914 0.325195 0.714844 0.322266
0 0.297852 0.756836 0.292969 0.755859 0.288086 0.760742 0.295898 0.759766
0 0.942383 0.510742 0.944336 0.514648 0.951172 0.514648 0.950195 0.510742
0 0.983398 0.147461 0.985352 0.151367 0.992188 0.152344 0.989258 0.147461
0 0.262695 0.323242 0.258789 0.325195 0.259766 0.333984 0.262695 0.330078
0 0.323242 0.689453 0.321289 0.693359 0.326172 0.702148 0.327148 0.692383
0 0.795898 0.118164 0.790039 0.120117 0.788086 0.125000 0.793945 0.124023
0 0.905273 0.295898 0.908203 0.301758 0.915039 0.301758 0.911133 0.296875
0 0.411133 0.189453 0.413086 0.193359 0.419922 0.194336 0.416992 0.189453
0 0.363281 0.032227 0.368164 0.033203 0.373047 0.028320 0.367188 0.027344 0.363281 0.029297
0 0.736328 0.395508 0.731445 0.397461 0.729492 0.406250 0.734375 0.404297
0 0.093750 0.534180 0.101562 0.534180 0.104492 0.530273 0.097656 0.529297 0.093750 0.531250
0 0.744141 0.258789 0.739258 0.265625 0.741211 0.273438 0.745117 0.269531
0 0.164062 0.183594 0.162109 0.190430 0.164062 0.195312 0.166016 0.195312 0.166992 0.187500
0 0.248047 0.481445 0.243164 0.484375 0.245117 0.495117 0.247070 0.495117 0.249023 0.490234
0 0.572266 0.835938 0.569336 0.836914 0.571289 0.846680 0.574219 0.841797
0 0.396484 0.420898 0.390625 0.423828 0.388672 0.430664 0.395508 0.426758
0 0.434570 0.200195 0.437500 0.203125 0.446289 0.201172 0.445312 0.198242 0.435547 0.198242
0 0.802734 0.385742 0.804688 0.388672 0.812500 0.388672 0.814453 0.386719 0.809570 0.383789
0 0.899414 0.901367 0.900391 0.907227 0.906250 0.910156 0.904297 0.903320
0 0.464844 0.588867 0.468750 0.594727 0.477539 0.594727 0.473633 0.589844
0 0.222656 0.918945 0.219727 0.919922 0.217773 0.924805 0.219727 0.930664 0.223633 0.928711
0 0.434570 0.466797 0.430664 0.468750 0.429688 0.475586 0.433594 0.473633
0 0.657227 0.245117 0.648438 0.245117 0.646484 0.250000 0.654297 0.250000
0 0.325195 0.187500 0.328125 0.192383 0.335938 0.192383 0.332031 0.187500
0 0.037109 0.902344 0.033203 0.904297 0.033203 0.911133 0.038086 0.907227
0 0.019531 0.650391 0.012695 0.651367 0.008789 0.658203 0.010742 0.659180 0.018555 0.655273
0 0.304688 0.769531 0.306641 0.775391 0.312500 0.779297 0.313477 0.774414 0.309570 0.770508
0 0.282227 0.082031 0.283203 0.086914 0.292969 0.088867 0.291016 0.083984
0 0.333008 0.948242 0.333008 0.952148 0.341797 0.957031 0.340820 0.952148
0 0.202148 0.394531 0.198242 0.397461 0.198242 0.405273 0.202148 0.402344
0 0.017578 0.527344 0.014648 0.530273 0.015625 0.537109 0.018555 0.536133
0 0.203125 0.425781 0.205078 0.428711 0.212891 0.427734 0.208984 0.424805
0 0.584961 0.937500 0.587891 0.946289 0.590820 0.946289 0.589844 0.939453
0 0.302734 0.315430 0.297852 0.317383 0.296875 0.326172 0.300781 0.324219
0 0.222656 0.020508 0.222656 0.023438 0.229492 0.027344 0.234375 0.027344 0.235352 0.025391 0.231445 0.020508
0 0.335938 0.265625 0.330078 0.265625 0.326172 0.273438 0.333008 0.271484