0 0.189453 0.150391 0.192383 0.154297 0.201172 0.154297 0.198242 0.150391
0 0.345703 0.161133 0.341797 0.162109 0.339844 0.171875 0.344727 0.167969
0 0.075195 0.863281 0.071289 0.865234 0.070312 0.874023 0.075195 0.871094
0 0.786133 0.516602 0.782227 0.518555 0.782227 0.528320 0.787109 0.521484
0 0.003906 0.125000 0.004883 0.127930 0.011719 0.125977 0.010742 0.124023
0 0.856445 0.648438 0.852539 0.651367 0.853516 0.662109 0.856445 0.661133 0.858398 0.655273
0 0.522461 0.253906 0.520508 0.255859 0.523438 0.262695 0.528320 0.264648 0.527344 0.256836
0 0.280273 0.809570 0.280273 0.813477 0.287109 0.816406 0.285156 0.811523
0 0.884766 0.203125 0.878906 0.209961 0.880859 0.215820 0.884766 0.211914
0 0.089844 0.205078 0.089844 0.208984 0.097656 0.212891 0.095703 0.207031
0 0.691406 0.269531 0.695312 0.274414 0.702148 0.275391 0.698242 0.268555 0.693359 0.267578
0 0.140625 0.741211 0.134766 0.742188 0.130859 0.750000 0.137695 0.749023
0 0.725586 0.425781 0.725586 0.433594 0.727539 0.436523 0.730469 0.436523 0.730469 0.430664
0 0.584961 0.338867 0.582031 0.338867 0.579102 0.348633 0.583008 0.348633
0 0.272461 0.442383 0.272461 0.449219 0.274414 0.452148 0.277344 0.452148 0.276367 0.445312
0 0.038086 0.833008 0.028320 0.833008 0.026367 0.836914 0.032227 0.837891 0.037109 0.835938
0 0.625977 0.490234 0.622070 0.493164 0.623047 0.500000 0.626953 0.495117
0 0.359375 0.309570 0.356445 0.309570 0.353516 0.315430 0.356445 0.315430
0 0.060547 0.462891 0.052734 0.462891 0.050781 0.466797 0.058594 0.466797
0 0.811523 0.725586 0.806641 0.726562 0.804688 0.731445 0.809570 0.730469
0 0.986328 0.911133 0.977539 0.911133 0.974609 0.915039 0.977539 0.916992 0.982422 0.916016
0 0.508789 0.475586 0.504883 0.479492 0.505859 0.486328 0.509766 0.482422
0 0.089844 0.800781 0.083984 0.801758 0.082031 0.806641 0.088867 0.804688
0 0.796875 0.105469 0.797852 0.115234 0.802734 0.116211 0.800781 0.107422
0 0.446289 0.226562 0.439453 0.229492 0.436523 0.237305 0.445312 0.233398
0 0.960938 0.301758 0.956055 0.301758 0.952148 0.306641 0.958984 0.306641
0 0.663086 0.691406 0.667969 0.692383 0.672852 0.687500 0.665039 0.687500
0 0.822266 0.366211 0.832031 0.365234 0.833984 0.361328 0.824219 0.361328
0 0.596680 0.757812 0.591797 0.758789 0.587891 0.766602 0.594727 0.764648
0 0.031250 0.160156 0.027344 0.164062 0.028320 0.169922 0.031250 0.168945
0 0.896484 0.090820 0.890625 0.090820 0.887695 0.096680 0.894531 0.094727
0 0.783203 0.451172 0.788086 0.456055 0.795898 0.455078 0.795898 0.452148 0.791016 0.450195
0 0.979492 0.395508 0.979492 0.398438 0.987305 0.399414 0.986328 0.396484
0 0.240234 0.525391 0.235352 0.527344 0.234375 0.534180 0.238281 0.533203
0 0.285156 0.187500 0.284180 0.196289 0.288086 0.200195 0.289062 0.189453
0 0.574219 0.823242 0.576172 0.828125 0.584961 0.828125 0.584961 0.825195 0.581055 0.823242
0 0.862305 0.036133 0.863281 0.042969 0.869141 0.045898 0.868164 0.040039
0 0.041016 0.674805 0.041992 0.682617 0.044922 0.683594 0.045898 0.679688
0 0.728516 0.028320 0.727539 0.035156 0.731445 0.041016 0.733398 0.032227 0.731445 0.028320
0 0.596680 0.451172 0.592773 0.454102 0.595703 0.460938 0.597656 0.458008
0 0.400391 0.757812 0.402344 0.763672 0.410156 0.765625 0.405273 0.757812
0 0.193359 0.754883 0.201172 0.753906 0.204102 0.750000 0.197266 0.749023 0.193359 0.751953