0 0.227539 0.717773 0.230469 0.721680 0.237305 0.721680 0.237305 0.718750 0.233398 0.716797
0 0.192383 0.322266 0.191406 0.324219 0.198242 0.329102 0.199219 0.325195
0 0.312500 0.783203 0.309570 0.785156 0.310547 0.793945 0.312500 0.793945 0.314453 0.789062
0 0.726562 0.138672 0.729492 0.148438 0.732422 0.148438 0.731445 0.140625
0 0.540039 0.093750 0.541016 0.099609 0.545898 0.101562 0.543945 0.094727
0 0.491211 0.963867 0.494141 0.968750 0.500977 0.968750 0.499023 0.964844
0 0.945312 0.431641 0.941406 0.432617 0.942383 0.442383 0.945312 0.439453
0 0.977539 0.863281 0.977539 0.870117 0.982422 0.873047 0.981445 0.865234
0 0.381836 0.979492 0.382812 0.985352 0.386719 0.989258 0.390625 0.989258 0.388672 0.982422
0 0.913086 0.504883 0.907227 0.504883 0.903320 0.511719 0.911133 0.509766
0 0.963867 0.139648 0.961914 0.143555 0.963867 0.149414 0.967773 0.152344 0.967773 0.142578
0 0.332031 0.883789 0.333984 0.887695 0.340820 0.888672 0.336914 0.883789
0 0.251953 0.436523 0.254883 0.442383 0.258789 0.444336 0.263672 0.443359 0.260742 0.438477
0 0.561523 0.376953 0.560547 0.386719 0.562500 0.389648 0.565430 0.389648 0.565430 0.381836
0 0.872070 0.481445 0.872070 0.484375 0.875977 0.485352 0.883789 0.483398 0.883789 0.480469
0 0.876953 0.723633 0.876953 0.727539 0.884766 0.731445 0.882812 0.725586
0 0.848633 0.734375 0.851562 0.738281 0.859375 0.736328 0.856445 0.733398
0 0.240234 0.030273 0.243164 0.037109 0.250977 0.039062 0.248047 0.032227
0 0.117188 0.715820 0.119141 0.720703 0.123047 0.722656 0.127930 0.721680 0.124023 0.716797
0 0.950195 0.933594 0.942383 0.933594 0.939453 0.935547 0.939453 0.938477 0.946289 0.938477
0 0.780273 0.282227 0.787109 0.282227 0.791016 0.278320 0.781250 0.278320
0 0.787109 0.254883 0.779297 0.254883 0.777344 0.258789 0.785156 0.258789
0 0.509766 0.873047 0.511719 0.875977 0.519531 0.875000 0.517578 0.871094
0 0.413086 0.791992 0.406250 0.792969 0.404297 0.796875 0.411133 0.795898
0 0.452148 0.220703 0.452148 0.223633 0.455078 0.224609 0.462891 0.223633 0.459961 0.219727
0 0.549805 0.871094 0.552734 0.875000 0.559570 0.875000 0.557617 0.871094
0 0.677734 0.173828 0.678711 0.183594 0.684570 0.185547 0.682617 0.176758
0 0.815430 0.125977 0.816406 0.133789 0.820312 0.135742 0.821289 0.130859
0 0.822266 0.052734 0.823242 0.062500 0.827148 0.064453 0.827148 0.054688
0 0.562500 0.667969 0.557617 0.666992 0.552734 0.672852 0.557617 0.672852
0 0.668945 0.114258 0.664062 0.119141 0.664062 0.125977 0.666992 0.125977 0.669922 0.122070
0 0.685547 0.127930 0.687500 0.135742 0.692383 0.137695 0.691406 0.130859
0 0.551758 0.791016 0.548828 0.792969 0.550781 0.802734 0.552734 0.797852