0 0.935547 0.106445 0.931641 0.110352 0.933594 0.117188 0.936523 0.109375
0 0.565430 0.375977 0.564453 0.382812 0.567383 0.386719 0.570312 0.386719 0.570312 0.379883
0 0.183594 0.276367 0.177734 0.279297 0.177734 0.287109 0.182617 0.283203
0 0.388672 0.843750 0.386719 0.845703 0.388672 0.852539 0.392578 0.856445 0.396484 0.856445 0.394531 0.847656
0 0.356445 0.111328 0.359375 0.117188 0.368164 0.118164 0.365234 0.113281
0 0.367188 0.907227 0.357422 0.907227 0.353516 0.910156 0.353516 0.913086 0.360352 0.914062
0 0.911133 0.591797 0.908203 0.591797 0.906250 0.594727 0.909180 0.604492 0.912109 0.598633
0 0.250977 0.380859 0.250000 0.386719 0.254883 0.391602 0.254883 0.384766
0 0.437500 0.974609 0.432617 0.980469 0.434570 0.986328 0.438477 0.981445
0 0.599609 0.106445 0.592773 0.110352 0.592773 0.115234 0.599609 0.111328
0 0.675781 0.739258 0.679688 0.744141 0.687500 0.744141 0.682617 0.739258
0 0.705078 0.218750 0.706055 0.224609 0.712891 0.227539 0.710938 0.221680
0 0.695312 0.801758 0.696289 0.805664 0.702148 0.809570 0.702148 0.804688
0 0.752930 0.659180 0.747070 0.661133 0.746094 0.666016 0.750000 0.666016
0 0.676758 0.243164 0.671875 0.248047 0.671875 0.254883 0.674805 0.254883 0.677734 0.250977
0 0.268555 0.919922 0.271484 0.926758 0.278320 0.927734 0.276367 0.921875
0 0.586914 0.910156 0.589844 0.916016 0.595703 0.916992 0.594727 0.912109
0 0.722656 0.078125 0.726562 0.083008 0.733398 0.082031 0.730469 0.078125
0 0.485352 0.726562 0.479492 0.728516 0.477539 0.737305 0.485352 0.732422
0 0.147461 0.905273 0.144531 0.907227 0.146484 0.915039 0.148438 0.913086
0 0.672852 0.651367 0.669922 0.651367 0.667969 0.654297 0.667969 0.662109 0.672852 0.657227
0 0.910156 0.377930 0.912109 0.381836 0.919922 0.381836 0.916992 0.377930
0 0.942383 0.221680 0.940430 0.226562 0.941406 0.232422 0.944336 0.232422 0.946289 0.226562 0.945312 0.222656
0 0.934570 0.796875 0.933594 0.801758 0.936523 0.804688 0.937500 0.797852
0 0.034180 0.734375 0.031250 0.734375 0.026367 0.742188 0.027344 0.748047 0.031250 0.746094
0 0.206055 0.321289 0.208008 0.325195 0.215820 0.326172 0.211914 0.321289
0 0.114258 0.125000 0.119141 0.127930 0.125000 0.126953 0.120117 0.123047
0 0.568359 0.306641 0.571289 0.310547 0.579102 0.310547 0.576172 0.306641
0 0.214844 0.154297 0.216797 0.162109 0.220703 0.165039 0.221680 0.159180 0.219727 0.155273
0 0.667969 0.894531 0.672852 0.899414 0.680664 0.898438 0.673828 0.893555
0 0.887695 0.249023 0.889648 0.254883 0.895508 0.256836 0.894531 0.251953
0 0.169922 0.194336 0.166016 0.194336 0.162109 0.200195 0.167969 0.199219
0 0.909180 0.792969 0.913086 0.799805 0.918945 0.800781 0.916016 0.793945
0 0.843750 0.033203 0.844727 0.040039 0.848633 0.041016 0.847656 0.035156
0 0.394531 0.530273 0.394531 0.537109 0.399414 0.541016 0.403320 0.541016 0.402344 0.535156
0 0.064453 0.490234 0.057617 0.491211 0.053711 0.497070 0.058594 0.498047 0.062500 0.496094
0 0.553711 0.139648 0.558594 0.145508 0.564453 0.145508 0.563477 0.140625 0.559570 0.138672
0 0.122070 0.822266 0.125977 0.828125 0.129883 0.828125 0.127930 0.823242
0 0.156250 0.624023 0.149414 0.625000 0.147461 0.629883 0.153320 0.628906
0 0.135742 0.650391 0.137695 0.659180 0.142578 0.661133 0.140625 0.651367
0 0.143555 0.038086 0.149414 0.039062 0.154297 0.034180 0.146484 0.034180
0 0.597656 0.766602 0.600586 0.771484 0.605469 0.773438 0.607422 0.771484 0.606445 0.768555
0 0.610352 0.041992 0.603516 0.041016 0.597656 0.046875 0.605469 0.046875
0 0.074219 0.196289 0.075195 0.200195 0.084961 0.198242 0.081055 0.195312
0 0.220703 0.307617 0.222656 0.310547 0.233398 0.309570 0.230469 0.305664 0.222656 0.305664