0 0.152344 0.294922 0.145508 0.297852 0.143555 0.303711 0.149414 0.302734
0 0.908203 0.921875 0.911133 0.925781 0.918945 0.925781 0.922852 0.922852 0.922852 0.920898 0.916992 0.918945
0 0.349609 0.504883 0.351562 0.511719 0.356445 0.512695 0.355469 0.507812
0 0.590820 0.294922 0.590820 0.297852 0.593750 0.298828 0.601562 0.297852 0.599609 0.294922
0 0.782227 0.241211 0.788086 0.242188 0.792969 0.238281 0.785156 0.237305
0 0.644531 0.754883 0.641602 0.754883 0.639648 0.757812 0.639648 0.767578 0.644531 0.763672
0 0.479492 0.723633 0.483398 0.729492 0.490234 0.729492 0.488281 0.725586
0 0.317383 0.075195 0.316406 0.081055 0.318359 0.085938 0.321289 0.086914 0.321289 0.077148
0 0.279297 0.388672 0.276367 0.391602 0.277344 0.400391 0.281250 0.396484
0 0.095703 0.404297 0.095703 0.407227 0.099609 0.409180 0.106445 0.407227 0.099609 0.403320
0 0.402344 0.012695 0.400391 0.017578 0.402344 0.022461 0.405273 0.023438 0.406250 0.015625
0 0.991211 0.984375 0.981445 0.986328 0.980469 0.991211 0.988281 0.989258
0 0.202148 0.355469 0.198242 0.358398 0.199219 0.365234 0.203125 0.360352
0 0.467773 0.069336 0.466797 0.077148 0.469727 0.080078 0.471680 0.071289
0 0.595703 0.383789 0.598633 0.387695 0.605469 0.388672 0.603516 0.383789
0 0.263672 0.208984 0.264648 0.216797 0.269531 0.219727 0.269531 0.211914
0 0.375000 0.756836 0.370117 0.760742 0.370117 0.767578 0.375000 0.765625
0 0.798828 0.827148 0.797852 0.831055 0.803711 0.836914 0.803711 0.830078
0 0.550781 0.751953 0.549805 0.758789 0.552734 0.763672 0.554688 0.753906
0 0.825195 0.558594 0.826172 0.564453 0.832031 0.567383 0.833008 0.563477 0.831055 0.560547
0 0.445312 0.545898 0.441406 0.548828 0.442383 0.557617 0.446289 0.553711
0 0.066406 0.941406 0.071289 0.943359 0.076172 0.941406 0.076172 0.939453 0.069336 0.938477
0 0.300781 0.377930 0.295898 0.379883 0.293945 0.386719 0.300781 0.382812
0 0.041992 0.348633 0.036133 0.352539 0.034180 0.356445 0.035156 0.361328 0.041992 0.357422
0 0.644531 0.121094 0.646484 0.126953 0.650391 0.128906 0.650391 0.123047
0 0.607422 0.810547 0.602539 0.812500 0.601562 0.820312 0.606445 0.817383
0 0.052734 0.418945 0.057617 0.427734 0.067383 0.428711 0.063477 0.421875
0 0.113281 0.607422 0.113281 0.610352 0.120117 0.614258 0.120117 0.610352
0 0.019531 0.124023 0.021484 0.128906 0.030273 0.128906 0.025391 0.124023
0 0.541016 0.963867 0.539062 0.972656 0.542969 0.975586 0.544922 0.971680 0.543945 0.965820
0 0.949219 0.573242 0.944336 0.572266 0.939453 0.575195 0.939453 0.578125 0.944336 0.578125
0 0.490234 0.528320 0.484375 0.531250 0.483398 0.539062 0.488281 0.537109
0 0.041992 0.311523 0.035156 0.314453 0.033203 0.320312 0.038086 0.319336
0 0.818359 0.050781 0.818359 0.059570 0.821289 0.064453 0.824219 0.064453 0.824219 0.053711 0.822266 0.050781
0 0.044922 0.866211 0.051758 0.867188 0.055664 0.863281 0.047852 0.862305 0.044922 0.863281
0 0.246094 0.828125 0.248047 0.834961 0.254883 0.836914 0.250977 0.829102
0 0.317383 0.285156 0.320312 0.292969 0.327148 0.292969 0.324219 0.287109
0 0.192383 0.042969 0.188477 0.045898 0.191406 0.054688 0.194336 0.048828
0 0.425781 0.660156 0.421875 0.664062 0.423828 0.671875 0.427734 0.666016
0 0.196289 0.762695 0.196289 0.766602 0.199219 0.767578 0.208008 0.765625 0.206055 0.762695
0 0.910156 0.083008 0.908203 0.084961 0.909180 0.089844 0.914062 0.093750 0.914062 0.086914
0 0.339844 0.322266 0.334961 0.320312 0.329102 0.325195 0.334961 0.326172
0 0.290039 0.844727 0.292969 0.850586 0.298828 0.850586 0.295898 0.845703
0 0.321289 0.109375 0.318359 0.109375 0.316406 0.112305 0.317383 0.120117 0.321289 0.116211
0 0.496094 0.972656 0.487305 0.973633 0.485352 0.978516 0.494141 0.976562
0 0.582031 0.228516 0.585938 0.235352 0.591797 0.236328 0.589844 0.230469
0 0.220703 0.378906 0.215820 0.380859 0.214844 0.386719 0.219727 0.384766
0 0.916016 0.577148 0.916016 0.583984 0.919922 0.586914 0.920898 0.582031
0 0.262695 0.321289 0.263672 0.331055 0.268555 0.333008 0.267578 0.325195
0 0.899414 0.342773 0.894531 0.344727 0.893555 0.352539 0.896484 0.352539
0 0.963867 0.290039 0.957031 0.291016 0.956055 0.294922 0.961914 0.293945
0 0.448242 0.241211 0.451172 0.246094 0.458984 0.246094 0.454102 0.241211
0 0.082031 0.064453 0.077148 0.067383 0.077148 0.078125 0.082031 0.073242
0 0.416992 0.470703 0.416016 0.476562 0.418945 0.482422 0.420898 0.482422 0.420898 0.472656
0 0.009766 0.357422 0.006836 0.358398 0.005859 0.362305 0.007812 0.369141 0.011719 0.362305
0 0.309570 0.454102 0.313477 0.459961 0.322266 0.459961 0.316406 0.453125
0 0.395508 0.194336 0.387695 0.196289 0.385742 0.201172 0.391602 0.201172
0 0.959961 0.933594 0.964844 0.937500 0.970703 0.937500 0.965820 0.932617
0 0.664062 0.740234 0.658203 0.742188 0.656250 0.747070 0.662109 0.746094
0 0.937500 0.643555 0.937500 0.653320 0.940430 0.657227 0.943359 0.657227 0.943359 0.649414
0 0.837891 0.064453 0.843750 0.065430 0.848633 0.060547 0.841797 0.060547
0 0.050781 0.399414 0.054688 0.401367 0.060547 0.400391 0.058594 0.397461
0 0.229492 0.201172 0.225586 0.202148 0.223633 0.209961 0.228516 0.208008
0 0.492188 0.346680 0.493164 0.354492 0.500000 0.358398 0.499023 0.349609 0.496094 0.346680
0 0.908203 0.394531 0.905273 0.395508 0.906250 0.403320 0.909180 0.401367
0 0.676758 0.427734 0.678711 0.433594 0.684570 0.437500 0.685547 0.432617 0.681641 0.428711
0 0.693359 0.730469 0.696289 0.735352 0.705078 0.736328 0.701172 0.730469