0 0.158203 0.045898 0.157227 0.054688 0.159180 0.057617 0.162109 0.057617 0.163086 0.050781
0 0.418945 0.345703 0.417969 0.353516 0.419922 0.356445 0.422852 0.356445 0.422852 0.347656
0 0.133789 0.697266 0.129883 0.700195 0.129883 0.707031 0.134766 0.703125
0 0.502930 0.124023 0.507812 0.128906 0.512695 0.127930 0.508789 0.124023
0 0.460938 0.159180 0.456055 0.161133 0.455078 0.168945 0.459961 0.165039
0 0.900391 0.741211 0.904297 0.745117 0.911133 0.744141 0.908203 0.740234
0 0.702148 0.861328 0.703125 0.863281 0.710938 0.862305 0.710938 0.860352
0 0.993164 0.319336 0.989258 0.319336 0.986328 0.322266 0.985352 0.330078 0.993164 0.325195
0 0.697266 0.893555 0.696289 0.900391 0.699219 0.904297 0.701172 0.894531
0 0.479492 0.918945 0.481445 0.927734 0.486328 0.929688 0.484375 0.919922
0 0.939453 0.497070 0.939453 0.500000 0.944336 0.504883 0.950195 0.505859 0.951172 0.502930 0.948242 0.499023
0 0.092773 0.815430 0.087891 0.817383 0.086914 0.826172 0.090820 0.825195
0 0.366211 0.935547 0.367188 0.942383 0.371094 0.943359 0.370117 0.937500
0 0.805664 0.011719 0.806641 0.013672 0.814453 0.012695 0.812500 0.009766
0 0.902344 0.042969 0.905273 0.045898 0.914062 0.044922 0.912109 0.041016
0 0.495117 0.132812 0.495117 0.141602 0.500000 0.145508 0.500977 0.136719
0 0.399414 0.881836 0.388672 0.883789 0.385742 0.887695 0.386719 0.889648 0.394531 0.888672 0.398438 0.885742
0 0.466797 0.358398 0.470703 0.362305 0.477539 0.362305 0.473633 0.357422
0 0.616211 0.871094 0.621094 0.875977 0.625000 0.875000 0.621094 0.871094
0 0.749023 0.033203 0.743164 0.034180 0.741211 0.038086 0.746094 0.038086
0 0.909180 0.960938 0.906250 0.964844 0.907227 0.970703 0.910156 0.967773
0 0.053711 0.796875 0.047852 0.797852 0.045898 0.802734 0.051758 0.801758
0 0.464844 0.416016 0.463867 0.423828 0.465820 0.426758 0.468750 0.426758 0.468750 0.419922
0 0.836914 0.619141 0.833984 0.619141 0.832031 0.622070 0.832031 0.628906 0.835938 0.626953
0 0.969727 0.287109 0.968750 0.291992 0.973633 0.296875 0.974609 0.290039
0 0.475586 0.980469 0.476562 0.985352 0.483398 0.989258 0.483398 0.984375
0 0.578125 0.689453 0.574219 0.690430 0.573242 0.698242 0.579102 0.694336
0 0.790039 0.263672 0.788086 0.265625 0.789062 0.274414 0.791992 0.272461 0.791992 0.265625
0 0.372070 0.845703 0.366211 0.847656 0.363281 0.853516 0.368164 0.853516
0 0.446289 0.403320 0.447266 0.407227 0.456055 0.407227 0.451172 0.403320
0 0.785156 0.098633 0.790039 0.099609 0.793945 0.094727 0.788086 0.094727
0 0.826172 0.132812 0.817383 0.132812 0.813477 0.137695 0.823242 0.137695
0 0.249023 0.530273 0.251953 0.537109 0.261719 0.539062 0.258789 0.532227
0 0.025391 0.239258 0.022461 0.243164 0.022461 0.250000 0.027344 0.245117 0.027344 0.240234
0 0.908203 0.252930 0.909180 0.259766 0.914062 0.262695 0.913086 0.254883
0 0.023438 0.123047 0.023438 0.125000 0.029297 0.127930 0.035156 0.125977 0.032227 0.122070
0 0.572266 0.367188 0.570312 0.371094 0.572266 0.376953 0.574219 0.376953 0.575195 0.370117