0 0.672852 0.247070 0.673828 0.250977 0.681641 0.253906 0.678711 0.248047
0 0.137695 0.352539 0.136719 0.361328 0.139648 0.364258 0.141602 0.355469
0 0.917969 0.106445 0.914062 0.110352 0.915039 0.116211 0.918945 0.111328
0 0.904297 0.212891 0.898438 0.214844 0.897461 0.222656 0.904297 0.218750
0 0.269531 0.954102 0.263672 0.956055 0.262695 0.963867 0.267578 0.960938
0 0.560547 0.087891 0.557617 0.085938 0.549805 0.086914 0.548828 0.089844 0.553711 0.091797
0 0.851562 0.150391 0.849609 0.157227 0.853516 0.164062 0.855469 0.154297
0 0.975586 0.541992 0.970703 0.543945 0.969727 0.549805 0.971680 0.553711 0.975586 0.549805
0 0.809570 0.265625 0.803711 0.266602 0.799805 0.273438 0.806641 0.272461
0 0.249023 0.760742 0.251953 0.767578 0.257812 0.768555 0.255859 0.762695
0 0.783203 0.851562 0.786133 0.855469 0.792969 0.855469 0.791016 0.851562
0 0.511719 0.733398 0.514648 0.737305 0.521484 0.737305 0.519531 0.733398
0 0.741211 0.655273 0.743164 0.660156 0.750977 0.661133 0.750000 0.657227
0 0.133789 0.657227 0.129883 0.662109 0.130859 0.667969 0.135742 0.664062 0.135742 0.658203
0 0.884766 0.110352 0.891602 0.110352 0.895508 0.106445 0.887695 0.105469
0 0.788086 0.457031 0.796875 0.457031 0.800781 0.452148 0.791992 0.452148
0 0.805664 0.699219 0.805664 0.705078 0.811523 0.708984 0.809570 0.701172
0 0.583008 0.142578 0.573242 0.142578 0.570312 0.144531 0.570312 0.147461 0.579102 0.148438 0.583008 0.146484
0 0.956055 0.277344 0.950195 0.277344 0.946289 0.284180 0.954102 0.282227
0 0.428711 0.674805 0.420898 0.679688 0.420898 0.686523 0.427734 0.682617
0 0.250977 0.375000 0.252930 0.377930 0.262695 0.375977 0.261719 0.373047
0 0.489258 0.684570 0.487305 0.689453 0.492188 0.696289 0.493164 0.690430
0 0.303711 0.335938 0.300781 0.335938 0.299805 0.338867 0.301758 0.345703
0 0.980469 0.030273 0.980469 0.038086 0.985352 0.040039 0.985352 0.035156
0 0.339844 0.656250 0.333008 0.658203 0.332031 0.661133 0.338867 0.660156
0 0.704102 0.916992 0.701172 0.917969 0.700195 0.924805 0.703125 0.923828
0 0.818359 0.829102 0.812500 0.832031 0.811523 0.838867 0.817383 0.835938
0 0.774414 0.649414 0.780273 0.653320 0.787109 0.652344 0.787109 0.649414 0.783203 0.647461
0 0.171875 0.959961 0.164062 0.959961 0.160156 0.967773 0.167969 0.965820
0 0.401367 0.521484 0.394531 0.525391 0.394531 0.531250 0.401367 0.527344
0 0.907227 0.142578 0.908203 0.146484 0.916016 0.147461 0.914062 0.143555
0 0.497070 0.462891 0.498047 0.471680 0.502930 0.473633 0.500977 0.463867
0 0.717773 0.148438 0.711914 0.148438 0.707031 0.155273 0.714844 0.153320
0 0.634766 0.718750 0.631836 0.718750 0.629883 0.721680 0.631836 0.728516
0 0.343750 0.082031 0.336914 0.083008 0.335938 0.085938 0.341797 0.085938
0 0.552734 0.216797 0.547852 0.217773 0.544922 0.222656 0.551758 0.221680
0 0.739258 0.687500 0.741211 0.693359 0.745117 0.695312 0.744141 0.688477
0 0.397461 0.128906 0.398438 0.134766 0.404297 0.136719 0.402344 0.130859
0 0.066406 0.093750 0.067383 0.100586 0.072266 0.103516 0.071289 0.095703
0 0.292969 0.184570 0.292969 0.192383 0.296875 0.194336 0.296875 0.187500
0 0.270508 0.877930 0.269531 0.884766 0.272461 0.887695 0.274414 0.881836
0 0.651367 0.114258 0.649414 0.122070 0.654297 0.126953 0.655273 0.118164
0 0.040039 0.855469 0.041016 0.861328 0.049805 0.864258 0.045898 0.856445
0 0.399414 0.431641 0.399414 0.441406 0.403320 0.443359 0.404297 0.438477
0 0.291016 0.514648 0.287109 0.518555 0.288086 0.524414 0.291992 0.519531
0 0.883789 0.765625 0.882812 0.775391 0.885742 0.779297 0.888672 0.771484 0.886719 0.766602
0 0.649414 0.195312 0.651367 0.206055 0.656250 0.208008 0.654297 0.196289
0 0.657227 0.844727 0.660156 0.849609 0.666992 0.850586 0.664062 0.844727
0 0.881836 0.408203 0.885742 0.416016 0.892578 0.417969 0.892578 0.415039 0.886719 0.408203
0 0.052734 0.083008 0.056641 0.086914 0.063477 0.084961 0.060547 0.082031
0 0.391602 0.562500 0.390625 0.569336 0.394531 0.572266 0.395508 0.566406
0 0.450195 0.583008 0.445312 0.583984 0.441406 0.591797 0.448242 0.589844
0 0.803711 0.472656 0.803711 0.476562 0.807617 0.480469 0.813477 0.481445 0.809570 0.473633
0 0.982422 0.327148 0.984375 0.331055 0.992188 0.330078 0.992188 0.328125 0.986328 0.326172
0 0.438477 0.880859 0.441406 0.884766 0.450195 0.881836 0.444336 0.878906
0 0.140625 0.930664 0.139648 0.938477 0.142578 0.940430 0.144531 0.934570
0 0.337891 0.118164 0.332031 0.117188 0.326172 0.123047 0.334961 0.123047 0.337891 0.121094