0 0.488281 0.617188 0.483398 0.619141 0.481445 0.627930 0.486328 0.626953
0 0.436523 0.364258 0.431641 0.365234 0.427734 0.370117 0.434570 0.369141
0 0.718750 0.169922 0.720703 0.173828 0.727539 0.174805 0.723633 0.169922
0 0.527344 0.709961 0.523438 0.712891 0.523438 0.721680 0.527344 0.718750
0 0.410156 0.897461 0.401367 0.899414 0.401367 0.902344 0.407227 0.902344
0 0.019531 0.739258 0.022461 0.743164 0.029297 0.740234 0.029297 0.738281
0 0.963867 0.484375 0.965820 0.487305 0.974609 0.486328 0.972656 0.483398
0 0.539062 0.566406 0.538086 0.572266 0.541992 0.576172 0.543945 0.571289
0 0.127930 0.440430 0.124023 0.442383 0.123047 0.450195 0.127930 0.446289
0 0.009766 0.720703 0.011719 0.725586 0.020508 0.726562 0.017578 0.721680
0 0.791992 0.841797 0.791016 0.849609 0.793945 0.852539 0.795898 0.844727 0.794922 0.841797
0 0.225586 0.703125 0.217773 0.704102 0.215820 0.710938 0.222656 0.708008
0 0.396484 0.707031 0.401367 0.712891 0.409180 0.712891 0.409180 0.709961 0.405273 0.707031
0 0.180664 0.646484 0.180664 0.651367 0.187500 0.656250 0.187500 0.650391
0 0.134766 0.158203 0.126953 0.158203 0.125000 0.162109 0.132812 0.162109
0 0.950195 0.407227 0.943359 0.408203 0.941406 0.412109 0.949219 0.411133
0 0.200195 0.538086 0.194336 0.538086 0.189453 0.542969 0.189453 0.545898 0.197266 0.543945
0 0.246094 0.422852 0.248047 0.429688 0.254883 0.433594 0.253906 0.426758
0 0.332031 0.075195 0.332031 0.083984 0.334961 0.087891 0.337891 0.087891 0.337891 0.080078 0.334961 0.075195
0 0.062500 0.114258 0.063477 0.123047 0.068359 0.125977 0.067383 0.117188
0 0.445312 0.564453 0.448242 0.568359 0.456055 0.568359 0.451172 0.563477
0 0.574219 0.980469 0.570312 0.984375 0.570312 0.990234 0.575195 0.985352
0 0.604492 0.069336 0.605469 0.072266 0.614258 0.071289 0.614258 0.068359
0 0.328125 0.343750 0.325195 0.345703 0.326172 0.354492 0.328125 0.354492 0.330078 0.349609
0 0.295898 0.103516 0.294922 0.110352 0.299805 0.115234 0.300781 0.107422 0.298828 0.103516
0 0.980469 0.604492 0.983398 0.607422 0.991211 0.606445 0.987305 0.602539
0 0.813477 0.444336 0.813477 0.453125 0.817383 0.455078 0.818359 0.448242
0 0.608398 0.519531 0.601562 0.521484 0.597656 0.529297 0.605469 0.527344
0 0.408203 0.851562 0.409180 0.856445 0.412109 0.859375 0.416016 0.859375 0.416016 0.855469
0 0.347656 0.496094 0.347656 0.504883 0.351562 0.506836 0.352539 0.500000