0 0.883789 0.881836 0.885742 0.885742 0.894531 0.885742 0.889648 0.880859
0 0.433594 0.011719 0.429688 0.013672 0.430664 0.023438 0.434570 0.020508
0 0.168945 0.352539 0.166016 0.352539 0.164062 0.355469 0.164062 0.363281 0.169922 0.357422
0 0.717773 0.186523 0.725586 0.187500 0.728516 0.183594 0.721680 0.182617
0 0.713867 0.691406 0.715820 0.699219 0.719727 0.702148 0.721680 0.701172 0.720703 0.694336
0 0.455078 0.988281 0.460938 0.989258 0.465820 0.985352 0.458008 0.984375
0 0.649414 0.541016 0.646484 0.542969 0.646484 0.550781 0.651367 0.545898
0 0.077148 0.404297 0.080078 0.408203 0.087891 0.408203 0.089844 0.406250 0.085938 0.403320
0 0.422852 0.026367 0.418945 0.026367 0.415039 0.033203 0.420898 0.032227
0 0.069336 0.760742 0.074219 0.760742 0.077148 0.756836 0.071289 0.756836
0 0.277344 0.647461 0.277344 0.651367 0.283203 0.656250 0.283203 0.650391
0 0.905273 0.571289 0.902344 0.572266 0.902344 0.580078 0.905273 0.578125
0 0.742188 0.300781 0.736328 0.303711 0.735352 0.308594 0.739258 0.308594 0.742188 0.305664
0 0.722656 0.372070 0.717773 0.376953 0.718750 0.385742 0.720703 0.385742 0.723633 0.379883
0 0.861328 0.305664 0.862305 0.308594 0.872070 0.306641 0.869141 0.303711
0 0.165039 0.040039 0.158203 0.040039 0.154297 0.045898 0.162109 0.044922
0 0.319336 0.512695 0.314453 0.514648 0.313477 0.523438 0.319336 0.519531
0 0.837891 0.090820 0.839844 0.099609 0.844727 0.101562 0.842773 0.091797
0 0.330078 0.445312 0.330078 0.450195 0.334961 0.456055 0.334961 0.447266
0 0.825195 0.518555 0.827148 0.527344 0.832031 0.529297 0.831055 0.521484
0 0.470703 0.592773 0.479492 0.593750 0.483398 0.589844 0.475586 0.587891 0.470703 0.589844
0 0.129883 0.066406 0.131836 0.070312 0.139648 0.071289 0.135742 0.066406
0 0.562500 0.433594 0.562500 0.437500 0.571289 0.438477 0.569336 0.434570
0 0.383789 0.632812 0.387695 0.636719 0.392578 0.636719 0.391602 0.632812
0 0.346680 0.012695 0.341797 0.013672 0.338867 0.019531 0.343750 0.019531
0 0.594727 0.416992 0.590820 0.417969 0.588867 0.426758 0.593750 0.423828
0 0.110352 0.262695 0.118164 0.262695 0.121094 0.257812 0.112305 0.257812
0 0.646484 0.218750 0.649414 0.222656 0.658203 0.222656 0.656250 0.218750
0 0.727539 0.048828 0.722656 0.051758 0.722656 0.057617 0.726562 0.055664
0 0.787109 0.176758 0.791016 0.180664 0.800781 0.178711 0.800781 0.175781 0.795898 0.173828