0 0.767578 0.785156 0.767578 0.792969 0.770508 0.796875 0.773438 0.796875 0.773438 0.791016
0 0.759766 0.847656 0.756836 0.849609 0.757812 0.857422 0.760742 0.854492
0 0.642578 0.464844 0.637695 0.466797 0.637695 0.475586 0.642578 0.471680
0 0.984375 0.405273 0.978516 0.407227 0.976562 0.416992 0.983398 0.412109
0 0.680664 0.848633 0.675781 0.851562 0.675781 0.857422 0.680664 0.853516
0 0.031250 0.586914 0.029297 0.586914 0.027344 0.591797 0.029297 0.598633 0.033203 0.593750
0 0.430664 0.221680 0.430664 0.229492 0.435547 0.231445 0.434570 0.224609
0 0.844727 0.606445 0.843750 0.614258 0.846680 0.616211 0.847656 0.609375
0 0.092773 0.942383 0.092773 0.945312 0.095703 0.947266 0.103516 0.946289 0.099609 0.942383
0 0.132812 0.774414 0.136719 0.780273 0.141602 0.781250 0.138672 0.775391
0 0.898438 0.045898 0.900391 0.053711 0.903320 0.054688 0.902344 0.046875
0 0.039062 0.694336 0.041016 0.699219 0.050781 0.700195 0.046875 0.695312
0 0.548828 0.469727 0.553711 0.475586 0.559570 0.476562 0.559570 0.472656 0.552734 0.467773
0 0.426758 0.208008 0.429688 0.210938 0.437500 0.209961 0.435547 0.206055
0 0.792969 0.247070 0.795898 0.250000 0.801758 0.249023 0.799805 0.246094
0 0.824219 0.010742 0.819336 0.015625 0.818359 0.020508 0.821289 0.025391 0.825195 0.019531
0 0.386719 0.936523 0.380859 0.933594 0.372070 0.935547 0.376953 0.939453
0 0.117188 0.416992 0.123047 0.420898 0.129883 0.418945 0.126953 0.415039 0.119141 0.415039
0 0.528320 0.203125 0.528320 0.208008 0.533203 0.211914 0.533203 0.206055
0 0.628906 0.229492 0.632812 0.234375 0.640625 0.234375 0.640625 0.231445 0.634766 0.228516
0 0.812500 0.982422 0.806641 0.985352 0.803711 0.991211 0.804688 0.994141 0.808594 0.994141 0.811523 0.991211
0 0.976562 0.381836 0.977539 0.387695 0.981445 0.391602 0.985352 0.391602 0.983398 0.384766
0 0.358398 0.587891 0.354492 0.590820 0.355469 0.599609 0.359375 0.594727
0 0.326172 0.720703 0.330078 0.726562 0.335938 0.727539 0.332031 0.720703
0 0.871094 0.085938 0.868164 0.092773 0.870117 0.095703 0.873047 0.092773
0 0.933594 0.546875 0.934570 0.555664 0.938477 0.557617 0.939453 0.551758 0.936523 0.546875
0 0.311523 0.390625 0.306641 0.392578 0.304688 0.396484 0.305664 0.401367 0.310547 0.397461
0 0.559570 0.128906 0.562500 0.134766 0.568359 0.134766 0.567383 0.130859
0 0.631836 0.494141 0.625000 0.494141 0.622070 0.498047 0.626953 0.499023
0 0.419922 0.808594 0.416016 0.807617 0.411133 0.810547 0.416992 0.812500 0.419922 0.811523
0 0.049805 0.706055 0.052734 0.709961 0.061523 0.708008 0.059570 0.705078
0 0.091797 0.012695 0.089844 0.011719 0.084961 0.015625 0.083008 0.019531 0.084961 0.022461 0.088867 0.020508
0 0.631836 0.729492 0.627930 0.733398 0.627930 0.738281 0.631836 0.737305
0 0.210938 0.269531 0.205078 0.269531 0.202148 0.275391 0.209961 0.273438
0 0.405273 0.458008 0.406250 0.460938 0.415039 0.459961 0.412109 0.457031
0 0.268555 0.828125 0.269531 0.831055 0.273438 0.832031 0.278320 0.830078 0.276367 0.827148
0 0.930664 0.828125 0.923828 0.828125 0.919922 0.835938 0.925781 0.834961
0 0.608398 0.586914 0.616211 0.588867 0.623047 0.584961 0.621094 0.583008 0.613281 0.583008 0.608398 0.584961
0 0.539062 0.081055 0.539062 0.087891 0.544922 0.090820 0.543945 0.084961
0 0.617188 0.938477 0.621094 0.942383 0.627930 0.941406 0.625977 0.937500
0 0.668945 0.085938 0.666992 0.093750 0.670898 0.097656 0.672852 0.095703 0.672852 0.088867
0 0.644531 0.073242 0.643555 0.078125 0.649414 0.083984 0.649414 0.076172 0.647461 0.073242
0 0.011719 0.412109 0.005859 0.416016 0.005859 0.418945 0.009766 0.418945
0 0.865234 0.754883 0.868164 0.762695 0.874023 0.764648 0.873047 0.757812
0 0.149414 0.620117 0.144531 0.620117 0.138672 0.625977 0.144531 0.626953 0.148438 0.625000
0 0.647461 0.486328 0.649414 0.490234 0.658203 0.489258 0.658203 0.486328 0.655273 0.485352
0 0.270508 0.096680 0.271484 0.103516 0.275391 0.105469 0.274414 0.097656
0 0.658203 0.778320 0.652344 0.784180 0.653320 0.792969 0.658203 0.789062
0 0.193359 0.752930 0.194336 0.759766 0.198242 0.761719 0.198242 0.755859
0 0.724609 0.308594 0.725586 0.316406 0.732422 0.320312 0.733398 0.316406 0.730469 0.310547
0 0.166016 0.538086 0.159180 0.541992 0.159180 0.546875 0.165039 0.544922
0 0.323242 0.159180 0.320312 0.163086 0.320312 0.169922 0.323242 0.169922 0.325195 0.166992
0 0.735352 0.632812 0.739258 0.639648 0.744141 0.640625 0.744141 0.637695 0.739258 0.632812
0 0.709961 0.940430 0.717773 0.940430 0.719727 0.936523 0.712891 0.936523
0 0.213867 0.940430 0.216797 0.943359 0.223633 0.944336 0.223633 0.941406 0.219727 0.938477
0 0.226562 0.334961 0.228516 0.337891 0.235352 0.335938 0.235352 0.333984
0 0.061523 0.542969 0.057617 0.544922 0.058594 0.553711 0.062500 0.549805
0 0.231445 0.676758 0.227539 0.676758 0.225586 0.680664 0.226562 0.687500 0.230469 0.684570
0 0.690430 0.879883 0.689453 0.884766 0.692383 0.891602 0.694336 0.891602 0.695312 0.883789 0.693359 0.879883
0 0.568359 0.527344 0.559570 0.527344 0.557617 0.531250 0.564453 0.532227
0 0.626953 0.792969 0.620117 0.792969 0.616211 0.797852 0.624023 0.797852 0.626953 0.795898
0 0.583008 0.259766 0.579102 0.260742 0.577148 0.268555 0.583008 0.263672
0 0.811523 0.128906 0.807617 0.131836 0.807617 0.137695 0.811523 0.135742