0 0.561523 0.169922 0.557617 0.172852 0.557617 0.180664 0.559570 0.182617 0.563477 0.174805
0 0.715820 0.761719 0.718750 0.771484 0.722656 0.772461 0.721680 0.764648
0 0.645508 0.782227 0.641602 0.789062 0.644531 0.794922 0.647461 0.791016
0 0.337891 0.888672 0.333008 0.890625 0.332031 0.896484 0.337891 0.893555
0 0.367188 0.572266 0.362305 0.577148 0.362305 0.583984 0.367188 0.580078
0 0.662109 0.784180 0.662109 0.791992 0.666992 0.794922 0.666992 0.788086
0 0.212891 0.907227 0.206055 0.909180 0.204102 0.916016 0.208984 0.915039
0 0.126953 0.257812 0.127930 0.263672 0.134766 0.267578 0.133789 0.260742
0 0.955078 0.065430 0.961914 0.065430 0.967773 0.060547 0.957031 0.060547
0 0.291992 0.474609 0.286133 0.478516 0.284180 0.487305 0.291992 0.481445
0 0.118164 0.112305 0.120117 0.121094 0.124023 0.123047 0.123047 0.114258
0 0.913086 0.406250 0.916016 0.411133 0.923828 0.412109 0.921875 0.407227
0 0.452148 0.016602 0.445312 0.020508 0.444336 0.025391 0.447266 0.025391 0.452148 0.020508
0 0.052734 0.250000 0.054688 0.257812 0.059570 0.259766 0.058594 0.252930
0 0.208008 0.424805 0.209961 0.429688 0.219727 0.430664 0.217773 0.426758
0 0.612305 0.356445 0.611328 0.362305 0.614258 0.367188 0.617188 0.367188 0.616211 0.359375
0 0.151367 0.934570 0.143555 0.938477 0.142578 0.945312 0.147461 0.944336 0.151367 0.940430
0 0.475586 0.797852 0.471680 0.797852 0.467773 0.803711 0.474609 0.801758
0 0.426758 0.181641 0.422852 0.184570 0.423828 0.191406 0.428711 0.186523
0 0.068359 0.445312 0.070312 0.450195 0.075195 0.452148 0.074219 0.448242
0 0.337891 0.336914 0.333008 0.335938 0.329102 0.337891 0.326172 0.343750 0.333984 0.342773 0.337891 0.339844
0 0.629883 0.237305 0.628906 0.239258 0.632812 0.244141 0.638672 0.245117 0.636719 0.239258
0 0.500977 0.404297 0.501953 0.409180 0.508789 0.411133 0.505859 0.405273
0 0.529297 0.885742 0.530273 0.893555 0.537109 0.897461 0.535156 0.887695
0 0.727539 0.973633 0.721680 0.978516 0.722656 0.982422 0.726562 0.980469
0 0.939453 0.365234 0.929688 0.367188 0.927734 0.373047 0.935547 0.371094
0 0.223633 0.258789 0.220703 0.260742 0.221680 0.268555 0.224609 0.266602
0 0.604492 0.012695 0.600586 0.014648 0.600586 0.021484 0.605469 0.017578
0 0.724609 0.535156 0.728516 0.540039 0.735352 0.541016 0.733398 0.536133
0 0.458984 0.686523 0.456055 0.688477 0.457031 0.698242 0.460938 0.694336 0.460938 0.687500
0 0.593750 0.177734 0.593750 0.180664 0.596680 0.182617 0.606445 0.180664 0.601562 0.176758
0 0.347656 0.305664 0.347656 0.312500 0.351562 0.314453 0.351562 0.308594
0 0.507812 0.578125 0.505859 0.580078 0.505859 0.586914 0.509766 0.590820 0.510742 0.580078
0 0.976562 0.513672 0.973633 0.513672 0.971680 0.518555 0.973633 0.525391 0.976562 0.520508
0 0.106445 0.083008 0.112305 0.086914 0.116211 0.085938 0.114258 0.082031
0 0.040039 0.623047 0.034180 0.624023 0.030273 0.629883 0.036133 0.629883
0 0.381836 0.953125 0.382812 0.958984 0.387695 0.960938 0.386719 0.955078
0 0.481445 0.600586 0.476562 0.604492 0.477539 0.612305 0.480469 0.612305
0 0.688477 0.323242 0.683594 0.322266 0.678711 0.328125 0.686523 0.327148
0 0.397461 0.730469 0.396484 0.735352 0.401367 0.741211 0.402344 0.735352
0 0.217773 0.112305 0.219727 0.115234 0.227539 0.114258 0.225586 0.111328
0 0.173828 0.889648 0.166016 0.889648 0.163086 0.894531 0.167969 0.895508
0 0.520508 0.719727 0.516602 0.719727 0.513672 0.725586 0.518555 0.724609
0 0.155273 0.914062 0.152344 0.915039 0.150391 0.921875 0.154297 0.920898
0 0.597656 0.036133 0.597656 0.038086 0.606445 0.037109 0.605469 0.034180
0 0.075195 0.117188 0.077148 0.125000 0.080078 0.127930 0.085938 0.128906 0.084961 0.123047
0 0.700195 0.347656 0.696289 0.350586 0.698242 0.359375 0.701172 0.356445
0 0.075195 0.982422 0.065430 0.982422 0.062500 0.984375 0.062500 0.987305 0.073242 0.987305
0 0.070312 0.728516 0.071289 0.733398 0.075195 0.736328 0.076172 0.732422
0 0.730469 0.091797 0.732422 0.099609 0.738281 0.100586 0.736328 0.093750
0 0.223633 0.157227 0.216797 0.161133 0.215820 0.166992 0.222656 0.164062
0 0.833984 0.902344 0.830078 0.902344 0.827148 0.907227 0.833984 0.906250
0 0.189453 0.782227 0.189453 0.788086 0.194336 0.791992 0.194336 0.785156
0 0.601562 0.817383 0.598633 0.819336 0.598633 0.826172 0.602539 0.823242
0 0.048828 0.387695 0.041016 0.388672 0.039062 0.393555 0.047852 0.391602
0 0.498047 0.070312 0.504883 0.076172 0.509766 0.076172 0.510742 0.074219 0.503906 0.069336
0 0.962891 0.832031 0.964844 0.835938 0.974609 0.834961 0.970703 0.831055
0 0.163086 0.612305 0.158203 0.614258 0.155273 0.622070 0.163086 0.618164
0 0.038086 0.765625 0.032227 0.768555 0.031250 0.774414 0.037109 0.772461
0 0.806641 0.498047 0.803711 0.498047 0.801758 0.501953 0.801758 0.508789 0.804688 0.508789 0.806641 0.505859
0 0.458984 0.152344 0.459961 0.155273 0.464844 0.157227 0.469727 0.155273 0.468750 0.152344
0 0.153320 0.621094 0.149414 0.621094 0.147461 0.625000 0.148438 0.629883 0.152344 0.626953
0 0.638672 0.281250 0.635742 0.281250 0.632812 0.285156 0.633789 0.293945 0.638672 0.287109
0 0.258789 0.541992 0.258789 0.547852 0.264648 0.550781 0.263672 0.542969
0 0.347656 0.144531 0.350586 0.154297 0.354492 0.155273 0.353516 0.147461
0 0.182617 0.845703 0.183594 0.851562 0.189453 0.853516 0.188477 0.847656
0 0.006836 0.701172 0.006836 0.707031 0.010742 0.710938 0.011719 0.705078
0 0.092773 0.487305 0.090820 0.487305 0.088867 0.492188 0.090820 0.498047 0.094727 0.492188