0 0.333984 0.750977 0.327148 0.754883 0.327148 0.759766 0.333008 0.757812
0 0.030273 0.608398 0.037109 0.607422 0.039062 0.604492 0.033203 0.603516 0.030273 0.605469
0 0.586914 0.357422 0.586914 0.360352 0.589844 0.361328 0.597656 0.359375 0.596680 0.356445 0.592773 0.355469
0 0.974609 0.739258 0.973633 0.744141 0.975586 0.748047 0.978516 0.748047 0.978516 0.744141
0 0.977539 0.504883 0.971680 0.505859 0.967773 0.512695 0.974609 0.511719 0.977539 0.508789
0 0.729492 0.854492 0.731445 0.859375 0.741211 0.860352 0.737305 0.855469
0 0.098633 0.856445 0.092773 0.858398 0.090820 0.863281 0.096680 0.862305
0 0.343750 0.346680 0.335938 0.348633 0.333008 0.355469 0.339844 0.354492
0 0.624023 0.535156 0.621094 0.535156 0.619141 0.538086 0.619141 0.545898 0.623047 0.543945
0 0.655273 0.127930 0.648438 0.132812 0.647461 0.137695 0.656250 0.132812
0 0.429688 0.772461 0.429688 0.775391 0.433594 0.778320 0.440430 0.777344 0.437500 0.773438
0 0.489258 0.581055 0.483398 0.583008 0.480469 0.587891 0.482422 0.589844 0.485352 0.588867
0 0.221680 0.569336 0.222656 0.573242 0.231445 0.574219 0.229492 0.570312
0 0.483398 0.714844 0.483398 0.721680 0.487305 0.724609 0.487305 0.717773
0 0.462891 0.393555 0.456055 0.398438 0.455078 0.403320 0.462891 0.399414
0 0.684570 0.497070 0.680664 0.500000 0.679688 0.507812 0.686523 0.500977
0 0.693359 0.620117 0.693359 0.625000 0.698242 0.628906 0.698242 0.623047
0 0.045898 0.683594 0.044922 0.690430 0.047852 0.693359 0.049805 0.687500
0 0.297852 0.403320 0.304688 0.404297 0.308594 0.400391 0.300781 0.399414
0 0.782227 0.793945 0.779297 0.795898 0.779297 0.801758 0.783203 0.798828
0 0.372070 0.728516 0.368164 0.730469 0.368164 0.739258 0.372070 0.736328
0 0.529297 0.299805 0.531250 0.304688 0.540039 0.305664 0.537109 0.300781
0 0.164062 0.399414 0.158203 0.399414 0.153320 0.404297 0.161133 0.404297 0.164062 0.402344
0 0.441406 0.375000 0.436523 0.376953 0.434570 0.381836 0.436523 0.384766 0.439453 0.382812
0 0.184570 0.396484 0.180664 0.400391 0.180664 0.405273 0.185547 0.400391
0 0.064453 0.647461 0.059570 0.649414 0.058594 0.659180 0.064453 0.654297
0 0.505859 0.901367 0.506836 0.906250 0.514648 0.908203 0.509766 0.901367
0 0.322266 0.505859 0.323242 0.507812 0.332031 0.506836 0.331055 0.503906 0.324219 0.503906
0 0.821289 0.441406 0.824219 0.444336 0.833008 0.442383 0.831055 0.439453
0 0.415039 0.200195 0.409180 0.201172 0.406250 0.205078 0.414062 0.204102
0 0.205078 0.397461 0.205078 0.404297 0.208984 0.406250 0.208984 0.400391
0 0.506836 0.192383 0.505859 0.198242 0.507812 0.203125 0.510742 0.204102 0.510742 0.194336
0 0.271484 0.137695 0.264648 0.138672 0.261719 0.144531 0.267578 0.143555
0 0.541016 0.503906 0.541016 0.510742 0.545898 0.516602 0.545898 0.505859
0 0.552734 0.199219 0.548828 0.200195 0.546875 0.208984 0.551758 0.207031
0 0.126953 0.511719 0.127930 0.513672 0.137695 0.513672 0.138672 0.509766
0 0.230469 0.034180 0.231445 0.040039 0.238281 0.043945 0.236328 0.036133
0 0.236328 0.353516 0.237305 0.360352 0.246094 0.364258 0.245117 0.358398
0 0.415039 0.980469 0.418945 0.986328 0.424805 0.987305 0.425781 0.985352 0.422852 0.981445
0 0.391602 0.325195 0.391602 0.331055 0.395508 0.334961 0.396484 0.329102 0.394531 0.325195
0 0.616211 0.847656 0.612305 0.848633 0.613281 0.858398 0.616211 0.855469
0 0.027344 0.298828 0.028320 0.305664 0.038086 0.309570 0.035156 0.302734
0 0.831055 0.780273 0.833008 0.783203 0.840820 0.782227 0.838867 0.778320
0 0.551758 0.622070 0.553711 0.628906 0.561523 0.631836 0.559570 0.625000 0.556641 0.622070
0 0.130859 0.126953 0.123047 0.127930 0.119141 0.134766 0.127930 0.133789 0.130859 0.130859
0 0.235352 0.171875 0.238281 0.175781 0.246094 0.175781 0.241211 0.170898
0 0.749023 0.479492 0.744141 0.477539 0.737305 0.481445 0.748047 0.482422
0 0.308594 0.339844 0.311523 0.345703 0.319336 0.345703 0.316406 0.341797
0 0.550781 0.598633 0.543945 0.598633 0.539062 0.606445 0.547852 0.604492
0 0.637695 0.487305 0.633789 0.487305 0.631836 0.490234 0.631836 0.499023 0.635742 0.498047
0 0.380859 0.808594 0.375000 0.812500 0.375000 0.821289 0.379883 0.817383
0 0.282227 0.443359 0.283203 0.453125 0.288086 0.455078 0.287109 0.447266
0 0.987305 0.783203 0.982422 0.784180 0.978516 0.789062 0.985352 0.788086
0 0.769531 0.181641 0.771484 0.183594 0.780273 0.182617 0.776367 0.178711