0 0.586914 0.940430 0.586914 0.952148 0.589844 0.952148 0.591797 0.949219 0.590820 0.942383
0 0.376953 0.191406 0.376953 0.196289 0.383789 0.201172 0.382812 0.192383
0 0.658203 0.950195 0.656250 0.954102 0.658203 0.959961 0.661133 0.960938 0.662109 0.952148
0 0.914062 0.200195 0.916992 0.205078 0.924805 0.205078 0.922852 0.201172
0 0.646484 0.174805 0.645508 0.181641 0.649414 0.186523 0.651367 0.180664 0.649414 0.175781
0 0.562500 0.584961 0.554688 0.585938 0.551758 0.588867 0.551758 0.593750 0.557617 0.592773
0 0.148438 0.343750 0.143555 0.344727 0.139648 0.348633 0.139648 0.352539 0.146484 0.350586
0 0.858398 0.711914 0.863281 0.715820 0.870117 0.714844 0.869141 0.711914 0.863281 0.709961
0 0.044922 0.750000 0.036133 0.750977 0.032227 0.755859 0.039062 0.756836
0 0.716797 0.766602 0.719727 0.771484 0.728516 0.771484 0.722656 0.765625
0 0.399414 0.500000 0.399414 0.507812 0.402344 0.509766 0.403320 0.500977
0 0.628906 0.898438 0.631836 0.903320 0.640625 0.903320 0.634766 0.897461
0 0.705078 0.736328 0.707031 0.740234 0.714844 0.740234 0.712891 0.737305
0 0.272461 0.336914 0.270508 0.340820 0.272461 0.346680 0.276367 0.349609 0.276367 0.339844
0 0.863281 0.856445 0.866211 0.860352 0.873047 0.860352 0.871094 0.856445
0 0.586914 0.148438 0.583008 0.150391 0.583984 0.161133 0.587891 0.157227
0 0.629883 0.413086 0.626953 0.416016 0.627930 0.425781 0.629883 0.425781 0.631836 0.414062
0 0.351562 0.245117 0.353516 0.251953 0.359375 0.253906 0.359375 0.249023 0.355469 0.245117
0 0.711914 0.358398 0.709961 0.363281 0.710938 0.369141 0.713867 0.369141 0.715820 0.363281 0.714844 0.359375
0 0.413086 0.122070 0.415039 0.129883 0.419922 0.131836 0.418945 0.125000
0 0.758789 0.353516 0.758789 0.364258 0.764648 0.368164 0.765625 0.361328 0.762695 0.355469
0 0.930664 0.745117 0.931641 0.750000 0.938477 0.750977 0.937500 0.747070
0 0.371094 0.791992 0.368164 0.801758 0.370117 0.806641 0.374023 0.807617 0.375000 0.797852 0.373047 0.791992
0 0.152344 0.191406 0.146484 0.194336 0.146484 0.200195 0.150391 0.198242
0 0.400391 0.856445 0.395508 0.860352 0.396484 0.867188 0.401367 0.863281 0.402344 0.859375
0 0.315430 0.715820 0.318359 0.719727 0.323242 0.720703 0.322266 0.716797
0 0.154297 0.721680 0.147461 0.725586 0.147461 0.730469 0.153320 0.728516
0 0.752930 0.952148 0.747070 0.953125 0.744141 0.958984 0.750977 0.957031
0 0.967773 0.500977 0.966797 0.509766 0.970703 0.511719 0.971680 0.503906
0 0.701172 0.057617 0.702148 0.065430 0.708008 0.068359 0.707031 0.061523
0 0.915039 0.956055 0.917969 0.958984 0.925781 0.958008 0.923828 0.954102
0 0.131836 0.647461 0.132812 0.653320 0.138672 0.657227 0.137695 0.649414
0 0.206055 0.814453 0.198242 0.818359 0.197266 0.825195 0.204102 0.823242
0 0.110352 0.543945 0.112305 0.546875 0.119141 0.547852 0.117188 0.542969
0 0.403320 0.067383 0.409180 0.069336 0.414062 0.065430 0.406250 0.064453
0 0.276367 0.003906 0.273438 0.008789 0.275391 0.014648 0.278320 0.012695 0.278320 0.004883
0 0.599609 0.047852 0.601562 0.053711 0.608398 0.055664 0.604492 0.047852
0 0.983398 0.375000 0.987305 0.380859 0.995117 0.380859 0.991211 0.375977
0 0.360352 0.406250 0.353516 0.406250 0.349609 0.412109 0.358398 0.411133
0 0.361328 0.146484 0.355469 0.145508 0.351562 0.150391 0.358398 0.150391
0 0.335938 0.504883 0.333008 0.505859 0.332031 0.512695 0.334961 0.511719
0 0.605469 0.824219 0.605469 0.827148 0.608398 0.828125 0.615234 0.826172 0.613281 0.823242
0 0.327148 0.644531 0.330078 0.650391 0.335938 0.651367 0.333984 0.645508
0 0.503906 0.752930 0.507812 0.757812 0.514648 0.757812 0.510742 0.752930
0 0.766602 0.333984 0.775391 0.334961 0.779297 0.331055 0.768555 0.330078
0 0.776367 0.463867 0.778320 0.467773 0.786133 0.468750 0.782227 0.463867
0 0.927734 0.318359 0.931641 0.321289 0.938477 0.321289 0.936523 0.316406
0 0.519531 0.455078 0.513672 0.459961 0.514648 0.465820 0.519531 0.460938
0 0.447266 0.058594 0.446289 0.067383 0.450195 0.068359 0.450195 0.059570
0 0.563477 0.506836 0.558594 0.506836 0.554688 0.510742 0.553711 0.515625 0.561523 0.512695
0 0.369141 0.950195 0.368164 0.956055 0.373047 0.961914 0.373047 0.952148
0 0.744141 0.939453 0.739258 0.942383 0.737305 0.948242 0.744141 0.944336
0 0.615234 0.851562 0.611328 0.854492 0.612305 0.863281 0.616211 0.858398
0 0.893555 0.916992 0.892578 0.921875 0.896484 0.927734 0.897461 0.919922
0 0.418945 0.864258 0.421875 0.870117 0.427734 0.872070 0.423828 0.865234
0 0.119141 0.280273 0.114258 0.279297 0.109375 0.284180 0.115234 0.284180
0 0.617188 0.955078 0.624023 0.956055 0.627930 0.952148 0.620117 0.951172
0 0.188477 0.454102 0.194336 0.458008 0.200195 0.457031 0.200195 0.453125 0.197266 0.452148
0 0.541016 0.166992 0.544922 0.172852 0.550781 0.173828 0.548828 0.167969