0 0.837891 0.601562 0.833984 0.601562 0.830078 0.609375 0.835938 0.607422
0 0.569336 0.475586 0.569336 0.482422 0.571289 0.485352 0.574219 0.485352 0.574219 0.479492
0 0.253906 0.859375 0.253906 0.867188 0.258789 0.871094 0.258789 0.864258
0 0.979492 0.928711 0.981445 0.933594 0.991211 0.934570 0.990234 0.930664
0 0.125000 0.271484 0.120117 0.272461 0.118164 0.279297 0.124023 0.275391
0 0.485352 0.491211 0.489258 0.498047 0.495117 0.499023 0.492188 0.492188
0 0.206055 0.737305 0.207031 0.742188 0.212891 0.745117 0.211914 0.739258
0 0.881836 0.801758 0.883789 0.807617 0.889648 0.808594 0.886719 0.802734
0 0.492188 0.825195 0.500977 0.825195 0.504883 0.821289 0.497070 0.820312
0 0.708984 0.226562 0.707031 0.235352 0.710938 0.240234 0.712891 0.239258 0.712891 0.230469
0 0.519531 0.575195 0.514648 0.578125 0.513672 0.584961 0.518555 0.583008
0 0.832031 0.542969 0.834961 0.548828 0.840820 0.549805 0.838867 0.544922
0 0.681641 0.759766 0.679688 0.766602 0.684570 0.770508 0.684570 0.762695
0 0.925781 0.793945 0.922852 0.794922 0.924805 0.804688 0.927734 0.799805
0 0.821289 0.525391 0.823242 0.533203 0.827148 0.535156 0.828125 0.529297
0 0.276367 0.295898 0.277344 0.301758 0.284180 0.305664 0.282227 0.297852
0 0.629883 0.745117 0.624023 0.747070 0.623047 0.754883 0.628906 0.750977
0 0.625977 0.813477 0.626953 0.820312 0.636719 0.825195 0.635742 0.819336
0 0.365234 0.856445 0.358398 0.860352 0.357422 0.866211 0.364258 0.863281
0 0.388672 0.271484 0.388672 0.274414 0.391602 0.275391 0.400391 0.273438 0.399414 0.270508
0 0.477539 0.617188 0.480469 0.622070 0.489258 0.623047 0.489258 0.620117 0.484375 0.616211
0 0.752930 0.017578 0.752930 0.026367 0.755859 0.029297 0.756836 0.018555
0 0.972656 0.003906 0.966797 0.005859 0.963867 0.012695 0.964844 0.018555 0.970703 0.013672
0 0.526367 0.168945 0.520508 0.169922 0.517578 0.177734 0.522461 0.175781
0 0.795898 0.155273 0.797852 0.162109 0.802734 0.164062 0.801758 0.158203
0 0.929688 0.449219 0.924805 0.452148 0.924805 0.458984 0.929688 0.456055
0 0.836914 0.943359 0.839844 0.948242 0.848633 0.949219 0.845703 0.944336
0 0.214844 0.468750 0.205078 0.469727 0.202148 0.475586 0.209961 0.475586
0 0.749023 0.403320 0.745117 0.405273 0.746094 0.415039 0.750000 0.409180
0 0.649414 0.685547 0.650391 0.687500 0.659180 0.686523 0.657227 0.683594
0 0.267578 0.832031 0.262695 0.836914 0.264648 0.845703 0.267578 0.844727 0.269531 0.839844
0 0.085938 0.934570 0.082031 0.934570 0.079102 0.937500 0.079102 0.946289 0.083984 0.943359
0 0.152344 0.571289 0.155273 0.572266 0.163086 0.569336 0.161133 0.567383 0.154297 0.567383
0 0.670898 0.692383 0.666016 0.694336 0.665039 0.701172 0.670898 0.697266
0 0.123047 0.140625 0.123047 0.143555 0.131836 0.144531 0.130859 0.140625
0 0.218750 0.398438 0.214844 0.401367 0.214844 0.409180 0.218750 0.408203
0 0.798828 0.760742 0.791016 0.760742 0.788086 0.764648 0.796875 0.764648
0 0.186523 0.814453 0.190430 0.819336 0.195312 0.818359 0.193359 0.814453
0 0.169922 0.200195 0.166992 0.201172 0.167969 0.208984 0.170898 0.206055
0 0.778320 0.033203 0.782227 0.040039 0.787109 0.040039 0.786133 0.035156
0 0.522461 0.041016 0.516602 0.040039 0.512695 0.046875 0.519531 0.045898
0 0.747070 0.870117 0.740234 0.871094 0.737305 0.875977 0.747070 0.874023
0 0.954102 0.514648 0.948242 0.517578 0.946289 0.524414 0.953125 0.520508
0 0.259766 0.885742 0.259766 0.888672 0.262695 0.890625 0.271484 0.888672 0.269531 0.885742
0 0.665039 0.440430 0.660156 0.439453 0.654297 0.445312 0.661133 0.445312
0 0.672852 0.450195 0.671875 0.458008 0.675781 0.461914 0.676758 0.452148
0 0.786133 0.209961 0.787109 0.215820 0.794922 0.220703 0.793945 0.213867
0 0.450195 0.547852 0.452148 0.552734 0.458984 0.552734 0.458008 0.548828
0 0.682617 0.827148 0.685547 0.830078 0.693359 0.829102 0.691406 0.825195
0 0.664062 0.104492 0.660156 0.105469 0.659180 0.114258 0.663086 0.112305
0 0.401367 0.825195 0.397461 0.829102 0.397461 0.835938 0.400391 0.835938 0.402344 0.832031
0 0.069336 0.394531 0.072266 0.398438 0.080078 0.398438 0.079102 0.394531
0 0.500000 0.571289 0.497070 0.571289 0.495117 0.574219 0.496094 0.583008 0.500000 0.578125
0 0.325195 0.733398 0.322266 0.737305 0.324219 0.745117 0.327148 0.739258
0 0.723633 0.080078 0.721680 0.082031 0.724609 0.088867 0.729492 0.090820 0.728516 0.083008
0 0.223633 0.660156 0.223633 0.664062 0.227539 0.665039 0.236328 0.663086 0.234375 0.659180 0.227539 0.658203
0 0.771484 0.272461 0.773438 0.281250 0.778320 0.283203 0.777344 0.275391
0 0.439453 0.411133 0.438477 0.419922 0.442383 0.421875 0.443359 0.414062
0 0.067383 0.732422 0.060547 0.734375 0.058594 0.741211 0.064453 0.739258
0 0.837891 0.689453 0.841797 0.698242 0.848633 0.698242 0.844727 0.691406
0 0.363281 0.544922 0.355469 0.546875 0.354492 0.550781 0.361328 0.549805
0 0.873047 0.935547 0.874023 0.939453 0.882812 0.941406 0.879883 0.936523
0 0.298828 0.603516 0.300781 0.606445 0.307617 0.606445 0.310547 0.604492 0.310547 0.601562 0.300781 0.601562
0 0.806641 0.259766 0.806641 0.264648 0.816406 0.270508 0.815430 0.264648 0.811523 0.260742
0 0.619141 0.149414 0.622070 0.152344 0.628906 0.151367 0.626953 0.148438
0 0.272461 0.750000 0.273438 0.757812 0.275391 0.760742 0.279297 0.760742 0.278320 0.751953
0 0.145508 0.713867 0.137695 0.715820 0.135742 0.721680 0.142578 0.720703 0.145508 0.717773
0 0.016602 0.053711 0.015625 0.063477 0.020508 0.068359 0.021484 0.059570 0.018555 0.053711