0 0.665039 0.187500 0.665039 0.193359 0.668945 0.196289 0.669922 0.190430 0.667969 0.187500
0 0.577148 0.625000 0.581055 0.629883 0.586914 0.630859 0.584961 0.625977
0 0.951172 0.801758 0.952148 0.807617 0.958008 0.810547 0.958984 0.806641 0.957031 0.803711
0 0.729492 0.597656 0.731445 0.604492 0.736328 0.606445 0.736328 0.601562
0 0.205078 0.489258 0.205078 0.492188 0.208984 0.494141 0.215820 0.493164 0.213867 0.489258
0 0.460938 0.715820 0.453125 0.716797 0.450195 0.722656 0.459961 0.719727
0 0.353516 0.349609 0.354492 0.353516 0.361328 0.355469 0.359375 0.350586
0 0.269531 0.091797 0.269531 0.095703 0.277344 0.100586 0.277344 0.095703
0 0.129883 0.306641 0.137695 0.306641 0.141602 0.302734 0.134766 0.301758
0 0.260742 0.323242 0.259766 0.330078 0.262695 0.333984 0.264648 0.326172
0 0.768555 0.364258 0.767578 0.368164 0.770508 0.375000 0.773438 0.371094 0.771484 0.365234
0 0.867188 0.670898 0.859375 0.671875 0.856445 0.677734 0.865234 0.675781
0 0.366211 0.794922 0.368164 0.799805 0.375000 0.799805 0.373047 0.795898
0 0.216797 0.388672 0.216797 0.391602 0.219727 0.393555 0.227539 0.393555 0.222656 0.388672
0 0.268555 0.566406 0.269531 0.569336 0.276367 0.570312 0.280273 0.568359 0.277344 0.564453
0 0.326172 0.272461 0.330078 0.278320 0.336914 0.279297 0.334961 0.273438
0 0.906250 0.956055 0.905273 0.963867 0.908203 0.965820 0.910156 0.958008
0 0.070312 0.774414 0.064453 0.775391 0.061523 0.782227 0.068359 0.779297
0 0.049805 0.322266 0.053711 0.326172 0.058594 0.325195 0.055664 0.321289
0 0.151367 0.502930 0.151367 0.506836 0.154297 0.509766 0.160156 0.510742 0.157227 0.503906
0 0.185547 0.163086 0.184570 0.168945 0.189453 0.174805 0.190430 0.167969
0 0.396484 0.352539 0.395508 0.363281 0.398438 0.366211 0.401367 0.357422 0.399414 0.352539
0 0.354492 0.866211 0.354492 0.874023 0.360352 0.879883 0.362305 0.877930 0.361328 0.871094 0.357422 0.866211
0 0.516602 0.222656 0.516602 0.225586 0.519531 0.227539 0.526367 0.227539 0.524414 0.223633
0 0.794922 0.127930 0.794922 0.130859 0.800781 0.133789 0.799805 0.129883
0 0.847656 0.507812 0.851562 0.510742 0.857422 0.508789 0.856445 0.505859
0 0.086914 0.979492 0.086914 0.982422 0.092773 0.986328 0.093750 0.983398
0 0.488281 0.568359 0.484375 0.569336 0.483398 0.578125 0.487305 0.577148
0 0.533203 0.497070 0.526367 0.497070 0.522461 0.502930 0.530273 0.501953
0 0.661133 0.277344 0.663086 0.285156 0.667969 0.288086 0.666992 0.280273
0 0.350586 0.255859 0.349609 0.264648 0.352539 0.266602 0.354492 0.257812
0 0.304688 0.167969 0.299805 0.169922 0.298828 0.178711 0.302734 0.177734
0 0.483398 0.258789 0.478516 0.262695 0.479492 0.269531 0.483398 0.266602
0 0.256836 0.151367 0.251953 0.153320 0.251953 0.160156 0.255859 0.156250
0 0.215820 0.109375 0.219727 0.112305 0.225586 0.111328 0.223633 0.108398
0 0.850586 0.398438 0.850586 0.405273 0.856445 0.409180 0.855469 0.401367
0 0.183594 0.254883 0.178711 0.254883 0.174805 0.258789 0.181641 0.259766
0 0.625000 0.711914 0.621094 0.712891 0.620117 0.719727 0.625000 0.716797
0 0.648438 0.247070 0.644531 0.249023 0.642578 0.257812 0.646484 0.256836
0 0.894531 0.878906 0.884766 0.880859 0.882812 0.886719 0.890625 0.885742
0 0.400391 0.504883 0.401367 0.512695 0.408203 0.514648 0.407227 0.509766
0 0.368164 0.328125 0.361328 0.330078 0.357422 0.336914 0.360352 0.338867 0.364258 0.336914 0.368164 0.332031
0 0.650391 0.928711 0.650391 0.935547 0.654297 0.939453 0.655273 0.933594
0 0.571289 0.542969 0.573242 0.550781 0.579102 0.552734 0.577148 0.544922
0 0.733398 0.976562 0.734375 0.980469 0.743164 0.981445 0.743164 0.978516 0.740234 0.976562
0 0.646484 0.561523 0.649414 0.567383 0.655273 0.568359 0.652344 0.562500
0 0.158203 0.050781 0.153320 0.053711 0.153320 0.062500 0.159180 0.056641
0 0.823242 0.377930 0.819336 0.379883 0.819336 0.387695 0.823242 0.384766
0 0.320312 0.373047 0.322266 0.380859 0.329102 0.383789 0.328125 0.376953
0 0.460938 0.195312 0.456055 0.197266 0.454102 0.204102 0.459961 0.201172
0 0.520508 0.886719 0.523438 0.893555 0.532227 0.895508 0.529297 0.888672
0 0.139648 0.055664 0.140625 0.061523 0.146484 0.064453 0.145508 0.058594
0 0.416016 0.610352 0.417969 0.616211 0.424805 0.619141 0.422852 0.612305
0 0.419922 0.865234 0.419922 0.872070 0.423828 0.875977 0.424805 0.870117
0 0.305664 0.858398 0.315430 0.861328 0.315430 0.858398 0.312500 0.856445
0 0.422852 0.797852 0.421875 0.805664 0.425781 0.808594 0.426758 0.802734
0 0.592773 0.518555 0.596680 0.523438 0.603516 0.523438 0.600586 0.518555
0 0.031250 0.574219 0.026367 0.574219 0.023438 0.582031 0.029297 0.580078
0 0.694336 0.298828 0.689453 0.301758 0.690430 0.310547 0.694336 0.305664
0 0.852539 0.096680 0.850586 0.106445 0.854492 0.110352 0.857422 0.102539 0.856445 0.098633
0 0.835938 0.542969 0.842773 0.542969 0.846680 0.541016 0.846680 0.538086 0.838867 0.538086 0.835938 0.540039