0 0.609375 0.763672 0.601562 0.764648 0.598633 0.771484 0.606445 0.769531
0 0.625000 0.341797 0.632812 0.341797 0.635742 0.338867 0.628906 0.337891
0 0.765625 0.345703 0.766602 0.349609 0.772461 0.350586 0.775391 0.348633 0.769531 0.344727
0 0.871094 0.209961 0.864258 0.209961 0.860352 0.213867 0.870117 0.213867
0 0.951172 0.543945 0.958984 0.543945 0.960938 0.540039 0.952148 0.540039
0 0.708984 0.365234 0.712891 0.373047 0.717773 0.373047 0.714844 0.366211
0 0.150391 0.722656 0.145508 0.721680 0.141602 0.726562 0.146484 0.726562
0 0.101562 0.894531 0.107422 0.894531 0.110352 0.890625 0.104492 0.890625
0 0.948242 0.592773 0.949219 0.599609 0.954102 0.602539 0.953125 0.594727
0 0.183594 0.583984 0.183594 0.589844 0.188477 0.592773 0.186523 0.583984
0 0.151367 0.049805 0.153320 0.053711 0.161133 0.053711 0.158203 0.049805
0 0.098633 0.403320 0.097656 0.411133 0.102539 0.417969 0.104492 0.411133 0.100586 0.403320
0 0.038086 0.208008 0.040039 0.211914 0.047852 0.211914 0.044922 0.208008
0 0.074219 0.021484 0.074219 0.026367 0.079102 0.030273 0.078125 0.023438
0 0.466797 0.578125 0.475586 0.578125 0.480469 0.574219 0.479492 0.572266 0.471680 0.572266
0 0.954102 0.916016 0.946289 0.917969 0.945312 0.922852 0.950195 0.921875
0 0.058594 0.351562 0.056641 0.359375 0.060547 0.365234 0.062500 0.355469
0 0.646484 0.150391 0.650391 0.156250 0.657227 0.157227 0.654297 0.152344
0 0.077148 0.085938 0.078125 0.088867 0.085938 0.086914 0.084961 0.083984
0 0.180664 0.754883 0.185547 0.759766 0.195312 0.757812 0.191406 0.754883
0 0.638672 0.027344 0.633789 0.032227 0.633789 0.038086 0.638672 0.036133
0 0.723633 0.578125 0.730469 0.578125 0.734375 0.576172 0.734375 0.573242 0.726562 0.573242 0.723633 0.575195
0 0.458008 0.986328 0.452148 0.987305 0.449219 0.993164 0.456055 0.991211
0 0.920898 0.254883 0.920898 0.263672 0.923828 0.268555 0.926758 0.268555 0.925781 0.255859
0 0.350586 0.572266 0.352539 0.577148 0.360352 0.579102 0.356445 0.572266
0 0.841797 0.226562 0.841797 0.233398 0.844727 0.235352 0.845703 0.227539
0 0.791016 0.491211 0.792969 0.494141 0.800781 0.494141 0.796875 0.490234
0 0.576172 0.292969 0.577148 0.299805 0.583008 0.302734 0.582031 0.296875
0 0.631836 0.496094 0.626953 0.500977 0.627930 0.506836 0.632812 0.502930
0 0.971680 0.532227 0.971680 0.538086 0.976562 0.541992 0.978516 0.541016 0.976562 0.535156
0 0.219727 0.598633 0.221680 0.602539 0.229492 0.601562 0.228516 0.598633
0 0.288086 0.157227 0.281250 0.157227 0.278320 0.162109 0.285156 0.161133
0 0.208984 0.946289 0.216797 0.947266 0.220703 0.944336 0.213867 0.942383
0 0.936523 0.018555 0.931641 0.016602 0.926758 0.018555 0.926758 0.020508 0.932617 0.021484
0 0.814453 0.558594 0.809570 0.560547 0.808594 0.566406 0.813477 0.562500
0 0.226562 0.541016 0.228516 0.548828 0.236328 0.551758 0.235352 0.545898
0 0.441406 0.114258 0.445312 0.118164 0.452148 0.118164 0.454102 0.116211 0.451172 0.112305
0 0.937500 0.264648 0.938477 0.271484 0.946289 0.275391 0.944336 0.267578
0 0.547852 0.729492 0.541016 0.730469 0.539062 0.734375 0.546875 0.732422
0 0.223633 0.387695 0.217773 0.386719 0.213867 0.392578 0.221680 0.391602
0 0.803711 0.049805 0.803711 0.055664 0.808594 0.060547 0.811523 0.060547 0.809570 0.052734
0 0.035156 0.280273 0.033203 0.284180 0.036133 0.291016 0.038086 0.285156
0 0.278320 0.896484 0.280273 0.902344 0.287109 0.904297 0.284180 0.896484
0 0.495117 0.866211 0.489258 0.870117 0.488281 0.875977 0.493164 0.875000
0 0.866211 0.925781 0.868164 0.928711 0.876953 0.927734 0.875000 0.923828
0 0.812500 0.253906 0.812500 0.258789 0.818359 0.263672 0.818359 0.256836
0 0.560547 0.951172 0.566406 0.951172 0.568359 0.947266 0.563477 0.947266
0 0.827148 0.654297 0.823242 0.655273 0.822266 0.663086 0.827148 0.658203
0 0.397461 0.382812 0.397461 0.387695 0.400391 0.391602 0.403320 0.391602 0.401367 0.383789
0 0.846680 0.966797 0.848633 0.968750 0.857422 0.968750 0.861328 0.964844 0.850586 0.962891
0 0.827148 0.242188 0.830078 0.245117 0.837891 0.243164 0.834961 0.240234
0 0.701172 0.241211 0.696289 0.240234 0.692383 0.242188 0.690430 0.247070 0.698242 0.246094
0 0.292969 0.090820 0.294922 0.095703 0.303711 0.096680 0.300781 0.091797
0 0.828125 0.097656 0.828125 0.099609 0.833008 0.100586 0.838867 0.098633 0.837891 0.095703
0 0.138672 0.641602 0.141602 0.643555 0.147461 0.642578 0.152344 0.637695 0.142578 0.636719
0 0.410156 0.347656 0.404297 0.348633 0.401367 0.354492 0.407227 0.353516
0 0.124023 0.755859 0.123047 0.762695 0.126953 0.766602 0.127930 0.758789
0 0.179688 0.418945 0.178711 0.424805 0.185547 0.428711 0.183594 0.420898
0 0.780273 0.575195 0.780273 0.577148 0.789062 0.578125 0.792969 0.576172 0.792969 0.573242 0.785156 0.572266
0 0.893555 0.241211 0.893555 0.250977 0.897461 0.252930 0.898438 0.248047
0 0.974609 0.469727 0.983398 0.468750 0.985352 0.465820 0.977539 0.464844 0.974609 0.466797
0 0.186523 0.379883 0.181641 0.380859 0.179688 0.388672 0.185547 0.385742
0 0.775391 0.474609 0.770508 0.475586 0.765625 0.483398 0.771484 0.482422
0 0.458008 0.098633 0.462891 0.103516 0.466797 0.102539 0.462891 0.098633
0 0.837891 0.690430 0.833984 0.693359 0.833008 0.701172 0.839844 0.697266
0 0.637695 0.214844 0.634766 0.214844 0.632812 0.217773 0.633789 0.225586 0.637695 0.221680
0 0.076172 0.500000 0.077148 0.505859 0.082031 0.508789 0.082031 0.502930
0 0.479492 0.976562 0.479492 0.984375 0.481445 0.987305 0.484375 0.987305 0.484375 0.978516
0 0.310547 0.165039 0.306641 0.167969 0.306641 0.175781 0.311523 0.172852