0 0.600586 0.472656 0.597656 0.474609 0.598633 0.483398 0.602539 0.477539
0 0.689453 0.675781 0.683594 0.679688 0.682617 0.684570 0.688477 0.683594
0 0.303711 0.801758 0.299805 0.803711 0.298828 0.808594 0.302734 0.807617
0 0.421875 0.200195 0.423828 0.204102 0.432617 0.206055 0.429688 0.200195
0 0.020508 0.740234 0.021484 0.743164 0.030273 0.743164 0.028320 0.739258
0 0.024414 0.141602 0.023438 0.145508 0.029297 0.149414 0.028320 0.143555
0 0.633789 0.780273 0.627930 0.786133 0.628906 0.792969 0.631836 0.792969 0.633789 0.790039
0 0.468750 0.226562 0.464844 0.229492 0.465820 0.236328 0.469727 0.231445
0 0.041992 0.487305 0.041016 0.495117 0.043945 0.498047 0.045898 0.489258
0 0.016602 0.383789 0.017578 0.388672 0.023438 0.392578 0.023438 0.387695
0 0.353516 0.313477 0.347656 0.318359 0.348633 0.324219 0.353516 0.319336
0 0.925781 0.460938 0.933594 0.461914 0.936523 0.458008 0.929688 0.457031
0 0.222656 0.040039 0.222656 0.045898 0.229492 0.049805 0.227539 0.042969
0 0.886719 0.649414 0.882812 0.652344 0.882812 0.661133 0.884766 0.661133 0.887695 0.655273
0 0.847656 0.201172 0.842773 0.203125 0.841797 0.209961 0.846680 0.208008
0 0.057617 0.302734 0.064453 0.303711 0.070312 0.298828 0.062500 0.297852
0 0.826172 0.407227 0.825195 0.411133 0.827148 0.416016 0.829102 0.416016 0.830078 0.410156
0 0.087891 0.140625 0.086914 0.144531 0.094727 0.149414 0.091797 0.142578
0 0.907227 0.494141 0.903320 0.494141 0.903320 0.503906 0.907227 0.501953
0 0.767578 0.183594 0.759766 0.184570 0.756836 0.186523 0.756836 0.190430 0.765625 0.188477
0 0.419922 0.088867 0.423828 0.091797 0.430664 0.090820 0.428711 0.087891
0 0.947266 0.419922 0.940430 0.420898 0.936523 0.426758 0.946289 0.424805
0 0.173828 0.336914 0.168945 0.339844 0.168945 0.348633 0.173828 0.343750
0 0.314453 0.979492 0.317383 0.982422 0.325195 0.982422 0.325195 0.979492 0.321289 0.977539
0 0.417969 0.412109 0.419922 0.420898 0.425781 0.423828 0.424805 0.416016
0 0.239258 0.656250 0.241211 0.660156 0.250977 0.659180 0.245117 0.655273
0 0.414062 0.862305 0.410156 0.863281 0.409180 0.870117 0.413086 0.868164
0 0.364258 0.554688 0.366211 0.558594 0.374023 0.557617 0.372070 0.554688
0 0.766602 0.680664 0.766602 0.684570 0.769531 0.687500 0.777344 0.689453 0.773438 0.682617
0 0.033203 0.536133 0.033203 0.540039 0.040039 0.542969 0.038086 0.537109
0 0.544922 0.890625 0.540039 0.895508 0.539062 0.905273 0.545898 0.899414 0.546875 0.892578
0 0.957031 0.439453 0.958008 0.446289 0.961914 0.448242 0.961914 0.441406
0 0.550781 0.111328 0.557617 0.113281 0.565430 0.109375 0.555664 0.107422 0.550781 0.109375
0 0.712891 0.747070 0.714844 0.755859 0.719727 0.758789 0.719727 0.750977
0 0.550781 0.833984 0.540039 0.836914 0.539062 0.840820 0.547852 0.839844
0 0.970703 0.279297 0.970703 0.282227 0.975586 0.285156 0.981445 0.284180 0.976562 0.279297
0 0.644531 0.843750 0.638672 0.846680 0.638672 0.853516 0.643555 0.849609
0 0.083008 0.584961 0.079102 0.586914 0.081055 0.596680 0.083984 0.592773
0 0.276367 0.735352 0.281250 0.739258 0.285156 0.739258 0.282227 0.734375
0 0.463867 0.900391 0.463867 0.903320 0.468750 0.905273 0.477539 0.902344 0.473633 0.899414
0 0.023438 0.196289 0.023438 0.201172 0.031250 0.206055 0.030273 0.200195
0 0.277344 0.638672 0.281250 0.643555 0.288086 0.642578 0.283203 0.637695
0 0.833984 0.033203 0.829102 0.036133 0.829102 0.046875 0.834961 0.041016
0 0.055664 0.406250 0.060547 0.414062 0.066406 0.415039 0.063477 0.408203
0 0.254883 0.220703 0.251953 0.225586 0.253906 0.231445 0.256836 0.229492 0.256836 0.222656
0 0.575195 0.162109 0.569336 0.164062 0.568359 0.170898 0.574219 0.167969
0 0.437500 0.600586 0.435547 0.605469 0.438477 0.610352 0.440430 0.602539
0 0.061523 0.849609 0.061523 0.854492 0.065430 0.858398 0.065430 0.850586
0 0.747070 0.688477 0.747070 0.694336 0.750977 0.697266 0.751953 0.692383
0 0.467773 0.276367 0.459961 0.278320 0.458008 0.283203 0.463867 0.283203
0 0.932617 0.728516 0.940430 0.730469 0.946289 0.727539 0.946289 0.725586 0.937500 0.723633
0 0.666016 0.493164 0.657227 0.493164 0.653320 0.496094 0.653320 0.499023 0.662109 0.499023 0.666016 0.496094
0 0.665039 0.182617 0.661133 0.184570 0.659180 0.191406 0.665039 0.188477
0 0.592773 0.919922 0.587891 0.922852 0.586914 0.928711 0.588867 0.931641 0.592773 0.926758
0 0.353516 0.103516 0.351562 0.105469 0.352539 0.110352 0.357422 0.114258 0.356445 0.106445
0 0.216797 0.498047 0.219727 0.502930 0.228516 0.503906 0.227539 0.500000
0 0.766602 0.094727 0.765625 0.101562 0.769531 0.104492 0.770508 0.099609 0.768555 0.094727
0 0.844727 0.322266 0.849609 0.323242 0.854492 0.318359 0.848633 0.318359
0 0.630859 0.558594 0.626953 0.560547 0.626953 0.569336 0.631836 0.564453
0 0.252930 0.971680 0.247070 0.972656 0.243164 0.979492 0.250977 0.977539