0 0.774414 0.974609 0.774414 0.983398 0.778320 0.987305 0.779297 0.979492
0 0.941406 0.365234 0.944336 0.369141 0.951172 0.369141 0.951172 0.366211 0.947266 0.364258
0 0.662109 0.810547 0.664062 0.816406 0.668945 0.818359 0.667969 0.812500
0 0.608398 0.537109 0.615234 0.537109 0.618164 0.534180 0.617188 0.532227 0.612305 0.532227
0 0.389648 0.900391 0.392578 0.903320 0.399414 0.903320 0.397461 0.899414
0 0.753906 0.555664 0.749023 0.556641 0.747070 0.564453 0.752930 0.561523
0 0.583984 0.907227 0.583984 0.910156 0.587891 0.913086 0.595703 0.912109 0.590820 0.907227
0 0.538086 0.606445 0.531250 0.608398 0.528320 0.614258 0.536133 0.612305
0 0.184570 0.902344 0.180664 0.904297 0.179688 0.911133 0.183594 0.909180
0 0.139648 0.820312 0.132812 0.820312 0.129883 0.826172 0.135742 0.825195
0 0.403320 0.636719 0.398438 0.638672 0.398438 0.645508 0.402344 0.642578
0 0.032227 0.080078 0.035156 0.083008 0.042969 0.082031 0.041016 0.078125
0 0.716797 0.611328 0.714844 0.619141 0.718750 0.621094 0.719727 0.612305
0 0.213867 0.052734 0.204102 0.054688 0.203125 0.060547 0.210938 0.058594
0 0.385742 0.424805 0.384766 0.434570 0.387695 0.434570 0.389648 0.425781
0 0.556641 0.386719 0.558594 0.393555 0.564453 0.395508 0.564453 0.390625 0.560547 0.386719
0 0.493164 0.284180 0.493164 0.290039 0.500000 0.293945 0.498047 0.286133
0 0.557617 0.263672 0.558594 0.269531 0.564453 0.272461 0.564453 0.267578
0 0.886719 0.382812 0.880859 0.383789 0.876953 0.390625 0.883789 0.388672
0 0.713867 0.885742 0.708008 0.887695 0.705078 0.893555 0.710938 0.892578
0 0.906250 0.916992 0.903320 0.915039 0.898438 0.916016 0.895508 0.920898 0.902344 0.920898
0 0.074219 0.081055 0.067383 0.085938 0.067383 0.091797 0.073242 0.088867
0 0.213867 0.065430 0.208984 0.068359 0.208008 0.075195 0.211914 0.074219
0 0.906250 0.259766 0.901367 0.264648 0.902344 0.268555 0.906250 0.265625
0 0.646484 0.317383 0.641602 0.323242 0.641602 0.329102 0.647461 0.325195
0 0.033203 0.948242 0.024414 0.948242 0.022461 0.952148 0.028320 0.953125
0 0.160156 0.589844 0.164062 0.594727 0.171875 0.594727 0.169922 0.589844
0 0.155273 0.107422 0.156250 0.116211 0.162109 0.119141 0.161133 0.111328
0 0.536133 0.164062 0.536133 0.167969 0.542969 0.171875 0.541992 0.166016
0 0.874023 0.012695 0.870117 0.014648 0.868164 0.023438 0.874023 0.020508
0 0.734375 0.809570 0.725586 0.812500 0.723633 0.817383 0.732422 0.815430