0 0.074219 0.927734 0.075195 0.934570 0.080078 0.936523 0.079102 0.930664
0 0.023438 0.561523 0.018555 0.562500 0.016602 0.571289 0.022461 0.568359
0 0.851562 0.027344 0.845703 0.028320 0.843750 0.032227 0.849609 0.032227
0 0.345703 0.861328 0.346680 0.867188 0.357422 0.870117 0.355469 0.864258
0 0.947266 0.265625 0.947266 0.272461 0.951172 0.276367 0.953125 0.273438 0.952148 0.268555
0 0.572266 0.041992 0.564453 0.045898 0.563477 0.052734 0.571289 0.047852
0 0.200195 0.698242 0.192383 0.700195 0.191406 0.704102 0.199219 0.702148
0 0.165039 0.745117 0.164062 0.753906 0.166992 0.754883 0.168945 0.747070
0 0.128906 0.640625 0.122070 0.644531 0.122070 0.649414 0.126953 0.647461
0 0.243164 0.708008 0.240234 0.708008 0.238281 0.710938 0.238281 0.717773 0.242188 0.715820
0 0.437500 0.990234 0.440430 0.993164 0.447266 0.993164 0.445312 0.989258
0 0.680664 0.842773 0.676758 0.846680 0.677734 0.853516 0.682617 0.848633
0 0.701172 0.578125 0.696289 0.580078 0.696289 0.588867 0.701172 0.584961
0 0.830078 0.134766 0.833008 0.139648 0.839844 0.141602 0.837891 0.135742
0 0.138672 0.162109 0.131836 0.162109 0.128906 0.167969 0.136719 0.166016
0 0.727539 0.414062 0.722656 0.414062 0.718750 0.419922 0.725586 0.418945
0 0.804688 0.893555 0.805664 0.901367 0.810547 0.903320 0.808594 0.895508
0 0.765625 0.667969 0.760742 0.667969 0.757812 0.675781 0.763672 0.673828
0 0.908203 0.616211 0.908203 0.622070 0.911133 0.625000 0.912109 0.619141
0 0.344727 0.570312 0.346680 0.574219 0.355469 0.576172 0.353516 0.571289
0 0.514648 0.875000 0.508789 0.877930 0.506836 0.886719 0.513672 0.882812
0 0.953125 0.111328 0.950195 0.113281 0.951172 0.122070 0.954102 0.118164
0 0.613281 0.602539 0.611328 0.600586 0.607422 0.601562 0.602539 0.608398 0.610352 0.607422
0 0.209961 0.625977 0.203125 0.625977 0.199219 0.630859 0.204102 0.631836
0 0.026367 0.367188 0.024414 0.374023 0.028320 0.379883 0.030273 0.371094
0 0.226562 0.974609 0.228516 0.977539 0.234375 0.977539 0.231445 0.973633
0 0.720703 0.295898 0.717773 0.297852 0.717773 0.305664 0.721680 0.302734
0 0.719727 0.538086 0.722656 0.541992 0.730469 0.541992 0.725586 0.537109
0 0.227539 0.297852 0.222656 0.296875 0.217773 0.299805 0.223633 0.301758
0 0.432617 0.220703 0.435547 0.224609 0.444336 0.224609 0.444336 0.221680 0.441406 0.219727
0 0.462891 0.399414 0.458008 0.402344 0.457031 0.407227 0.458984 0.410156
0 0.139648 0.466797 0.134766 0.466797 0.130859 0.472656 0.136719 0.471680
0 0.691406 0.251953 0.695312 0.256836 0.702148 0.256836 0.698242 0.251953
0 0.740234 0.526367 0.735352 0.529297 0.733398 0.537109 0.736328 0.537109 0.741211 0.531250
0 0.390625 0.236328 0.385742 0.235352 0.381836 0.237305 0.379883 0.242188 0.387695 0.241211
0 0.462891 0.345703 0.465820 0.351562 0.472656 0.352539 0.469727 0.346680
0 0.631836 0.806641 0.631836 0.815430 0.634766 0.819336 0.637695 0.819336 0.637695 0.810547
0 0.352539 0.509766 0.355469 0.513672 0.364258 0.510742 0.358398 0.507812
0 0.668945 0.116211 0.671875 0.122070 0.677734 0.122070 0.674805 0.117188
0 0.790039 0.500977 0.783203 0.502930 0.779297 0.508789 0.781250 0.510742 0.787109 0.507812
0 0.150391 0.961914 0.142578 0.962891 0.139648 0.970703 0.146484 0.968750
0 0.170898 0.493164 0.163086 0.496094 0.161133 0.503906 0.169922 0.499023
0 0.384766 0.614258 0.383789 0.619141 0.386719 0.625000 0.388672 0.615234
0 0.438477 0.277344 0.442383 0.283203 0.449219 0.284180 0.446289 0.278320
0 0.500000 0.920898 0.496094 0.921875 0.495117 0.930664 0.499023 0.928711
0 0.136719 0.320312 0.137695 0.328125 0.143555 0.331055 0.142578 0.323242
0 0.619141 0.746094 0.613281 0.748047 0.611328 0.751953 0.618164 0.750977
0 0.835938 0.627930 0.834961 0.634766 0.838867 0.638672 0.839844 0.629883
0 0.161133 0.218750 0.160156 0.225586 0.163086 0.228516 0.165039 0.222656
0 0.950195 0.240234 0.954102 0.246094 0.958008 0.246094 0.956055 0.241211
0 0.707031 0.908203 0.707031 0.911133 0.709961 0.913086 0.717773 0.913086 0.711914 0.907227
0 0.794922 0.791016 0.787109 0.791016 0.785156 0.793945 0.793945 0.794922
0 0.506836 0.942383 0.501953 0.946289 0.501953 0.953125 0.504883 0.953125 0.506836 0.950195
0 0.958008 0.070312 0.960938 0.074219 0.969727 0.074219 0.968750 0.070312
0 0.256836 0.123047 0.255859 0.129883 0.259766 0.134766 0.260742 0.125977
0 0.823242 0.779297 0.824219 0.787109 0.831055 0.791016 0.829102 0.781250
0 0.070312 0.042969 0.065430 0.046875 0.064453 0.052734 0.069336 0.050781
0 0.499023 0.028320 0.499023 0.034180 0.503906 0.037109 0.503906 0.031250
0 0.916992 0.732422 0.925781 0.730469 0.925781 0.727539 0.917969 0.728516
0 0.391602 0.438477 0.391602 0.442383 0.395508 0.446289 0.400391 0.447266 0.396484 0.439453
0 0.600586 0.724609 0.607422 0.724609 0.609375 0.720703 0.603516 0.720703
0 0.160156 0.164062 0.159180 0.171875 0.161133 0.174805 0.164062 0.174805 0.165039 0.168945