0 0.041016 0.690430 0.033203 0.690430 0.031250 0.694336 0.039062 0.693359
0 0.939453 0.278320 0.938477 0.286133 0.941406 0.289062 0.943359 0.280273
0 0.912109 0.246094 0.916992 0.250977 0.921875 0.250000 0.916992 0.245117
0 0.416016 0.384766 0.416992 0.390625 0.424805 0.394531 0.421875 0.386719
0 0.035156 0.135742 0.036133 0.141602 0.042969 0.145508 0.041016 0.137695
0 0.609375 0.726562 0.613281 0.730469 0.620117 0.728516 0.619141 0.725586
0 0.941406 0.886719 0.936523 0.884766 0.929688 0.888672 0.934570 0.890625 0.939453 0.889648
0 0.541992 0.709961 0.536133 0.709961 0.531250 0.714844 0.540039 0.715820
0 0.197266 0.217773 0.197266 0.224609 0.200195 0.226562 0.201172 0.219727
0 0.615234 0.042969 0.614258 0.050781 0.617188 0.052734 0.619141 0.044922
0 0.394531 0.811523 0.390625 0.812500 0.389648 0.821289 0.393555 0.819336
0 0.216797 0.587891 0.219727 0.591797 0.225586 0.592773 0.225586 0.588867 0.221680 0.586914
0 0.853516 0.966797 0.854492 0.970703 0.860352 0.971680 0.857422 0.966797
0 0.195312 0.608398 0.193359 0.616211 0.194336 0.619141 0.197266 0.619141 0.200195 0.611328 0.198242 0.608398
0 0.332031 0.550781 0.328125 0.554688 0.328125 0.562500 0.331055 0.562500 0.333008 0.559570
0 0.803711 0.817383 0.806641 0.821289 0.814453 0.821289 0.816406 0.819336 0.808594 0.815430
0 0.426758 0.614258 0.424805 0.623047 0.426758 0.627930 0.428711 0.627930 0.430664 0.617188 0.429688 0.614258
0 0.748047 0.395508 0.749023 0.403320 0.753906 0.405273 0.753906 0.400391
0 0.120117 0.826172 0.115234 0.830078 0.116211 0.833984 0.120117 0.832031
0 0.227539 0.466797 0.237305 0.464844 0.238281 0.460938 0.231445 0.460938
0 0.201172 0.180664 0.200195 0.184570 0.202148 0.187500 0.208984 0.190430 0.207031 0.182617
0 0.849609 0.386719 0.849609 0.393555 0.853516 0.396484 0.854492 0.391602
0 0.679688 0.965820 0.673828 0.968750 0.672852 0.973633 0.677734 0.972656 0.680664 0.967773
0 0.782227 0.733398 0.778320 0.732422 0.773438 0.738281 0.778320 0.739258
0 0.943359 0.793945 0.939453 0.792969 0.932617 0.796875 0.941406 0.797852
0 0.848633 0.847656 0.844727 0.850586 0.845703 0.859375 0.849609 0.854492
0 0.943359 0.897461 0.940430 0.906250 0.944336 0.910156 0.946289 0.901367
0 0.567383 0.251953 0.567383 0.256836 0.572266 0.261719 0.572266 0.253906
0 0.199219 0.702148 0.200195 0.707031 0.205078 0.710938 0.205078 0.705078
0 0.107422 0.327148 0.102539 0.329102 0.100586 0.337891 0.107422 0.333984
0 0.888672 0.058594 0.890625 0.061523 0.899414 0.060547 0.895508 0.056641
0 0.717773 0.850586 0.711914 0.850586 0.708984 0.855469 0.715820 0.854492
0 0.549805 0.086914 0.547852 0.092773 0.551758 0.098633 0.553711 0.090820
0 0.630859 0.985352 0.632812 0.989258 0.640625 0.989258 0.637695 0.985352
0 0.674805 0.130859 0.669922 0.134766 0.668945 0.140625 0.674805 0.137695
0 0.454102 0.545898 0.456055 0.554688 0.459961 0.555664 0.458984 0.547852
0 0.492188 0.262695 0.492188 0.267578 0.500000 0.271484 0.500000 0.266602
0 0.672852 0.385742 0.672852 0.392578 0.676758 0.395508 0.676758 0.389648
0 0.083008 0.080078 0.072266 0.080078 0.070312 0.084961 0.078125 0.084961
0 0.263672 0.875977 0.258789 0.878906 0.258789 0.888672 0.263672 0.884766
0 0.009766 0.129883 0.009766 0.137695 0.014648 0.141602 0.015625 0.134766 0.012695 0.129883
0 0.918945 0.623047 0.912109 0.625000 0.908203 0.631836 0.915039 0.630859
0 0.513672 0.051758 0.504883 0.051758 0.501953 0.056641 0.510742 0.055664
0 0.626953 0.624023 0.628906 0.626953 0.637695 0.625000 0.634766 0.622070
0 0.063477 0.386719 0.057617 0.385742 0.051758 0.391602 0.060547 0.391602
0 0.816406 0.309570 0.824219 0.310547 0.827148 0.306641 0.821289 0.305664
0 0.500000 0.159180 0.503906 0.164062 0.508789 0.165039 0.511719 0.163086 0.505859 0.158203
0 0.371094 0.446289 0.365234 0.447266 0.363281 0.452148 0.369141 0.451172
0 0.474609 0.205078 0.477539 0.208984 0.485352 0.207031 0.482422 0.204102
0 0.167969 0.370117 0.163086 0.373047 0.162109 0.379883 0.166992 0.376953
0 0.593750 0.515625 0.593750 0.522461 0.597656 0.525391 0.597656 0.517578
0 0.348633 0.583984 0.350586 0.593750 0.355469 0.595703 0.355469 0.588867
0 0.250000 0.087891 0.244141 0.090820 0.243164 0.097656 0.250000 0.094727
0 0.125977 0.191406 0.119141 0.190430 0.114258 0.193359 0.114258 0.196289 0.124023 0.195312
0 0.352539 0.372070 0.360352 0.372070 0.362305 0.369141 0.355469 0.368164
0 0.186523 0.691406 0.186523 0.695312 0.191406 0.698242 0.190430 0.691406
0 0.465820 0.734375 0.460938 0.739258 0.461914 0.745117 0.465820 0.740234