0 0.038086 0.444336 0.033203 0.448242 0.034180 0.456055 0.038086 0.452148
0 0.674805 0.528320 0.674805 0.536133 0.678711 0.538086 0.678711 0.532227
0 0.530273 0.181641 0.524414 0.182617 0.522461 0.190430 0.529297 0.186523
0 0.616211 0.884766 0.611328 0.884766 0.607422 0.889648 0.614258 0.889648
0 0.154297 0.807617 0.156250 0.816406 0.161133 0.817383 0.159180 0.809570
0 0.345703 0.073242 0.346680 0.079102 0.352539 0.082031 0.350586 0.074219
0 0.450195 0.584961 0.445312 0.587891 0.443359 0.594727 0.450195 0.591797
0 0.023438 0.177734 0.020508 0.177734 0.016602 0.182617 0.016602 0.189453 0.022461 0.185547
0 0.863281 0.700195 0.857422 0.703125 0.856445 0.711914 0.862305 0.707031
0 0.519531 0.214844 0.526367 0.214844 0.530273 0.212891 0.530273 0.209961 0.523438 0.209961
0 0.167969 0.968750 0.166992 0.975586 0.170898 0.978516 0.171875 0.973633
0 0.422852 0.097656 0.421875 0.104492 0.422852 0.107422 0.425781 0.107422 0.425781 0.098633
0 0.775391 0.744141 0.771484 0.747070 0.771484 0.753906 0.776367 0.749023
0 0.661133 0.052734 0.663086 0.060547 0.668945 0.063477 0.667969 0.056641
0 0.552734 0.444336 0.552734 0.450195 0.555664 0.454102 0.558594 0.454102 0.557617 0.445312
0 0.829102 0.615234 0.831055 0.620117 0.837891 0.622070 0.836914 0.617188
0 0.251953 0.139648 0.244141 0.140625 0.241211 0.146484 0.246094 0.146484
0 0.205078 0.168945 0.201172 0.169922 0.197266 0.174805 0.204102 0.174805
0 0.259766 0.940430 0.262695 0.944336 0.273438 0.943359 0.272461 0.940430 0.266602 0.938477
0 0.693359 0.400391 0.691406 0.407227 0.695312 0.413086 0.697266 0.404297
0 0.069336 0.302734 0.071289 0.305664 0.077148 0.305664 0.074219 0.301758
0 0.992188 0.635742 0.988281 0.636719 0.987305 0.644531 0.992188 0.639648
0 0.470703 0.740234 0.460938 0.740234 0.460938 0.743164 0.466797 0.743164
0 0.538086 0.680664 0.541992 0.684570 0.547852 0.684570 0.545898 0.680664
0 0.886719 0.806641 0.884766 0.805664 0.880859 0.808594 0.878906 0.818359 0.881836 0.818359 0.885742 0.813477
0 0.542969 0.150391 0.535156 0.149414 0.533203 0.153320 0.539062 0.154297
0 0.446289 0.430664 0.442383 0.431641 0.439453 0.436523 0.443359 0.436523
0 0.689453 0.554688 0.685547 0.557617 0.686523 0.565430 0.689453 0.563477
0 0.035156 0.416016 0.031250 0.417969 0.031250 0.425781 0.036133 0.420898
0 0.768555 0.805664 0.766602 0.809570 0.770508 0.816406 0.771484 0.810547
0 0.821289 0.325195 0.819336 0.331055 0.820312 0.334961 0.823242 0.335938 0.825195 0.328125
0 0.161133 0.701172 0.165039 0.707031 0.170898 0.708008 0.169922 0.703125
0 0.404297 0.968750 0.399414 0.970703 0.397461 0.977539 0.403320 0.974609
0 0.321289 0.703125 0.324219 0.707031 0.331055 0.707031 0.331055 0.704102 0.328125 0.702148
0 0.223633 0.359375 0.224609 0.365234 0.232422 0.369141 0.231445 0.364258
0 0.634766 0.171875 0.635742 0.174805 0.642578 0.175781 0.640625 0.171875
0 0.924805 0.218750 0.915039 0.218750 0.911133 0.223633 0.921875 0.223633
0 0.561523 0.977539 0.564453 0.981445 0.573242 0.981445 0.571289 0.977539
0 0.546875 0.856445 0.541992 0.856445 0.538086 0.862305 0.543945 0.861328
0 0.308594 0.420898 0.308594 0.427734 0.311523 0.431641 0.314453 0.431641 0.314453 0.424805
0 0.584961 0.421875 0.578125 0.422852 0.576172 0.428711 0.583008 0.426758
0 0.062500 0.450195 0.059570 0.452148 0.060547 0.460938 0.064453 0.457031
0 0.657227 0.280273 0.661133 0.284180 0.669922 0.284180 0.669922 0.281250 0.666992 0.279297
0 0.427734 0.169922 0.419922 0.172852 0.418945 0.178711 0.424805 0.177734
0 0.188477 0.151367 0.182617 0.152344 0.179688 0.158203 0.187500 0.156250
0 0.336914 0.794922 0.336914 0.802734 0.339844 0.804688 0.340820 0.795898
0 0.916992 0.366211 0.917969 0.372070 0.923828 0.375977 0.922852 0.369141
0 0.101562 0.478516 0.098633 0.480469 0.098633 0.488281 0.102539 0.485352
0 0.237305 0.699219 0.240234 0.702148 0.249023 0.700195 0.247070 0.697266
0 0.020508 0.702148 0.022461 0.705078 0.029297 0.706055 0.027344 0.701172
0 0.105469 0.643555 0.102539 0.643555 0.097656 0.648438 0.098633 0.652344 0.104492 0.648438