0 0.980469 0.004883 0.977539 0.006836 0.978516 0.014648 0.981445 0.012695
0 0.041016 0.117188 0.036133 0.116211 0.030273 0.122070 0.038086 0.122070
0 0.914062 0.434570 0.907227 0.436523 0.902344 0.445312 0.910156 0.443359 0.914062 0.438477
0 0.598633 0.441406 0.591797 0.445312 0.591797 0.451172 0.598633 0.447266
0 0.775391 0.477539 0.777344 0.481445 0.786133 0.481445 0.782227 0.476562
0 0.529297 0.551758 0.528320 0.558594 0.531250 0.562500 0.533203 0.554688 0.532227 0.551758
0 0.102539 0.032227 0.104492 0.034180 0.111328 0.034180 0.115234 0.030273 0.104492 0.029297
0 0.291016 0.702148 0.286133 0.705078 0.284180 0.713867 0.288086 0.713867 0.291016 0.710938
0 0.110352 0.799805 0.114258 0.805664 0.121094 0.806641 0.116211 0.799805
0 0.190430 0.135742 0.188477 0.142578 0.192383 0.146484 0.193359 0.140625
0 0.190430 0.803711 0.190430 0.810547 0.194336 0.814453 0.195312 0.807617 0.193359 0.803711
0 0.840820 0.611328 0.835938 0.610352 0.828125 0.615234 0.833984 0.618164
0 0.282227 0.674805 0.284180 0.677734 0.291992 0.676758 0.290039 0.673828
0 0.185547 0.153320 0.179688 0.153320 0.176758 0.158203 0.182617 0.157227
0 0.032227 0.828125 0.031250 0.832031 0.035156 0.838867 0.037109 0.834961 0.036133 0.830078
0 0.863281 0.461914 0.866211 0.467773 0.871094 0.468750 0.870117 0.462891
0 0.739258 0.436523 0.741211 0.444336 0.745117 0.445312 0.744141 0.438477
0 0.558594 0.495117 0.561523 0.500000 0.569336 0.500000 0.567383 0.496094
0 0.968750 0.881836 0.964844 0.885742 0.966797 0.892578 0.969727 0.888672
0 0.441406 0.891602 0.441406 0.896484 0.450195 0.900391 0.447266 0.893555
0 0.803711 0.781250 0.798828 0.781250 0.794922 0.785156 0.793945 0.790039 0.800781 0.788086
0 0.075195 0.777344 0.075195 0.780273 0.078125 0.782227 0.085938 0.782227 0.080078 0.776367
0 0.699219 0.237305 0.699219 0.244141 0.704102 0.249023 0.704102 0.240234 0.702148 0.237305
0 0.977539 0.672852 0.974609 0.671875 0.969727 0.674805 0.967773 0.680664 0.972656 0.680664
0 0.859375 0.555664 0.863281 0.561523 0.869141 0.561523 0.867188 0.556641
0 0.748047 0.246094 0.750000 0.250977 0.759766 0.251953 0.755859 0.247070
0 0.358398 0.545898 0.359375 0.549805 0.368164 0.551758 0.365234 0.546875
0 0.726562 0.499023 0.721680 0.500977 0.718750 0.505859 0.719727 0.507812 0.727539 0.502930
0 0.513672 0.938477 0.517578 0.944336 0.524414 0.945312 0.523438 0.940430
0 0.053711 0.956055 0.055664 0.962891 0.060547 0.963867 0.060547 0.959961
0 0.826172 0.684570 0.827148 0.690430 0.833008 0.694336 0.833008 0.688477
0 0.905273 0.573242 0.907227 0.581055 0.913086 0.583008 0.912109 0.576172
0 0.537109 0.842773 0.537109 0.851562 0.541992 0.855469 0.541992 0.845703
0 0.956055 0.776367 0.949219 0.778320 0.949219 0.781250 0.956055 0.780273
0 0.250977 0.648438 0.245117 0.651367 0.244141 0.659180 0.250000 0.655273
0 0.048828 0.259766 0.043945 0.263672 0.042969 0.269531 0.048828 0.266602
0 0.086914 0.563477 0.086914 0.570312 0.090820 0.571289 0.090820 0.566406
0 0.445312 0.752930 0.448242 0.755859 0.454102 0.754883 0.452148 0.751953
0 0.850586 0.389648 0.851562 0.395508 0.857422 0.398438 0.857422 0.393555
0 0.500000 0.910156 0.494141 0.916016 0.496094 0.923828 0.500000 0.918945
0 0.680664 0.294922 0.681641 0.303711 0.686523 0.305664 0.685547 0.296875
0 0.175781 0.380859 0.166992 0.381836 0.165039 0.386719 0.171875 0.385742
0 0.932617 0.602539 0.930664 0.604492 0.931641 0.607422 0.937500 0.612305 0.936523 0.604492
0 0.406250 0.348633 0.401367 0.348633 0.397461 0.354492 0.404297 0.353516
0 0.987305 0.611328 0.990234 0.616211 0.994141 0.617188 0.993164 0.612305
0 0.948242 0.314453 0.950195 0.322266 0.957031 0.324219 0.955078 0.317383
0 0.177734 0.041016 0.173828 0.043945 0.174805 0.051758 0.178711 0.047852
0 0.861328 0.779297 0.859375 0.785156 0.864258 0.791016 0.865234 0.785156
0 0.445312 0.352539 0.446289 0.356445 0.457031 0.355469 0.453125 0.351562
0 0.906250 0.290039 0.899414 0.292969 0.897461 0.299805 0.905273 0.295898
0 0.886719 0.268555 0.886719 0.272461 0.892578 0.276367 0.891602 0.270508
0 0.798828 0.327148 0.791992 0.327148 0.786133 0.333008 0.792969 0.333984 0.798828 0.330078
0 0.660156 0.902344 0.653320 0.902344 0.650391 0.908203 0.658203 0.906250
0 0.309570 0.703125 0.309570 0.710938 0.313477 0.712891 0.313477 0.706055
0 0.372070 0.082031 0.366211 0.083984 0.365234 0.089844 0.372070 0.084961
0 0.225586 0.639648 0.221680 0.639648 0.217773 0.646484 0.224609 0.644531
0 0.285156 0.500977 0.279297 0.504883 0.279297 0.508789 0.284180 0.506836
0 0.984375 0.896484 0.983398 0.905273 0.986328 0.906250 0.988281 0.898438