0 0.513672 0.486328 0.509766 0.489258 0.509766 0.497070 0.514648 0.493164 0.515625 0.489258
0 0.197266 0.365234 0.190430 0.368164 0.188477 0.374023 0.194336 0.373047
0 0.677734 0.439453 0.673828 0.437500 0.666992 0.442383 0.675781 0.443359
0 0.699219 0.400391 0.703125 0.404297 0.709961 0.402344 0.706055 0.399414
0 0.025391 0.585938 0.025391 0.595703 0.029297 0.596680 0.029297 0.587891
0 0.135742 0.670898 0.138672 0.674805 0.146484 0.674805 0.146484 0.671875 0.143555 0.669922
0 0.968750 0.730469 0.974609 0.731445 0.979492 0.727539 0.971680 0.726562
0 0.610352 0.197266 0.604492 0.196289 0.599609 0.201172 0.607422 0.202148
0 0.046875 0.008789 0.041016 0.005859 0.032227 0.008789 0.037109 0.011719
0 0.726562 0.139648 0.729492 0.143555 0.737305 0.143555 0.734375 0.138672
0 0.532227 0.896484 0.528320 0.897461 0.528320 0.905273 0.531250 0.903320
0 0.911133 0.786133 0.910156 0.792969 0.914062 0.794922 0.915039 0.790039
0 0.665039 0.963867 0.661133 0.965820 0.661133 0.973633 0.663086 0.975586 0.666016 0.970703
0 0.234375 0.509766 0.229492 0.511719 0.228516 0.517578 0.233398 0.515625
0 0.826172 0.824219 0.818359 0.825195 0.814453 0.832031 0.823242 0.831055 0.826172 0.828125
0 0.942383 0.392578 0.938477 0.392578 0.935547 0.399414
0 0.180664 0.519531 0.180664 0.522461 0.183594 0.523438 0.189453 0.521484 0.188477 0.518555
0 0.360352 0.398438 0.359375 0.405273 0.363281 0.409180 0.364258 0.401367
0 0.916016 0.654297 0.911133 0.657227 0.911133 0.665039 0.916016 0.661133
0 0.582031 0.476562 0.582031 0.482422 0.586914 0.485352 0.585938 0.478516
0 0.242188 0.607422 0.237305 0.609375 0.236328 0.618164 0.240234 0.616211
0 0.653320 0.200195 0.647461 0.201172 0.645508 0.206055 0.650391 0.205078
0 0.107422 0.932617 0.108398 0.939453 0.113281 0.942383 0.113281 0.935547
0 0.166992 0.349609 0.166016 0.359375 0.168945 0.359375 0.169922 0.351562
0 0.334961 0.979492 0.328125 0.979492 0.325195 0.982422 0.333008 0.983398
0 0.848633 0.586914 0.846680 0.594727 0.847656 0.597656 0.850586 0.597656 0.852539 0.589844
0 0.489258 0.310547 0.483398 0.310547 0.477539 0.316406 0.484375 0.317383 0.488281 0.314453
0 0.549805 0.779297 0.543945 0.783203 0.542969 0.789062 0.548828 0.787109
0 0.916016 0.579102 0.917969 0.582031 0.925781 0.580078 0.924805 0.577148
0 0.178711 0.654297 0.172852 0.658203 0.172852 0.666992 0.179688 0.660156
0 0.027344 0.533203 0.028320 0.541016 0.034180 0.544922 0.034180 0.537109
0 0.138672 0.893555 0.140625 0.896484 0.149414 0.895508 0.145508 0.891602
0 0.208008 0.917969 0.200195 0.921875 0.199219 0.928711 0.206055 0.926758 0.208984 0.920898
0 0.939453 0.155273 0.943359 0.159180 0.951172 0.158203 0.948242 0.154297
0 0.484375 0.327148 0.486328 0.333984 0.491211 0.335938 0.490234 0.330078
0 0.596680 0.033203 0.596680 0.041992 0.600586 0.043945 0.601562 0.038086
0 0.906250 0.683594 0.910156 0.688477 0.916016 0.687500 0.912109 0.683594
0 0.753906 0.190430 0.756836 0.193359 0.766602 0.192383 0.764648 0.188477
0 0.605469 0.415039 0.595703 0.415039 0.593750 0.418945 0.599609 0.419922
0 0.273438 0.625977 0.273438 0.631836 0.278320 0.636719 0.279297 0.630859
0 0.380859 0.356445 0.376953 0.359375 0.376953 0.365234 0.380859 0.363281
0 0.508789 0.197266 0.501953 0.196289 0.497070 0.199219 0.497070 0.202148 0.504883 0.202148
0 0.530273 0.850586 0.532227 0.857422 0.537109 0.860352 0.537109 0.854492
0 0.610352 0.388672 0.606445 0.388672 0.601562 0.396484 0.606445 0.396484
0 0.946289 0.346680 0.941406 0.348633 0.939453 0.357422 0.945312 0.354492
0 0.646484 0.071289 0.654297 0.071289 0.657227 0.067383 0.650391 0.066406
0 0.302734 0.423828 0.295898 0.428711 0.294922 0.433594 0.301758 0.430664
0 0.614258 0.223633 0.610352 0.225586 0.609375 0.233398 0.614258 0.230469
0 0.013672 0.912109 0.013672 0.917969 0.018555 0.922852 0.018555 0.915039 0.016602 0.912109
0 0.477539 0.691406 0.479492 0.694336 0.489258 0.694336 0.486328 0.690430 0.481445 0.689453
0 0.804688 0.634766 0.804688 0.641602 0.809570 0.645508 0.809570 0.636719
0 0.102539 0.792969 0.105469 0.797852 0.113281 0.798828 0.113281 0.795898 0.107422 0.791992
0 0.875000 0.735352 0.877930 0.740234 0.885742 0.741211 0.883789 0.736328 0.879883 0.734375
0 0.099609 0.495117 0.101562 0.498047 0.110352 0.498047 0.107422 0.494141
0 0.576172 0.817383 0.583008 0.819336 0.587891 0.815430 0.580078 0.813477