0 0.833008 0.057617 0.830078 0.063477 0.832031 0.068359 0.834961 0.066406 0.834961 0.059570
0 0.050781 0.337891 0.045898 0.338867 0.042969 0.347656 0.049805 0.343750
0 0.324219 0.639648 0.329102 0.643555 0.335938 0.642578 0.333008 0.638672
0 0.349609 0.583984 0.341797 0.585938 0.338867 0.590820 0.340820 0.592773 0.346680 0.590820
0 0.750000 0.203125 0.750977 0.208984 0.755859 0.211914 0.754883 0.205078
0 0.819336 0.211914 0.827148 0.212891 0.828125 0.209961 0.823242 0.208984
0 0.427734 0.199219 0.427734 0.206055 0.433594 0.210938 0.433594 0.203125 0.430664 0.199219
0 0.088867 0.741211 0.086914 0.741211 0.084961 0.746094 0.086914 0.752930 0.090820 0.749023
0 0.762695 0.057617 0.766602 0.064453 0.772461 0.065430 0.769531 0.058594
0 0.471680 0.488281 0.472656 0.491211 0.476562 0.492188 0.484375 0.489258 0.481445 0.486328 0.473633 0.486328
0 0.764648 0.750000 0.759766 0.750977 0.755859 0.756836 0.761719 0.756836
0 0.193359 0.566406 0.192383 0.572266 0.196289 0.575195 0.197266 0.571289 0.195312 0.566406
0 0.860352 0.852539 0.858398 0.854492 0.859375 0.865234 0.862305 0.865234 0.863281 0.854492
0 0.967773 0.016602 0.961914 0.018555 0.959961 0.026367 0.966797 0.022461
0 0.267578 0.609375 0.261719 0.612305 0.260742 0.621094 0.265625 0.618164
0 0.373047 0.677734 0.368164 0.679688 0.367188 0.688477 0.372070 0.684570
0 0.969727 0.371094 0.973633 0.376953 0.976562 0.376953 0.973633 0.371094
0 0.929688 0.788086 0.929688 0.791016 0.933594 0.792969 0.941406 0.791992 0.942383 0.790039 0.935547 0.786133
0 0.135742 0.077148 0.130859 0.076172 0.125977 0.083984 0.133789 0.082031
0 0.947266 0.436523 0.954102 0.445312 0.958984 0.445312 0.958984 0.441406 0.955078 0.437500
0 0.828125 0.109375 0.832031 0.111328 0.839844 0.109375 0.836914 0.106445 0.831055 0.106445
0 0.465820 0.192383 0.461914 0.195312 0.461914 0.203125 0.464844 0.203125 0.466797 0.199219
0 0.309570 0.380859 0.305664 0.381836 0.303711 0.390625 0.309570 0.385742
0 0.447266 0.716797 0.443359 0.715820 0.437500 0.721680 0.443359 0.721680
0 0.787109 0.082031 0.782227 0.081055 0.777344 0.085938 0.783203 0.085938
0 0.912109 0.108398 0.911133 0.115234 0.914062 0.121094 0.916016 0.119141 0.916016 0.112305
0 0.951172 0.804688 0.959961 0.807617 0.966797 0.803711 0.957031 0.801758
0 0.449219 0.892578 0.446289 0.894531 0.446289 0.902344 0.448242 0.904297 0.451172 0.898438
0 0.304688 0.248047 0.293945 0.248047 0.291016 0.252930 0.301758 0.251953
0 0.073242 0.304688 0.073242 0.309570 0.082031 0.313477 0.079102 0.306641
0 0.768555 0.385742 0.759766 0.385742 0.754883 0.390625 0.762695 0.391602