0 0.859375 0.666016 0.855469 0.668945 0.856445 0.676758 0.860352 0.672852
0 0.497070 0.375977 0.498047 0.380859 0.502930 0.383789 0.502930 0.378906
0 0.446289 0.269531 0.438477 0.270508 0.435547 0.276367 0.444336 0.274414
0 0.939453 0.883789 0.940430 0.888672 0.949219 0.890625 0.945312 0.884766
0 0.807617 0.098633 0.802734 0.100586 0.802734 0.110352 0.807617 0.103516
0 0.256836 0.012695 0.252930 0.016602 0.253906 0.023438 0.258789 0.018555
0 0.172852 0.169922 0.166992 0.172852 0.165039 0.176758 0.166016 0.182617 0.170898 0.180664
0 0.347656 0.750000 0.350586 0.752930 0.361328 0.751953 0.361328 0.749023 0.354492 0.747070
0 0.194336 0.579102 0.194336 0.583984 0.198242 0.587891 0.202148 0.587891 0.200195 0.581055
0 0.836914 0.764648 0.840820 0.768555 0.845703 0.768555 0.843750 0.764648
0 0.961914 0.740234 0.962891 0.745117 0.968750 0.748047 0.966797 0.742188
0 0.793945 0.448242 0.794922 0.450195 0.802734 0.450195 0.800781 0.447266
0 0.261719 0.800781 0.257812 0.800781 0.254883 0.807617 0.257812 0.807617
0 0.137695 0.720703 0.136719 0.729492 0.139648 0.729492 0.141602 0.723633 0.140625 0.720703
0 0.152344 0.575195 0.154297 0.579102 0.162109 0.580078 0.158203 0.575195
0 0.198242 0.201172 0.191406 0.205078 0.191406 0.210938 0.198242 0.207031
0 0.397461 0.036133 0.406250 0.037109 0.410156 0.032227 0.401367 0.032227
0 0.482422 0.815430 0.482422 0.823242 0.487305 0.826172 0.486328 0.817383
0 0.407227 0.079102 0.401367 0.080078 0.397461 0.085938 0.405273 0.084961 0.408203 0.081055
0 0.870117 0.287109 0.869141 0.291992 0.871094 0.296875 0.873047 0.296875 0.874023 0.291016
0 0.524414 0.377930 0.522461 0.379883 0.523438 0.383789 0.530273 0.388672 0.529297 0.380859
0 0.392578 0.220703 0.389648 0.220703 0.386719 0.224609 0.386719 0.231445 0.391602 0.229492
0 0.454102 0.079102 0.450195 0.083008 0.450195 0.088867 0.455078 0.083984
0 0.675781 0.628906 0.677734 0.631836 0.687500 0.630859 0.684570 0.626953 0.677734 0.626953
0 0.363281 0.618164 0.365234 0.624023 0.372070 0.625000 0.370117 0.620117
0 0.720703 0.822266 0.722656 0.827148 0.732422 0.828125 0.732422 0.825195
0 0.915039 0.849609 0.910156 0.850586 0.908203 0.856445 0.912109 0.856445