0 0.468750 0.054688 0.462891 0.054688 0.459961 0.059570 0.465820 0.059570
0 0.141602 0.848633 0.143555 0.853516 0.150391 0.854492 0.146484 0.848633
0 0.467773 0.591797 0.470703 0.596680 0.476562 0.598633 0.476562 0.594727 0.473633 0.591797
0 0.018555 0.531250 0.012695 0.532227 0.009766 0.538086 0.017578 0.536133
0 0.716797 0.357422 0.711914 0.362305 0.712891 0.368164 0.717773 0.361328
0 0.541992 0.069336 0.545898 0.074219 0.551758 0.074219 0.550781 0.070312
0 0.410156 0.727539 0.404297 0.725586 0.399414 0.730469 0.407227 0.730469
0 0.526367 0.530273 0.522461 0.530273 0.519531 0.535156 0.526367 0.534180
0 0.334961 0.731445 0.336914 0.737305 0.341797 0.738281 0.340820 0.733398
0 0.588867 0.230469 0.585938 0.232422 0.586914 0.241211 0.588867 0.241211 0.590820 0.236328
0 0.636719 0.073242 0.629883 0.076172 0.628906 0.083984 0.634766 0.081055
0 0.239258 0.897461 0.239258 0.902344 0.244141 0.907227 0.244141 0.900391 0.242188 0.897461
0 0.581055 0.683594 0.581055 0.692383 0.583008 0.696289 0.585938 0.696289 0.585938 0.686523 0.583984 0.683594
0 0.908203 0.198242 0.911133 0.204102 0.916992 0.205078 0.916016 0.200195
0 0.151367 0.055664 0.141602 0.056641 0.138672 0.059570 0.138672 0.063477 0.146484 0.062500
0 0.011719 0.016602 0.006836 0.021484 0.007812 0.029297 0.010742 0.029297 0.012695 0.026367
0 0.428711 0.898438 0.423828 0.902344 0.423828 0.909180 0.429688 0.904297 0.430664 0.900391
0 0.395508 0.979492 0.389648 0.983398 0.389648 0.989258 0.394531 0.987305
0 0.291016 0.537109 0.291992 0.541992 0.297852 0.543945 0.297852 0.540039
0 0.501953 0.762695 0.500977 0.767578 0.503906 0.773438 0.505859 0.765625
0 0.822266 0.052734 0.814453 0.056641 0.813477 0.063477 0.820312 0.061523 0.823242 0.056641
0 0.827148 0.971680 0.832031 0.971680 0.834961 0.967773 0.830078 0.967773
0 0.873047 0.935547 0.878906 0.941406 0.884766 0.940430 0.881836 0.936523
0 0.858398 0.535156 0.853516 0.535156 0.849609 0.542969 0.855469 0.541016
0 0.331055 0.976562 0.331055 0.985352 0.333984 0.985352 0.333984 0.978516
0 0.695312 0.358398 0.690430 0.358398 0.685547 0.366211 0.691406 0.365234
0 0.409180 0.132812 0.411133 0.135742 0.418945 0.134766 0.416016 0.131836
0 0.433594 0.378906 0.429688 0.381836 0.429688 0.389648 0.435547 0.384766
0 0.575195 0.963867 0.573242 0.961914 0.570312 0.962891 0.565430 0.968750 0.573242 0.967773
0 0.793945 0.795898 0.795898 0.803711 0.803711 0.806641 0.802734 0.800781
0 0.522461 0.151367 0.518555 0.153320 0.517578 0.160156 0.522461 0.157227
0 0.907227 0.314453 0.909180 0.318359 0.915039 0.320312 0.913086 0.315430
0 0.910156 0.642578 0.908203 0.644531 0.910156 0.651367 0.916992 0.655273 0.916016 0.647461
0 0.151367 0.692383 0.154297 0.696289 0.162109 0.695312 0.159180 0.691406
0 0.206055 0.890625 0.199219 0.890625 0.196289 0.896484 0.204102 0.894531
0 0.050781 0.616211 0.051758 0.621094 0.056641 0.624023 0.056641 0.619141
0 0.432617 0.257812 0.434570 0.264648 0.441406 0.266602 0.440430 0.261719