0 0.252930 0.230469 0.250000 0.230469 0.248047 0.233398 0.248047 0.241211 0.253906 0.235352
0 0.172852 0.694336 0.174805 0.698242 0.182617 0.699219 0.179688 0.694336
0 0.450195 0.139648 0.457031 0.140625 0.461914 0.135742 0.453125 0.134766 0.450195 0.136719
0 0.393555 0.902344 0.393555 0.908203 0.400391 0.911133 0.398438 0.904297
0 0.143555 0.267578 0.138672 0.268555 0.134766 0.276367 0.141602 0.274414
0 0.391602 0.250000 0.395508 0.252930 0.402344 0.252930 0.397461 0.248047 0.392578 0.248047
0 0.270508 0.603516 0.275391 0.607422 0.280273 0.607422 0.280273 0.604492 0.277344 0.602539
0 0.575195 0.729492 0.577148 0.731445 0.584961 0.730469 0.583008 0.727539
0 0.269531 0.065430 0.273438 0.071289 0.280273 0.071289 0.277344 0.065430
0 0.310547 0.083984 0.311523 0.091797 0.319336 0.094727 0.317383 0.087891
0 0.870117 0.911133 0.865234 0.916992 0.865234 0.922852 0.871094 0.918945
0 0.494141 0.634766 0.493164 0.642578 0.497070 0.647461 0.498047 0.636719
0 0.788086 0.955078 0.784180 0.956055 0.782227 0.962891 0.785156 0.962891 0.789062 0.957031
0 0.547852 0.907227 0.549805 0.914062 0.557617 0.916016 0.554688 0.909180
0 0.822266 0.250977 0.822266 0.258789 0.826172 0.260742 0.826172 0.253906
0 0.544922 0.225586 0.541016 0.223633 0.536133 0.228516 0.541992 0.228516
0 0.401367 0.962891 0.408203 0.968750 0.414062 0.967773 0.410156 0.962891
0 0.375977 0.135742 0.368164 0.136719 0.364258 0.142578 0.373047 0.141602
0 0.652344 0.072266 0.652344 0.081055 0.656250 0.084961 0.657227 0.077148
0 0.168945 0.494141 0.169922 0.497070 0.176758 0.498047 0.175781 0.495117
0 0.125000 0.415039 0.131836 0.418945 0.139648 0.416016 0.136719 0.413086
0 0.404297 0.070312 0.404297 0.072266 0.409180 0.074219 0.416992 0.074219 0.414062 0.069336
0 0.386719 0.705078 0.393555 0.709961 0.401367 0.708008 0.397461 0.704102
0 0.668945 0.601562 0.666992 0.601562 0.665039 0.609375 0.667969 0.609375
0 0.554688 0.238281 0.550781 0.241211 0.551758 0.248047 0.555664 0.243164
0 0.549805 0.111328 0.552734 0.116211 0.559570 0.117188 0.557617 0.112305
0 0.431641 0.800781 0.434570 0.804688 0.441406 0.804688 0.439453 0.800781
0 0.131836 0.294922 0.128906 0.296875 0.129883 0.303711 0.132812 0.300781
0 0.626953 0.058594 0.627930 0.066406 0.631836 0.067383 0.630859 0.060547
0 0.716797 0.415039 0.711914 0.418945 0.713867 0.428711 0.717773 0.423828
0 0.451172 0.624023 0.450195 0.630859 0.453125 0.631836 0.454102 0.625977
0 0.891602 0.740234 0.897461 0.744141 0.901367 0.743164 0.898438 0.739258
0 0.660156 0.430664 0.652344 0.431641 0.649414 0.437500 0.656250 0.437500
0 0.584961 0.656250 0.583984 0.663086 0.587891 0.666016 0.588867 0.661133
0 0.703125 0.631836 0.700195 0.632812 0.702148 0.642578 0.705078 0.637695
0 0.365234 0.362305 0.360352 0.364258 0.359375 0.372070 0.364258 0.369141
0 0.375000 0.073242 0.373047 0.078125 0.376953 0.084961 0.378906 0.080078 0.377930 0.075195
0 0.097656 0.242188 0.095703 0.244141 0.096680 0.250000 0.101562 0.252930 0.102539 0.248047
0 0.504883 0.331055 0.505859 0.336914 0.511719 0.340820 0.510742 0.333008
0 0.773438 0.326172 0.769531 0.329102 0.771484 0.338867 0.774414 0.334961
0 0.149414 0.916992 0.144531 0.916016 0.139648 0.919922 0.146484 0.920898
0 0.291016 0.133789 0.283203 0.133789 0.277344 0.141602 0.286133 0.140625
0 0.331055 0.818359 0.326172 0.818359 0.322266 0.822266 0.327148 0.823242
0 0.605469 0.784180 0.608398 0.790039 0.614258 0.791016 0.611328 0.785156
0 0.398438 0.021484 0.394531 0.026367 0.394531 0.031250 0.398438 0.030273
0 0.148438 0.970703 0.142578 0.971680 0.138672 0.976562 0.146484 0.975586
0 0.129883 0.746094 0.134766 0.746094 0.137695 0.742188 0.132812 0.742188
0 0.888672 0.666992 0.890625 0.673828 0.897461 0.675781 0.896484 0.669922
0 0.360352 0.026367 0.353516 0.027344 0.351562 0.032227 0.359375 0.030273
0 0.817383 0.897461 0.820312 0.902344 0.824219 0.902344 0.821289 0.897461
0 0.043945 0.660156 0.045898 0.666016 0.052734 0.666992 0.049805 0.661133
0 0.151367 0.218750 0.146484 0.222656 0.146484 0.231445 0.149414 0.230469 0.152344 0.224609
0 0.509766 0.156250 0.504883 0.160156 0.505859 0.166992 0.509766 0.164062
0 0.486328 0.414062 0.489258 0.417969 0.496094 0.416992 0.495117 0.414062
0 0.571289 0.943359 0.575195 0.950195 0.581055 0.950195 0.578125 0.945312
0 0.753906 0.224609 0.752930 0.228516 0.755859 0.234375 0.757812 0.234375 0.758789 0.228516 0.756836 0.224609
0 0.245117 0.067383 0.245117 0.077148 0.248047 0.081055 0.250977 0.081055 0.250977 0.073242
0 0.597656 0.197266 0.597656 0.206055 0.599609 0.206055 0.600586 0.198242
0 0.667969 0.743164 0.659180 0.744141 0.656250 0.749023 0.665039 0.748047
0 0.801758 0.204102 0.802734 0.212891 0.808594 0.215820 0.807617 0.208008
0 0.489258 0.729492 0.483398 0.730469 0.479492 0.736328 0.486328 0.735352
0 0.959961 0.337891 0.950195 0.337891 0.948242 0.341797 0.957031 0.342773 0.959961 0.341797
0 0.060547 0.847656 0.053711 0.847656 0.049805 0.852539 0.057617 0.852539 0.060547 0.850586
0 0.143555 0.322266 0.142578 0.326172 0.145508 0.332031 0.147461 0.325195 0.146484 0.322266
0 0.573242 0.238281 0.576172 0.242188 0.584961 0.239258 0.579102 0.236328
0 0.142578 0.980469 0.135742 0.980469 0.132812 0.982422 0.132812 0.985352 0.139648 0.984375
0 0.416016 0.666992 0.419922 0.672852 0.424805 0.671875 0.423828 0.667969
0 0.678711 0.679688 0.678711 0.682617 0.681641 0.684570 0.688477 0.683594 0.685547 0.680664
0 0.604492 0.106445 0.602539 0.112305 0.605469 0.118164 0.608398 0.119141 0.608398 0.110352
0 0.567383 0.305664 0.566406 0.310547 0.568359 0.314453 0.574219 0.317383 0.574219 0.310547
0 0.178711 0.578125 0.171875 0.579102 0.167969 0.584961 0.173828 0.584961 0.178711 0.581055