0 0.485352 0.708008 0.486328 0.715820 0.491211 0.718750 0.490234 0.709961
0 0.764648 0.381836 0.766602 0.389648 0.771484 0.391602 0.772461 0.386719
0 0.842773 0.555664 0.839844 0.557617 0.839844 0.563477 0.843750 0.560547
0 0.768555 0.325195 0.770508 0.329102 0.777344 0.330078 0.777344 0.327148 0.773438 0.324219
0 0.264648 0.844727 0.258789 0.848633 0.257812 0.853516 0.259766 0.854492 0.264648 0.850586
0 0.298828 0.796875 0.300781 0.803711 0.306641 0.806641 0.303711 0.797852
0 0.087891 0.235352 0.090820 0.241211 0.096680 0.242188 0.093750 0.236328
0 0.816406 0.621094 0.818359 0.624023 0.826172 0.625000 0.826172 0.622070 0.823242 0.620117
0 0.916992 0.054688 0.917969 0.062500 0.920898 0.064453 0.920898 0.056641
0 0.855469 0.663086 0.856445 0.666992 0.866211 0.665039 0.863281 0.662109
0 0.462891 0.832031 0.467773 0.836914 0.475586 0.835938 0.469727 0.831055
0 0.286133 0.013672 0.281250 0.020508 0.284180 0.029297 0.287109 0.024414
0 0.153320 0.432617 0.146484 0.433594 0.143555 0.440430 0.151367 0.439453
0 0.097656 0.032227 0.098633 0.038086 0.104492 0.042969 0.104492 0.035156 0.100586 0.031250
0 0.820312 0.541992 0.823242 0.547852 0.829102 0.547852 0.826172 0.542969
0 0.822266 0.838867 0.822266 0.843750 0.828125 0.846680 0.828125 0.842773
0 0.106445 0.004883 0.101562 0.006836 0.100586 0.014648 0.105469 0.010742
0 0.959961 0.347656 0.960938 0.354492 0.967773 0.358398 0.965820 0.349609
0 0.371094 0.108398 0.367188 0.108398 0.364258 0.111328 0.363281 0.117188 0.370117 0.114258
0 0.411133 0.910156 0.405273 0.909180 0.400391 0.914062 0.399414 0.920898 0.407227 0.917969
0 0.155273 0.699219 0.154297 0.706055 0.158203 0.709961 0.159180 0.702148 0.158203 0.699219
0 0.039062 0.321289 0.041016 0.326172 0.050781 0.327148 0.046875 0.322266
0 0.466797 0.606445 0.458984 0.608398 0.455078 0.615234 0.463867 0.613281
0 0.559570 0.378906 0.559570 0.384766 0.564453 0.388672 0.563477 0.380859
0 0.942383 0.218750 0.939453 0.218750 0.937500 0.221680 0.938477 0.229492 0.941406 0.228516
0 0.686523 0.119141 0.687500 0.125000 0.693359 0.126953 0.691406 0.121094
0 0.291992 0.650391 0.283203 0.650391 0.278320 0.655273 0.286133 0.656250
0 0.704102 0.521484 0.704102 0.531250 0.708008 0.533203 0.708984 0.525391 0.707031 0.521484
0 0.281250 0.695312 0.279297 0.695312 0.277344 0.700195 0.279297 0.706055 0.282227 0.704102
0 0.106445 0.689453 0.107422 0.695312 0.112305 0.697266 0.110352 0.689453
0 0.750977 0.441406 0.746094 0.442383 0.742188 0.449219 0.748047 0.448242
0 0.816406 0.324219 0.815430 0.332031 0.819336 0.334961 0.820312 0.326172
0 0.989258 0.299805 0.983398 0.300781 0.981445 0.306641 0.987305 0.304688
0 0.819336 0.416016 0.821289 0.418945 0.829102 0.418945 0.828125 0.415039
0 0.451172 0.768555 0.447266 0.771484 0.449219 0.779297 0.452148 0.776367
0 0.588867 0.662109 0.588867 0.671875 0.591797 0.671875 0.592773 0.664062
0 0.609375 0.536133 0.600586 0.537109 0.598633 0.541016 0.604492 0.541016
0 0.284180 0.774414 0.288086 0.778320 0.294922 0.777344 0.291992 0.774414
0 0.846680 0.110352 0.850586 0.114258 0.855469 0.114258 0.855469 0.111328 0.848633 0.108398
0 0.582031 0.397461 0.577148 0.398438 0.575195 0.407227 0.581055 0.404297