0 0.421875 0.255859 0.424805 0.261719 0.430664 0.262695 0.425781 0.255859
0 0.330078 0.434570 0.330078 0.442383 0.334961 0.444336 0.333984 0.437500
0 0.239258 0.208984 0.233398 0.209961 0.229492 0.214844 0.237305 0.213867
0 0.712891 0.024414 0.710938 0.022461 0.706055 0.024414 0.703125 0.032227 0.709961 0.030273
0 0.253906 0.294922 0.253906 0.298828 0.256836 0.301758 0.263672 0.302734 0.259766 0.295898
0 0.183594 0.718750 0.187500 0.723633 0.196289 0.723633 0.196289 0.720703 0.189453 0.716797
0 0.899414 0.136719 0.899414 0.139648 0.904297 0.144531 0.910156 0.145508 0.908203 0.139648
0 0.896484 0.277344 0.891602 0.281250 0.891602 0.290039 0.897461 0.283203
0 0.073242 0.797852 0.074219 0.802734 0.078125 0.804688 0.078125 0.799805
0 0.540039 0.447266 0.535156 0.446289 0.530273 0.449219 0.536133 0.451172
0 0.087891 0.185547 0.088867 0.191406 0.095703 0.195312 0.093750 0.187500
0 0.737305 0.334961 0.737305 0.337891 0.740234 0.338867 0.746094 0.336914 0.743164 0.333984
0 0.414062 0.255859 0.409180 0.256836 0.406250 0.263672 0.413086 0.260742
0 0.487305 0.379883 0.483398 0.381836 0.484375 0.391602 0.488281 0.385742
0 0.525391 0.707031 0.524414 0.715820 0.528320 0.719727 0.529297 0.708984
0 0.289062 0.153320 0.281250 0.153320 0.278320 0.159180 0.284180 0.159180
0 0.499023 0.945312 0.502930 0.954102 0.502930 0.945312
0 0.699219 0.507812 0.699219 0.511719 0.705078 0.516602 0.705078 0.510742
0 0.138672 0.796875 0.133789 0.795898 0.128906 0.804688 0.136719 0.802734
0 0.585938 0.689453 0.583008 0.690430 0.581055 0.695312 0.583008 0.701172 0.586914 0.698242
0 0.889648 0.899414 0.889648 0.902344 0.892578 0.904297 0.901367 0.903320 0.897461 0.899414
0 0.759766 0.583008 0.755859 0.585938 0.755859 0.592773 0.760742 0.586914
0 0.816406 0.467773 0.813477 0.467773 0.811523 0.470703 0.811523 0.478516 0.816406 0.472656
0 0.186523 0.342773 0.182617 0.343750 0.181641 0.352539 0.185547 0.349609
0 0.284180 0.006836 0.282227 0.013672 0.284180 0.018555 0.286133 0.018555 0.287109 0.010742
0 0.900391 0.544922 0.895508 0.548828 0.895508 0.554688 0.900391 0.551758
0 0.381836 0.830078 0.375977 0.833008 0.375000 0.838867 0.379883 0.836914
0 0.672852 0.073242 0.673828 0.080078 0.677734 0.082031 0.676758 0.074219
0 0.680664 0.561523 0.675781 0.564453 0.674805 0.570312 0.681641 0.566406
0 0.443359 0.819336 0.442383 0.830078 0.445312 0.831055 0.446289 0.822266
0 0.850586 0.938477 0.848633 0.945312 0.852539 0.951172 0.854492 0.942383
0 0.885742 0.965820 0.881836 0.968750 0.882812 0.975586 0.887695 0.970703
0 0.868164 0.119141 0.870117 0.127930 0.875977 0.129883 0.874023 0.122070
0 0.723633 0.884766 0.717773 0.886719 0.715820 0.891602 0.721680 0.890625
0 0.505859 0.907227 0.509766 0.911133 0.514648 0.911133 0.511719 0.906250
0 0.265625 0.513672 0.264648 0.520508 0.267578 0.524414 0.269531 0.516602
0 0.841797 0.766602 0.837891 0.768555 0.838867 0.778320 0.842773 0.772461
0 0.543945 0.911133 0.544922 0.914062 0.553711 0.913086 0.551758 0.910156
0 0.226562 0.153320 0.226562 0.156250 0.229492 0.158203 0.235352 0.157227 0.230469 0.153320
0 0.644531 0.182617 0.637695 0.182617 0.635742 0.186523 0.641602 0.186523
0 0.149414 0.235352 0.145508 0.238281 0.144531 0.245117 0.149414 0.243164
0 0.010742 0.560547 0.010742 0.567383 0.013672 0.572266 0.016602 0.572266 0.016602 0.564453 0.013672 0.560547
0 0.155273 0.867188 0.155273 0.872070 0.159180 0.875000 0.159180 0.869141
0 0.724609 0.026367 0.727539 0.031250 0.733398 0.031250 0.731445 0.027344
0 0.672852 0.150391 0.672852 0.156250 0.677734 0.160156 0.677734 0.153320 0.675781 0.150391
0 0.209961 0.960938 0.210938 0.962891 0.220703 0.961914 0.219727 0.958984
0 0.107422 0.896484 0.100586 0.893555 0.093750 0.895508 0.097656 0.900391 0.102539 0.900391
0 0.886719 0.237305 0.887695 0.245117 0.894531 0.249023 0.895508 0.246094 0.892578 0.239258