0 0.290039 0.438477 0.282227 0.443359 0.282227 0.449219 0.290039 0.445312
0 0.566406 0.323242 0.560547 0.325195 0.558594 0.331055 0.563477 0.330078
0 0.213867 0.760742 0.211914 0.760742 0.209961 0.768555 0.213867 0.766602
0 0.239258 0.039062 0.246094 0.041016 0.250000 0.037109 0.244141 0.036133
0 0.778320 0.827148 0.778320 0.833984 0.782227 0.837891 0.782227 0.828125
0 0.643555 0.647461 0.644531 0.651367 0.654297 0.649414 0.650391 0.646484
0 0.344727 0.713867 0.340820 0.716797 0.340820 0.725586 0.345703 0.721680
0 0.873047 0.416992 0.875000 0.419922 0.882812 0.419922 0.878906 0.416016
0 0.343750 0.455078 0.342773 0.462891 0.346680 0.464844 0.347656 0.458984
0 0.331055 0.444336 0.332031 0.450195 0.336914 0.453125 0.336914 0.447266
0 0.542969 0.804688 0.535156 0.805664 0.533203 0.810547 0.541016 0.808594
0 0.568359 0.315430 0.568359 0.317383 0.576172 0.317383 0.578125 0.313477
0 0.926758 0.018555 0.922852 0.018555 0.918945 0.022461 0.917969 0.027344 0.922852 0.026367
0 0.362305 0.138672 0.364258 0.142578 0.372070 0.141602 0.369141 0.137695
0 0.673828 0.763672 0.667969 0.762695 0.664062 0.767578 0.669922 0.767578
0 0.898438 0.914062 0.899414 0.920898 0.906250 0.924805 0.907227 0.921875 0.904297 0.916016
0 0.417969 0.870117 0.411133 0.874023 0.411133 0.878906 0.416992 0.876953
0 0.827148 0.504883 0.833008 0.504883 0.835938 0.502930 0.835938 0.500000 0.828125 0.500977
0 0.347656 0.847656 0.345703 0.849609 0.347656 0.854492 0.355469 0.857422 0.353516 0.850586
0 0.336914 0.298828 0.334961 0.304688 0.339844 0.312500 0.340820 0.301758
0 0.409180 0.403320 0.403320 0.404297 0.400391 0.410156 0.407227 0.408203
0 0.661133 0.049805 0.657227 0.052734 0.657227 0.060547 0.662109 0.056641
0 0.752930 0.590820 0.755859 0.595703 0.764648 0.594727 0.759766 0.590820
0 0.914062 0.825195 0.915039 0.833984 0.921875 0.837891 0.920898 0.830078
0 0.496094 0.626953 0.498047 0.637695 0.500000 0.635742 0.500000 0.627930
0 0.376953 0.005859 0.375977 0.013672 0.379883 0.017578 0.381836 0.007812
0 0.061523 0.674805 0.062500 0.676758 0.072266 0.676758 0.073242 0.672852
0 0.821289 0.046875 0.817383 0.049805 0.817383 0.056641 0.822266 0.050781