0 0.372070 0.525391 0.365234 0.528320 0.362305 0.536133 0.371094 0.532227
0 0.635742 0.836914 0.631836 0.838867 0.629883 0.845703 0.634766 0.844727
0 0.869141 0.838867 0.863281 0.836914 0.857422 0.839844 0.856445 0.843750 0.865234 0.842773
0 0.222656 0.587891 0.219727 0.587891 0.214844 0.596680 0.215820 0.602539 0.222656 0.595703
0 0.374023 0.478516 0.375000 0.485352 0.380859 0.488281 0.379883 0.481445
0 0.976562 0.795898 0.976562 0.801758 0.980469 0.805664 0.981445 0.798828
0 0.287109 0.840820 0.289062 0.849609 0.292969 0.850586 0.291992 0.842773
0 0.626953 0.150391 0.625977 0.160156 0.630859 0.162109 0.631836 0.155273 0.629883 0.150391
0 0.193359 0.230469 0.195312 0.237305 0.200195 0.239258 0.199219 0.233398
0 0.833008 0.191406 0.833008 0.195312 0.835938 0.198242 0.843750 0.200195 0.839844 0.193359
0 0.900391 0.804688 0.897461 0.804688 0.895508 0.807617 0.896484 0.815430 0.900391 0.810547
0 0.131836 0.453125 0.130859 0.456055 0.133789 0.463867 0.135742 0.461914 0.135742 0.455078
0 0.199219 0.015625 0.197266 0.014648 0.191406 0.019531 0.190430 0.023438 0.192383 0.025391 0.196289 0.023438
0 0.940430 0.874023 0.939453 0.878906 0.944336 0.883789 0.945312 0.876953
0 0.591797 0.937500 0.590820 0.944336 0.593750 0.945312 0.594727 0.938477
0 0.502930 0.519531 0.505859 0.522461 0.514648 0.522461 0.514648 0.518555 0.511719 0.517578
0 0.547852 0.040039 0.542969 0.042969 0.542969 0.050781 0.547852 0.046875
0 0.180664 0.334961 0.175781 0.335938 0.172852 0.341797 0.178711 0.340820
0 0.735352 0.319336 0.731445 0.321289 0.729492 0.328125 0.734375 0.327148
0 0.054688 0.425781 0.053711 0.432617 0.057617 0.436523 0.058594 0.427734
0 0.044922 0.444336 0.036133 0.444336 0.033203 0.448242 0.041992 0.448242
0 0.971680 0.819336 0.971680 0.826172 0.977539 0.829102 0.976562 0.822266
0 0.591797 0.166016 0.592773 0.175781 0.597656 0.178711 0.598633 0.170898 0.594727 0.166016
0 0.103516 0.775391 0.107422 0.778320 0.114258 0.778320 0.114258 0.775391 0.110352 0.773438
0 0.646484 0.337891 0.646484 0.342773 0.653320 0.345703 0.653320 0.341797
0 0.097656 0.203125 0.092773 0.205078 0.091797 0.212891 0.096680 0.209961
0 0.094727 0.403320 0.089844 0.408203 0.090820 0.413086 0.094727 0.411133
0 0.292969 0.047852 0.291016 0.049805 0.291992 0.052734 0.299805 0.056641 0.297852 0.050781
0 0.541016 0.848633 0.533203 0.849609 0.531250 0.854492 0.538086 0.853516
0 0.776367 0.726562 0.773438 0.735352 0.775391 0.740234 0.779297 0.740234 0.780273 0.732422
0 0.796875 0.716797 0.791016 0.717773 0.790039 0.722656 0.793945 0.721680
0 0.063477 0.416016 0.064453 0.420898 0.077148 0.419922 0.077148 0.416992 0.073242 0.415039
0 0.899414 0.138672 0.898438 0.146484 0.901367 0.150391 0.903320 0.148438 0.903320 0.141602
0 0.766602 0.354492 0.768555 0.357422 0.773438 0.358398 0.779297 0.355469 0.776367 0.352539
0 0.515625 0.714844 0.512695 0.716797 0.512695 0.725586 0.516602 0.721680
0 0.579102 0.877930 0.579102 0.879883 0.584961 0.882812 0.589844 0.882812 0.589844 0.879883 0.586914 0.877930
0 0.508789 0.046875 0.504883 0.046875 0.500977 0.053711 0.506836 0.052734
0 0.359375 0.134766 0.365234 0.138672 0.373047 0.136719 0.368164 0.131836
0 0.195312 0.472656 0.191406 0.475586 0.190430 0.482422 0.195312 0.480469
0 0.135742 0.135742 0.131836 0.141602 0.134766 0.148438 0.137695 0.140625
0 0.039062 0.270508 0.041992 0.276367 0.048828 0.278320 0.044922 0.271484
0 0.956055 0.506836 0.955078 0.509766 0.962891 0.514648 0.961914 0.509766
0 0.137695 0.797852 0.142578 0.802734 0.147461 0.800781 0.144531 0.796875
0 0.632812 0.411133 0.626953 0.416016 0.625977 0.419922 0.627930 0.422852 0.632812 0.417969
0 0.166016 0.778320 0.163086 0.780273 0.163086 0.789062 0.165039 0.792969 0.167969 0.792969 0.168945 0.781250
0 0.157227 0.583008 0.159180 0.588867 0.164062 0.589844 0.163086 0.584961
0 0.577148 0.021484 0.579102 0.028320 0.583984 0.030273 0.583984 0.025391
0 0.790039 0.427734 0.792969 0.431641 0.799805 0.430664 0.797852 0.426758
0 0.787109 0.083008 0.785156 0.091797 0.788086 0.098633 0.791016 0.098633 0.791992 0.088867 0.790039 0.083984
0 0.380859 0.085938 0.382812 0.088867 0.392578 0.087891 0.389648 0.083984 0.382812 0.083984
0 0.596680 0.116211 0.591797 0.121094 0.593750 0.130859 0.596680 0.126953
0 0.722656 0.513672 0.719727 0.514648 0.720703 0.522461 0.723633 0.519531
0 0.958008 0.614258 0.959961 0.618164 0.965820 0.617188 0.963867 0.614258
0 0.510742 0.626953 0.504883 0.626953 0.500000 0.633789 0.507812 0.631836
0 0.431641 0.460938 0.427734 0.461914 0.425781 0.467773 0.430664 0.465820
0 0.118164 0.368164 0.118164 0.371094 0.124023 0.374023 0.128906 0.372070 0.128906 0.369141 0.125977 0.367188
0 0.148438 0.427734 0.139648 0.429688 0.137695 0.434570 0.143555 0.434570 0.148438 0.430664
0 0.860352 0.391602 0.860352 0.397461 0.867188 0.401367 0.866211 0.393555
0 0.596680 0.251953 0.588867 0.251953 0.585938 0.257812 0.592773 0.256836
0 0.875000 0.915039 0.870117 0.913086 0.865234 0.915039 0.864258 0.917969 0.870117 0.918945
0 0.643555 0.296875 0.637695 0.295898 0.631836 0.302734 0.638672 0.302734
0 0.471680 0.159180 0.463867 0.161133 0.461914 0.165039 0.467773 0.166016
0 0.944336 0.466797 0.938477 0.468750 0.936523 0.476562 0.943359 0.472656
0 0.283203 0.819336 0.277344 0.823242 0.275391 0.829102 0.277344 0.831055 0.282227 0.829102 0.284180 0.825195
0 0.227539 0.795898 0.222656 0.794922 0.217773 0.798828 0.224609 0.799805
0 0.542969 0.284180 0.538086 0.290039 0.539062 0.295898 0.543945 0.291992 0.544922 0.286133
0 0.165039 0.616211 0.161133 0.620117 0.161133 0.625977 0.166016 0.622070
0 0.427734 0.482422 0.436523 0.484375 0.439453 0.481445 0.430664 0.479492
0 0.603516 0.923828 0.606445 0.926758 0.614258 0.925781 0.612305 0.921875
0 0.983398 0.458984 0.980469 0.464844 0.982422 0.471680 0.985352 0.471680 0.986328 0.462891
0 0.559570 0.418945 0.554688 0.422852 0.553711 0.429688 0.558594 0.427734