0 0.172852 0.700195 0.170898 0.708008 0.171875 0.710938 0.174805 0.710938 0.176758 0.703125
0 0.664062 0.816406 0.666992 0.822266 0.672852 0.823242 0.668945 0.816406
0 0.422852 0.361328 0.427734 0.368164 0.436523 0.368164 0.433594 0.363281
0 0.842773 0.392578 0.846680 0.399414 0.854492 0.399414 0.851562 0.394531
0 0.671875 0.844727 0.672852 0.848633 0.681641 0.850586 0.678711 0.845703
0 0.769531 0.350586 0.764648 0.352539 0.764648 0.359375 0.768555 0.356445
0 0.978516 0.754883 0.982422 0.760742 0.991211 0.760742 0.985352 0.753906
0 0.296875 0.345703 0.293945 0.346680 0.291016 0.356445 0.295898 0.355469
0 0.831055 0.365234 0.828125 0.369141 0.830078 0.378906 0.833008 0.378906 0.834961 0.371094 0.833984 0.366211
0 0.811523 0.625000 0.818359 0.625000 0.822266 0.623047 0.822266 0.620117 0.815430 0.620117
0 0.131836 0.867188 0.126953 0.868164 0.124023 0.874023 0.129883 0.873047
0 0.760742 0.875000 0.763672 0.881836 0.770508 0.882812 0.766602 0.875977
0 0.488281 0.235352 0.481445 0.235352 0.479492 0.239258 0.487305 0.238281
0 0.261719 0.323242 0.261719 0.326172 0.265625 0.329102 0.274414 0.328125 0.267578 0.323242
0 0.830078 0.211914 0.831055 0.215820 0.836914 0.218750 0.834961 0.212891
0 0.833984 0.706055 0.833984 0.709961 0.836914 0.712891 0.844727 0.714844 0.840820 0.708008
0 0.636719 0.295898 0.635742 0.298828 0.638672 0.304688 0.645508 0.306641 0.644531 0.300781
0 0.518555 0.651367 0.513672 0.655273 0.514648 0.662109 0.518555 0.660156
0 0.755859 0.631836 0.755859 0.633789 0.766602 0.632812 0.765625 0.629883
0 0.497070 0.587891 0.497070 0.593750 0.501953 0.596680 0.500977 0.589844
0 0.825195 0.665039 0.825195 0.667969 0.829102 0.670898 0.835938 0.670898 0.834961 0.666992
0 0.419922 0.181641 0.416016 0.182617 0.413086 0.188477 0.418945 0.186523
0 0.388672 0.444336 0.388672 0.451172 0.392578 0.455078 0.393555 0.447266
0 0.580078 0.602539 0.572266 0.603516 0.569336 0.610352 0.577148 0.608398
0 0.186523 0.218750 0.185547 0.227539 0.190430 0.232422 0.191406 0.222656 0.189453 0.218750
0 0.375000 0.138672 0.367188 0.139648 0.365234 0.143555 0.369141 0.144531
0 0.468750 0.323242 0.468750 0.327148 0.476562 0.331055 0.475586 0.326172
0 0.244141 0.187500 0.238281 0.193359 0.239258 0.199219 0.244141 0.196289
0 0.879883 0.684570 0.876953 0.684570 0.875000 0.687500 0.876953 0.695312 0.879883 0.692383
0 0.812500 0.922852 0.806641 0.925781 0.805664 0.933594 0.811523 0.929688
0 0.586914 0.508789 0.589844 0.514648 0.599609 0.516602 0.595703 0.509766 0.591797 0.507812
0 0.777344 0.929688 0.772461 0.932617 0.771484 0.942383 0.778320 0.935547
0 0.429688 0.125977 0.431641 0.128906 0.439453 0.127930 0.438477 0.125000 0.434570 0.124023
0 0.187500 0.130859 0.177734 0.130859 0.174805 0.135742 0.183594 0.135742
0 0.551758 0.510742 0.545898 0.510742 0.542969 0.517578 0.547852 0.516602
0 0.470703 0.295898 0.465820 0.300781 0.465820 0.308594 0.468750 0.308594 0.471680 0.302734
0 0.145508 0.596680 0.141602 0.597656 0.141602 0.607422 0.145508 0.604492
0 0.909180 0.904297 0.913086 0.912109 0.920898 0.913086 0.916992 0.906250
0 0.866211 0.761719 0.857422 0.763672 0.855469 0.768555 0.861328 0.768555
0 0.975586 0.959961 0.967773 0.960938 0.964844 0.966797 0.972656 0.965820
0 0.032227 0.482422 0.036133 0.489258 0.041992 0.490234 0.039062 0.483398
0 0.033203 0.779297 0.028320 0.779297 0.022461 0.787109 0.031250 0.785156
0 0.092773 0.857422 0.084961 0.859375 0.081055 0.865234 0.090820 0.863281
0 0.335938 0.639648 0.332031 0.641602 0.332031 0.650391 0.335938 0.646484
0 0.599609 0.016602 0.594727 0.024414 0.596680 0.031250 0.602539 0.023438 0.602539 0.018555
0 0.224609 0.192383 0.225586 0.197266 0.231445 0.200195 0.231445 0.195312
0 0.185547 0.241211 0.185547 0.249023 0.189453 0.250977 0.189453 0.244141
0 0.456055 0.706055 0.459961 0.711914 0.467773 0.712891 0.467773 0.709961 0.462891 0.705078
0 0.536133 0.394531 0.538086 0.398438 0.548828 0.397461 0.548828 0.395508 0.541016 0.392578
0 0.298828 0.505859 0.301758 0.512695 0.309570 0.514648 0.310547 0.512695 0.307617 0.507812
0 0.973633 0.075195 0.966797 0.079102 0.965820 0.084961 0.972656 0.082031