0 0.836914 0.046875 0.836914 0.048828 0.844727 0.049805 0.849609 0.047852 0.849609 0.044922 0.842773 0.043945
0 0.698242 0.963867 0.697266 0.968750 0.699219 0.973633 0.701172 0.973633 0.702148 0.967773
0 0.916016 0.226562 0.910156 0.228516 0.908203 0.238281 0.915039 0.233398
0 0.578125 0.069336 0.579102 0.076172 0.583984 0.079102 0.584961 0.074219
0 0.933594 0.411133 0.932617 0.417969 0.935547 0.422852 0.938477 0.422852 0.938477 0.415039
0 0.260742 0.709961 0.264648 0.712891 0.267578 0.712891 0.269531 0.709961 0.267578 0.708008
0 0.286133 0.962891 0.282227 0.963867 0.281250 0.972656 0.285156 0.970703
0 0.509766 0.287109 0.509766 0.291016 0.512695 0.293945 0.520508 0.295898 0.517578 0.289062
0 0.630859 0.743164 0.636719 0.744141 0.641602 0.742188 0.642578 0.739258 0.635742 0.738281 0.630859 0.740234
0 0.037109 0.102539 0.029297 0.102539 0.026367 0.107422 0.034180 0.106445
0 0.159180 0.096680 0.162109 0.101562 0.167969 0.101562 0.166016 0.097656
0 0.598633 0.499023 0.602539 0.502930 0.607422 0.500977 0.607422 0.499023 0.603516 0.498047
0 0.302734 0.446289 0.302734 0.450195 0.305664 0.453125 0.314453 0.454102 0.311523 0.448242
0 0.895508 0.572266 0.899414 0.576172 0.907227 0.574219 0.907227 0.572266 0.902344 0.570312
0 0.534180 0.237305 0.536133 0.241211 0.542969 0.242188 0.541992 0.238281
0 0.432617 0.677734 0.428711 0.679688 0.428711 0.687500 0.432617 0.684570
0 0.893555 0.837891 0.888672 0.841797 0.888672 0.848633 0.893555 0.844727
0 0.812500 0.013672 0.808594 0.016602 0.809570 0.023438 0.814453 0.018555
0 0.326172 0.053711 0.319336 0.057617 0.319336 0.062500 0.324219 0.061523
0 0.722656 0.505859 0.721680 0.510742 0.725586 0.513672 0.725586 0.506836
0 0.455078 0.292969 0.456055 0.295898 0.463867 0.294922 0.460938 0.291992
0 0.270508 0.013672 0.265625 0.014648 0.263672 0.020508 0.268555 0.019531
0 0.433594 0.053711 0.441406 0.053711 0.444336 0.049805 0.437500 0.048828
0 0.965820 0.587891 0.962891 0.587891 0.960938 0.590820 0.960938 0.598633 0.965820 0.593750
0 0.068359 0.560547 0.071289 0.563477 0.078125 0.563477 0.074219 0.559570
0 0.306641 0.664062 0.308594 0.666992 0.314453 0.667969 0.320312 0.665039 0.320312 0.662109 0.311523 0.661133
0 0.619141 0.593750 0.620117 0.601562 0.625000 0.603516 0.625000 0.597656
0 0.659180 0.115234 0.658203 0.124023 0.662109 0.125977 0.663086 0.116211
0 0.341797 0.906250 0.341797 0.909180 0.344727 0.910156 0.350586 0.908203 0.349609 0.905273
0 0.761719 0.630859 0.754883 0.630859 0.751953 0.637695 0.758789 0.635742
0 0.261719 0.301758 0.260742 0.308594 0.262695 0.313477 0.265625 0.314453 0.266602 0.306641 0.264648 0.301758
0 0.090820 0.794922 0.088867 0.794922 0.086914 0.799805 0.088867 0.807617 0.092773 0.802734
0 0.563477 0.096680 0.566406 0.102539 0.573242 0.102539 0.568359 0.096680
0 0.174805 0.648438 0.178711 0.653320 0.187500 0.652344 0.188477 0.650391 0.182617 0.647461
0 0.818359 0.868164 0.819336 0.875977 0.825195 0.879883 0.823242 0.870117
0 0.958984 0.670898 0.958984 0.673828 0.961914 0.675781 0.968750 0.674805 0.963867 0.670898
0 0.540039 0.394531 0.540039 0.403320 0.543945 0.407227 0.544922 0.399414
0 0.818359 0.699219 0.822266 0.706055 0.827148 0.707031 0.822266 0.699219
0 0.140625 0.726562 0.139648 0.732422 0.143555 0.737305 0.145508 0.732422 0.143555 0.727539
0 0.914062 0.708008 0.915039 0.710938 0.924805 0.708984 0.921875 0.706055
0 0.491211 0.825195 0.487305 0.826172 0.488281 0.834961 0.491211 0.832031
0 0.524414 0.152344 0.519531 0.154297 0.516602 0.159180 0.517578 0.161133 0.523438 0.158203
0 0.941406 0.189453 0.941406 0.192383 0.944336 0.193359 0.954102 0.191406 0.951172 0.188477
0 0.851562 0.157227 0.849609 0.155273 0.842773 0.157227 0.838867 0.164062 0.846680 0.163086
0 0.193359 0.176758 0.185547 0.178711 0.184570 0.182617 0.192383 0.180664
0 0.340820 0.242188 0.336914 0.243164 0.335938 0.250977 0.340820 0.246094
0 0.909180 0.949219 0.909180 0.955078 0.916992 0.958008 0.917969 0.955078 0.915039 0.951172
0 0.154297 0.186523 0.153320 0.191406 0.159180 0.197266 0.159180 0.188477
0 0.437500 0.227539 0.440430 0.235352 0.446289 0.237305 0.446289 0.231445 0.441406 0.227539
0 0.584961 0.850586 0.587891 0.858398 0.594727 0.858398 0.591797 0.852539
0 0.652344 0.431641 0.652344 0.442383 0.657227 0.444336 0.657227 0.435547
0 0.468750 0.614258 0.470703 0.618164 0.477539 0.617188 0.476562 0.614258
0 0.594727 0.949219 0.594727 0.954102 0.603516 0.959961 0.601562 0.952148
0 0.754883 0.167969 0.754883 0.171875 0.760742 0.175781 0.759766 0.169922
0 0.687500 0.299805 0.681641 0.302734 0.680664 0.308594 0.686523 0.306641
0 0.817383 0.720703 0.813477 0.724609 0.813477 0.729492 0.816406 0.729492 0.818359 0.726562
0 0.475586 0.202148 0.467773 0.205078 0.466797 0.212891 0.474609 0.208008
0 0.169922 0.376953 0.170898 0.381836 0.178711 0.383789 0.175781 0.377930
0 0.815430 0.945312 0.810547 0.944336 0.804688 0.950195 0.810547 0.950195
0 0.717773 0.400391 0.713867 0.404297 0.714844 0.411133 0.718750 0.406250
0 0.959961 0.276367 0.962891 0.285156 0.966797 0.286133 0.965820 0.278320
0 0.107422 0.687500 0.101562 0.688477 0.098633 0.692383 0.105469 0.692383
0 0.731445 0.831055 0.726562 0.831055 0.723633 0.837891 0.727539 0.836914
0 0.412109 0.122070 0.409180 0.120117 0.402344 0.126953 0.408203 0.126953
0 0.315430 0.863281 0.315430 0.868164 0.321289 0.871094 0.320312 0.866211
0 0.623047 0.486328 0.622070 0.497070 0.625000 0.498047 0.627930 0.491211 0.625977 0.486328
0 0.695312 0.184570 0.695312 0.189453 0.702148 0.193359 0.701172 0.186523
0 0.228516 0.812500 0.227539 0.819336 0.231445 0.825195 0.233398 0.817383
0 0.612305 0.178711 0.613281 0.184570 0.617188 0.186523 0.616211 0.180664
0 0.609375 0.682617 0.611328 0.685547 0.619141 0.684570 0.618164 0.680664
0 0.923828 0.102539 0.919922 0.107422 0.919922 0.112305 0.922852 0.112305 0.924805 0.109375