0 0.256836 0.021484 0.250977 0.023438 0.248047 0.029297 0.252930 0.029297
0 0.621094 0.831055 0.622070 0.837891 0.625977 0.839844 0.625977 0.833008
0 0.467773 0.481445 0.462891 0.484375 0.461914 0.491211 0.463867 0.493164 0.467773 0.488281
0 0.632812 0.370117 0.628906 0.371094 0.627930 0.376953 0.629883 0.379883 0.633789 0.374023
0 0.286133 0.460938 0.285156 0.469727 0.288086 0.474609 0.291016 0.471680 0.289062 0.461914
0 0.035156 0.539062 0.037109 0.548828 0.041992 0.550781 0.042969 0.546875 0.040039 0.541016
0 0.824219 0.815430 0.827148 0.822266 0.834961 0.824219 0.834961 0.821289 0.830078 0.816406
0 0.013672 0.311523 0.008789 0.314453 0.006836 0.318359 0.007812 0.323242 0.012695 0.321289
0 0.509766 0.382812 0.513672 0.390625 0.520508 0.390625 0.517578 0.384766
0 0.485352 0.956055 0.487305 0.961914 0.496094 0.962891 0.494141 0.958008
0 0.977539 0.081055 0.980469 0.087891 0.988281 0.089844 0.985352 0.083008
0 0.892578 0.534180 0.899414 0.538086 0.904297 0.535156 0.901367 0.531250
0 0.587891 0.236328 0.590820 0.242188 0.595703 0.243164 0.593750 0.237305
0 0.975586 0.833008 0.970703 0.835938 0.968750 0.842773 0.973633 0.841797
0 0.419922 0.398438 0.415039 0.401367 0.415039 0.409180 0.419922 0.405273
0 0.904297 0.366211 0.902344 0.373047 0.903320 0.376953 0.906250 0.377930 0.908203 0.368164
0 0.840820 0.363281 0.848633 0.367188 0.852539 0.366211 0.850586 0.362305
0 0.694336 0.752930 0.700195 0.758789 0.705078 0.759766 0.707031 0.757812 0.702148 0.752930
0 0.471680 0.415039 0.476562 0.418945 0.481445 0.417969 0.479492 0.414062
0 0.994141 0.125000 0.988281 0.126953 0.986328 0.132812 0.992188 0.130859
0 0.538086 0.875000 0.546875 0.875977 0.550781 0.873047 0.550781 0.870117 0.541992 0.870117
0 0.861328 0.663086 0.860352 0.667969 0.862305 0.673828 0.864258 0.673828 0.865234 0.665039
0 0.978516 0.452148 0.976562 0.454102 0.976562 0.460938 0.980469 0.465820 0.982422 0.455078
0 0.443359 0.904297 0.438477 0.906250 0.438477 0.915039 0.443359 0.911133
0 0.906250 0.886719 0.902344 0.887695 0.901367 0.896484 0.905273 0.894531
0 0.511719 0.220703 0.511719 0.223633 0.514648 0.225586 0.524414 0.224609 0.524414 0.221680 0.520508 0.219727
0 0.057617 0.403320 0.053711 0.407227 0.053711 0.412109 0.058594 0.409180
0 0.289062 0.563477 0.284180 0.564453 0.282227 0.573242 0.288086 0.569336
0 0.273438 0.433594 0.269531 0.436523 0.270508 0.446289 0.274414 0.442383
0 0.762695 0.039062 0.762695 0.041992 0.765625 0.043945 0.773438 0.041992 0.773438 0.040039 0.768555 0.038086