0 0.472656 0.925781 0.472656 0.928711 0.477539 0.932617 0.485352 0.933594 0.488281 0.931641 0.484375 0.926758
0 0.359375 0.743164 0.351562 0.742188 0.346680 0.746094 0.346680 0.749023 0.356445 0.748047
0 0.940430 0.555664 0.942383 0.565430 0.946289 0.566406 0.946289 0.559570
0 0.073242 0.558594 0.077148 0.564453 0.083984 0.564453 0.083008 0.560547
0 0.199219 0.270508 0.200195 0.275391 0.207031 0.278320 0.207031 0.274414
0 0.031250 0.162109 0.026367 0.161133 0.020508 0.168945 0.027344 0.167969
0 0.544922 0.752930 0.544922 0.755859 0.549805 0.757812 0.557617 0.756836 0.557617 0.753906 0.554688 0.751953
0 0.323242 0.954102 0.317383 0.958008 0.316406 0.967773 0.322266 0.962891
0 0.460938 0.016602 0.456055 0.016602 0.453125 0.023438 0.458984 0.021484
0 0.516602 0.017578 0.517578 0.023438 0.525391 0.027344 0.526367 0.025391 0.523438 0.020508
0 0.197266 0.794922 0.198242 0.799805 0.204102 0.801758 0.204102 0.797852
0 0.925781 0.149414 0.927734 0.153320 0.934570 0.154297 0.931641 0.149414
0 0.593750 0.820312 0.593750 0.822266 0.598633 0.824219 0.607422 0.824219 0.607422 0.821289 0.601562 0.818359
0 0.659180 0.918945 0.655273 0.918945 0.652344 0.921875 0.652344 0.927734 0.657227 0.924805
0 0.132812 0.303711 0.136719 0.309570 0.143555 0.309570 0.140625 0.304688
0 0.396484 0.868164 0.396484 0.875000 0.402344 0.880859 0.404297 0.878906 0.403320 0.873047
0 0.802734 0.134766 0.797852 0.135742 0.796875 0.141602 0.801758 0.138672
0 0.601562 0.212891 0.596680 0.214844 0.595703 0.223633 0.600586 0.220703
0 0.056641 0.778320 0.058594 0.782227 0.067383 0.780273 0.065430 0.777344
0 0.550781 0.473633 0.551758 0.479492 0.555664 0.483398 0.559570 0.483398 0.558594 0.477539
0 0.447266 0.132812 0.438477 0.135742 0.436523 0.141602 0.443359 0.140625
0 0.529297 0.905273 0.533203 0.912109 0.539062 0.913086 0.539062 0.909180 0.536133 0.906250
0 0.336914 0.918945 0.336914 0.926758 0.340820 0.928711 0.340820 0.919922
0 0.549805 0.083984 0.543945 0.084961 0.541992 0.089844 0.547852 0.088867
0 0.822266 0.711914 0.825195 0.715820 0.834961 0.713867 0.828125 0.709961
0 0.558594 0.212891 0.557617 0.220703 0.561523 0.222656 0.562500 0.216797
0 0.598633 0.162109 0.598633 0.165039 0.602539 0.166992 0.611328 0.165039 0.604492 0.161133
0 0.825195 0.440430 0.819336 0.444336 0.818359 0.454102 0.824219 0.449219
0 0.184570 0.345703 0.180664 0.348633 0.177734 0.355469 0.183594 0.354492 0.185547 0.351562
0 0.920898 0.972656 0.924805 0.980469 0.930664 0.981445 0.926758 0.974609
0 0.520508 0.301758 0.512695 0.303711 0.510742 0.307617 0.519531 0.306641
0 0.760742 0.860352 0.756836 0.863281 0.756836 0.872070 0.760742 0.870117
0 0.366211 0.686523 0.362305 0.690430 0.363281 0.696289 0.366211 0.695312
0 0.332031 0.055664 0.333008 0.062500 0.336914 0.063477 0.335938 0.057617
0 0.195312 0.315430 0.188477 0.315430 0.185547 0.321289 0.193359 0.319336