0 0.325195 0.884766 0.321289 0.886719 0.321289 0.894531 0.325195 0.890625
0 0.738281 0.380859 0.741211 0.388672 0.747070 0.389648 0.746094 0.383789
0 0.417969 0.528320 0.413086 0.527344 0.407227 0.535156 0.414062 0.534180
0 0.152344 0.080078 0.152344 0.088867 0.156250 0.090820 0.156250 0.082031
0 0.750000 0.212891 0.758789 0.213867 0.762695 0.209961 0.754883 0.208008
0 0.077148 0.327148 0.073242 0.329102 0.073242 0.335938 0.078125 0.332031
0 0.769531 0.144531 0.763672 0.143555 0.759766 0.148438 0.766602 0.148438
0 0.899414 0.910156 0.895508 0.911133 0.895508 0.919922 0.899414 0.916992
0 0.867188 0.288086 0.863281 0.292969 0.865234 0.301758 0.868164 0.300781 0.870117 0.294922
0 0.347656 0.414062 0.347656 0.418945 0.352539 0.422852 0.352539 0.416992 0.350586 0.414062
0 0.604492 0.868164 0.607422 0.874023 0.613281 0.875000 0.609375 0.868164
0 0.497070 0.154297 0.500000 0.157227 0.508789 0.155273 0.509766 0.152344 0.500000 0.151367
0 0.437500 0.789062 0.444336 0.791016 0.450195 0.789062 0.451172 0.786133 0.442383 0.784180
0 0.893555 0.765625 0.892578 0.772461 0.894531 0.776367 0.900391 0.778320 0.898438 0.768555
0 0.450195 0.715820 0.449219 0.720703 0.454102 0.727539 0.454102 0.717773
0 0.692383 0.189453 0.695312 0.193359 0.703125 0.191406 0.700195 0.188477
0 0.293945 0.875977 0.290039 0.877930 0.290039 0.885742 0.293945 0.882812
0 0.458984 0.222656 0.459961 0.228516 0.465820 0.230469 0.464844 0.225586
0 0.484375 0.328125 0.485352 0.330078 0.493164 0.329102 0.492188 0.326172
0 0.236328 0.869141 0.237305 0.876953 0.244141 0.878906 0.243164 0.874023
0 0.796875 0.713867 0.798828 0.720703 0.804688 0.723633 0.804688 0.718750
0 0.235352 0.095703 0.236328 0.099609 0.241211 0.101562 0.241211 0.098633
0 0.528320 0.193359 0.529297 0.197266 0.538086 0.198242 0.536133 0.194336
0 0.969727 0.647461 0.964844 0.651367 0.964844 0.660156 0.966797 0.660156 0.970703 0.653320
0 0.811523 0.796875 0.813477 0.801758 0.818359 0.804688 0.820312 0.803711 0.817383 0.797852
0 0.435547 0.875000 0.427734 0.879883 0.428711 0.883789 0.435547 0.879883
0 0.024414 0.238281 0.027344 0.244141 0.033203 0.245117 0.031250 0.239258
0 0.089844 0.474609 0.088867 0.477539 0.091797 0.484375 0.096680 0.486328 0.095703 0.478516
0 0.165039 0.548828 0.161133 0.547852 0.154297 0.553711 0.162109 0.553711 0.165039 0.551758
0 0.122070 0.389648 0.116211 0.395508 0.116211 0.402344 0.121094 0.401367 0.123047 0.397461
0 0.744141 0.263672 0.738281 0.267578 0.738281 0.271484 0.743164 0.269531
0 0.706055 0.564453 0.706055 0.569336 0.710938 0.574219 0.710938 0.567383 0.708984 0.564453
0 0.106445 0.282227 0.107422 0.284180 0.117188 0.283203 0.116211 0.280273 0.108398 0.280273
0 0.083984 0.178711 0.090820 0.183594 0.096680 0.182617 0.096680 0.179688 0.091797 0.176758
0 0.965820 0.849609 0.958984 0.853516 0.958008 0.861328 0.960938 0.862305 0.963867 0.859375
0 0.682617 0.484375 0.676758 0.483398 0.670898 0.488281 0.677734 0.489258 0.682617 0.487305