0 0.717773 0.625977 0.716797 0.631836 0.719727 0.636719 0.721680 0.628906
0 0.452148 0.145508 0.452148 0.154297 0.455078 0.158203 0.460938 0.159180 0.459961 0.152344
0 0.342773 0.179688 0.344727 0.184570 0.353516 0.184570 0.348633 0.179688
0 0.318359 0.773438 0.320312 0.777344 0.327148 0.779297 0.326172 0.774414
0 0.737305 0.587891 0.741211 0.592773 0.748047 0.591797 0.746094 0.587891
0 0.469727 0.948242 0.462891 0.949219 0.460938 0.954102 0.467773 0.953125
0 0.883789 0.860352 0.884766 0.871094 0.888672 0.873047 0.888672 0.863281
0 0.168945 0.451172 0.173828 0.455078 0.178711 0.454102 0.174805 0.450195
0 0.487305 0.106445 0.486328 0.113281 0.490234 0.119141 0.492188 0.110352 0.490234 0.106445
0 0.252930 0.518555 0.255859 0.522461 0.264648 0.522461 0.258789 0.516602 0.253906 0.516602
0 0.057617 0.079102 0.058594 0.082031 0.068359 0.081055 0.067383 0.077148
0 0.616211 0.833008 0.619141 0.835938 0.628906 0.834961 0.626953 0.831055
0 0.750000 0.558594 0.744141 0.559570 0.742188 0.564453 0.748047 0.562500
0 0.731445 0.154297 0.726562 0.156250 0.725586 0.164062 0.730469 0.161133
0 0.951172 0.221680 0.948242 0.225586 0.949219 0.232422 0.953125 0.229492
0 0.676758 0.733398 0.680664 0.736328 0.687500 0.736328 0.682617 0.731445 0.677734 0.731445
0 0.947266 0.952148 0.944336 0.953125 0.944336 0.960938 0.947266 0.959961
0 0.638672 0.323242 0.632812 0.326172 0.631836 0.333984 0.637695 0.332031
0 0.953125 0.011719 0.943359 0.011719 0.940430 0.016602 0.949219 0.016602
0 0.215820 0.929688 0.214844 0.936523 0.218750 0.942383 0.220703 0.933594 0.218750 0.929688
0 0.580078 0.880859 0.583008 0.884766 0.589844 0.884766 0.585938 0.879883 0.582031 0.878906
0 0.919922 0.087891 0.914062 0.088867 0.912109 0.093750 0.917969 0.092773
0 0.253906 0.597656 0.250000 0.598633 0.250000 0.609375 0.253906 0.606445
0 0.244141 0.333984 0.247070 0.338867 0.255859 0.339844 0.251953 0.333984
0 0.091797 0.185547 0.087891 0.184570 0.082031 0.188477 0.084961 0.190430
0 0.476562 0.704102 0.468750 0.704102 0.466797 0.708008 0.473633 0.708008
0 0.831055 0.666992 0.832031 0.675781 0.835938 0.677734 0.836914 0.671875 0.833984 0.666992
0 0.699219 0.235352 0.700195 0.239258 0.707031 0.241211 0.705078 0.236328
0 0.652344 0.037109 0.659180 0.038086 0.664062 0.033203 0.655273 0.032227 0.652344 0.034180
0 0.821289 0.486328 0.824219 0.492188 0.831055 0.493164 0.828125 0.487305
0 0.232422 0.798828 0.234375 0.801758 0.242188 0.801758 0.240234 0.797852
0 0.183594 0.870117 0.181641 0.878906 0.185547 0.881836 0.186523 0.872070
0 0.747070 0.119141 0.752930 0.122070 0.757812 0.121094 0.756836 0.118164 0.751953 0.116211
0 0.354492 0.787109 0.358398 0.792969 0.362305 0.792969 0.360352 0.788086
0 0.602539 0.197266 0.601562 0.205078 0.604492 0.206055 0.605469 0.198242
0 0.329102 0.833984 0.333008 0.836914 0.342773 0.834961 0.340820 0.831055 0.333984 0.831055
0 0.318359 0.421875 0.321289 0.429688 0.329102 0.430664 0.324219 0.422852
0 0.568359 0.010742 0.564453 0.012695 0.562500 0.019531 0.568359 0.016602
0 0.271484 0.573242 0.265625 0.576172 0.264648 0.584961 0.269531 0.582031
0 0.127930 0.895508 0.127930 0.904297 0.131836 0.906250 0.132812 0.899414
0 0.051758 0.431641 0.046875 0.434570 0.045898 0.440430 0.051758 0.436523