0 0.686523 0.397461 0.677734 0.399414 0.675781 0.404297 0.681641 0.404297 0.686523 0.400391
0 0.856445 0.962891 0.855469 0.970703 0.858398 0.973633 0.860352 0.963867
0 0.690430 0.081055 0.691406 0.090820 0.697266 0.094727 0.697266 0.084961
0 0.502930 0.890625 0.502930 0.893555 0.505859 0.895508 0.513672 0.893555 0.513672 0.891602 0.508789 0.889648
0 0.374023 0.599609 0.370117 0.600586 0.369141 0.608398 0.373047 0.606445
0 0.240234 0.608398 0.242188 0.611328 0.250977 0.612305 0.246094 0.607422
0 0.171875 0.775391 0.173828 0.779297 0.181641 0.781250 0.177734 0.775391
0 0.011719 0.876953 0.006836 0.879883 0.005859 0.885742 0.011719 0.881836
0 0.320312 0.305664 0.320312 0.308594 0.323242 0.310547 0.333008 0.308594 0.328125 0.304688
0 0.276367 0.728516 0.279297 0.732422 0.288086 0.729492 0.281250 0.726562
0 0.111328 0.259766 0.104492 0.258789 0.099609 0.261719 0.099609 0.264648 0.107422 0.264648
0 0.767578 0.364258 0.768555 0.371094 0.773438 0.374023 0.772461 0.366211
0 0.042969 0.656250 0.042969 0.659180 0.052734 0.658203 0.052734 0.655273
0 0.375977 0.128906 0.371094 0.135742 0.374023 0.144531 0.376953 0.139648
0 0.311523 0.975586 0.306641 0.980469 0.307617 0.989258 0.310547 0.989258 0.313477 0.983398
0 0.931641 0.258789 0.936523 0.263672 0.944336 0.262695 0.937500 0.257812
0 0.484375 0.583984 0.475586 0.583984 0.472656 0.588867 0.481445 0.587891
0 0.288086 0.767578 0.290039 0.773438 0.295898 0.775391 0.294922 0.770508
0 0.188477 0.494141 0.185547 0.494141 0.183594 0.497070 0.184570 0.502930 0.188477 0.498047
0 0.307617 0.150391 0.298828 0.150391 0.296875 0.153320 0.297852 0.155273 0.303711 0.155273
0 0.749023 0.849609 0.745117 0.847656 0.741211 0.848633 0.740234 0.851562 0.747070 0.852539
0 0.250977 0.257812 0.250977 0.265625 0.255859 0.268555 0.256836 0.263672
0 0.163086 0.313477 0.166016 0.318359 0.172852 0.319336 0.170898 0.314453
0 0.026367 0.936523 0.023438 0.936523 0.021484 0.946289 0.024414 0.946289 0.026367 0.943359
0 0.939453 0.147461 0.934570 0.151367 0.935547 0.159180 0.939453 0.153320
0 0.932617 0.567383 0.928711 0.565430 0.922852 0.567383 0.922852 0.569336 0.927734 0.570312
0 0.666992 0.850586 0.668945 0.857422 0.674805 0.859375 0.673828 0.853516
0 0.329102 0.241211 0.322266 0.243164 0.319336 0.248047 0.325195 0.248047
0 0.252930 0.931641 0.247070 0.933594 0.245117 0.938477 0.249023 0.938477