0 0.511719 0.726562 0.508789 0.727539 0.508789 0.735352 0.511719 0.733398
0 0.726562 0.841797 0.726562 0.847656 0.733398 0.851562 0.732422 0.843750
0 0.156250 0.870117 0.156250 0.873047 0.160156 0.875000 0.166992 0.874023 0.165039 0.870117
0 0.376953 0.837891 0.378906 0.845703 0.383789 0.848633 0.383789 0.841797
0 0.774414 0.236328 0.770508 0.240234 0.771484 0.247070 0.775391 0.243164
0 0.524414 0.025391 0.522461 0.031250 0.525391 0.038086 0.528320 0.038086 0.528320 0.029297
0 0.146484 0.598633 0.147461 0.601562 0.155273 0.599609 0.153320 0.596680
0 0.782227 0.409180 0.786133 0.415039 0.792969 0.415039 0.791016 0.411133
0 0.835938 0.280273 0.834961 0.289062 0.837891 0.291016 0.839844 0.282227
0 0.595703 0.725586 0.592773 0.726562 0.591797 0.732422 0.593750 0.738281 0.597656 0.740234 0.599609 0.735352
0 0.960938 0.833984 0.959961 0.842773 0.961914 0.843750 0.963867 0.836914
0 0.143555 0.979492 0.147461 0.982422 0.154297 0.981445 0.154297 0.979492 0.149414 0.977539
0 0.553711 0.078125 0.556641 0.083008 0.562500 0.083984 0.560547 0.079102
0 0.641602 0.412109 0.643555 0.416016 0.651367 0.416992 0.648438 0.412109
0 0.532227 0.238281 0.523438 0.238281 0.519531 0.243164 0.528320 0.243164
0 0.317383 0.740234 0.313477 0.743164 0.315430 0.750977 0.318359 0.748047
0 0.379883 0.816406 0.380859 0.822266 0.383789 0.823242 0.383789 0.818359
0 0.016602 0.863281 0.012695 0.865234 0.012695 0.873047 0.016602 0.870117
0 0.009766 0.077148 0.010742 0.086914 0.013672 0.087891 0.014648 0.079102
0 0.632812 0.757812 0.638672 0.758789 0.643555 0.756836 0.644531 0.753906 0.637695 0.752930 0.632812 0.754883
0 0.020508 0.041992 0.019531 0.050781 0.022461 0.054688 0.024414 0.043945
0 0.229492 0.686523 0.232422 0.693359 0.238281 0.695312 0.237305 0.690430
0 0.106445 0.229492 0.100586 0.233398 0.099609 0.239258 0.105469 0.237305
0 0.732422 0.589844 0.732422 0.592773 0.739258 0.593750 0.742188 0.591797 0.741211 0.588867
0 0.749023 0.659180 0.750000 0.667969 0.754883 0.669922 0.753906 0.661133
0 0.688477 0.938477 0.687500 0.942383 0.694336 0.947266 0.694336 0.942383
0 0.079102 0.376953 0.075195 0.378906 0.077148 0.387695 0.080078 0.383789
0 0.041016 0.301758 0.035156 0.303711 0.032227 0.315430 0.039062 0.311523
0 0.778320 0.022461 0.778320 0.025391 0.782227 0.028320 0.791016 0.027344 0.786133 0.022461
0 0.465820 0.771484 0.460938 0.774414 0.459961 0.779297 0.464844 0.777344
0 0.897461 0.778320 0.896484 0.783203 0.900391 0.789062 0.902344 0.784180 0.900391 0.779297
0 0.880859 0.869141 0.874023 0.870117 0.871094 0.875000 0.877930 0.874023
0 0.897461 0.440430 0.892578 0.442383 0.891602 0.448242 0.896484 0.446289
0 0.113281 0.706055 0.105469 0.707031 0.102539 0.712891 0.107422 0.712891
0 0.956055 0.433594 0.957031 0.439453 0.963867 0.443359 0.961914 0.435547
0 0.227539 0.039062 0.232422 0.042969 0.239258 0.041992 0.239258 0.039062 0.234375 0.037109
0 0.246094 0.491211 0.239258 0.495117 0.239258 0.500977 0.245117 0.497070
0 0.523438 0.803711 0.519531 0.804688 0.517578 0.811523 0.522461 0.809570
0 0.674805 0.482422 0.674805 0.485352 0.677734 0.486328 0.687500 0.485352 0.684570 0.481445
0 0.136719 0.182617 0.131836 0.183594 0.130859 0.192383 0.134766 0.190430
0 0.202148 0.471680 0.200195 0.474609 0.207031 0.481445 0.208008 0.477539
0 0.568359 0.091797 0.568359 0.097656 0.573242 0.102539 0.573242 0.094727 0.571289 0.091797
0 0.788086 0.082031 0.778320 0.083984 0.778320 0.087891 0.786133 0.086914
0 0.942383 0.282227 0.938477 0.283203 0.937500 0.291016 0.940430 0.291016
0 0.577148 0.804688 0.572266 0.806641 0.570312 0.815430 0.576172 0.812500
0 0.495117 0.780273 0.495117 0.786133 0.500977 0.791992 0.500000 0.782227
0 0.876953 0.543945 0.876953 0.549805 0.882812 0.552734 0.881836 0.546875
0 0.769531 0.932617 0.766602 0.935547 0.767578 0.945312 0.770508 0.944336 0.771484 0.933594
0 0.243164 0.739258 0.238281 0.741211 0.237305 0.747070 0.243164 0.743164