0 0.182617 0.571289 0.184570 0.580078 0.189453 0.583008 0.189453 0.575195
0 0.078125 0.282227 0.081055 0.286133 0.089844 0.285156 0.089844 0.283203 0.083008 0.280273
0 0.618164 0.741211 0.619141 0.748047 0.625977 0.751953 0.624023 0.743164 0.620117 0.740234
0 0.248047 0.323242 0.244141 0.326172 0.243164 0.331055 0.245117 0.334961 0.249023 0.330078
0 0.682617 0.419922 0.681641 0.425781 0.684570 0.428711 0.686523 0.421875
0 0.412109 0.714844 0.411133 0.720703 0.415039 0.724609 0.416992 0.717773
0 0.230469 0.384766 0.231445 0.391602 0.235352 0.392578 0.234375 0.386719
0 0.427734 0.443359 0.430664 0.447266 0.438477 0.446289 0.434570 0.442383
0 0.974609 0.172852 0.979492 0.173828 0.984375 0.169922 0.978516 0.168945
0 0.872070 0.945312 0.875000 0.948242 0.883789 0.946289 0.882812 0.943359 0.873047 0.943359
0 0.337891 0.306641 0.331055 0.305664 0.325195 0.310547 0.333008 0.311523
0 0.296875 0.893555 0.297852 0.899414 0.302734 0.902344 0.301758 0.893555
0 0.406250 0.474609 0.405273 0.484375 0.409180 0.485352 0.410156 0.477539
0 0.537109 0.555664 0.542969 0.559570 0.550781 0.557617 0.545898 0.552734
0 0.279297 0.884766 0.282227 0.891602 0.290039 0.893555 0.290039 0.889648 0.286133 0.885742
0 0.166016 0.546875 0.167969 0.550781 0.173828 0.551758 0.171875 0.546875
0 0.733398 0.165039 0.727539 0.166016 0.724609 0.170898 0.731445 0.169922
0 0.097656 0.187500 0.091797 0.191406 0.091797 0.195312 0.096680 0.193359
0 0.476562 0.344727 0.477539 0.353516 0.481445 0.355469 0.482422 0.348633 0.479492 0.344727
0 0.117188 0.662109 0.117188 0.667969 0.123047 0.672852 0.122070 0.664062
0 0.161133 0.372070 0.152344 0.372070 0.147461 0.376953 0.155273 0.377930
0 0.717773 0.494141 0.716797 0.501953 0.718750 0.504883 0.721680 0.504883 0.722656 0.499023
0 0.767578 0.334961 0.772461 0.335938 0.777344 0.332031 0.769531 0.331055
0 0.721680 0.841797 0.712891 0.846680 0.712891 0.852539 0.720703 0.847656
0 0.196289 0.883789 0.190430 0.883789 0.187500 0.891602 0.193359 0.889648
0 0.628906 0.340820 0.630859 0.348633 0.636719 0.350586 0.635742 0.343750
0 0.458008 0.372070 0.463867 0.376953 0.469727 0.376953 0.465820 0.371094
0 0.840820 0.836914 0.839844 0.842773 0.843750 0.846680 0.845703 0.839844 0.843750 0.836914
0 0.031250 0.116211 0.031250 0.120117 0.038086 0.124023 0.038086 0.120117
0 0.373047 0.880859 0.375000 0.883789 0.384766 0.881836 0.383789 0.878906
0 0.041016 0.977539 0.044922 0.983398 0.050781 0.984375 0.048828 0.978516 0.045898 0.976562
0 0.661133 0.083008 0.656250 0.084961 0.654297 0.092773 0.660156 0.089844
0 0.296875 0.383789 0.291992 0.384766 0.290039 0.393555 0.294922 0.391602
0 0.652344 0.159180 0.645508 0.159180 0.641602 0.164062 0.649414 0.164062 0.652344 0.162109
0 0.225586 0.581055 0.223633 0.579102 0.218750 0.580078 0.214844 0.584961 0.222656 0.583984
0 0.086914 0.970703 0.089844 0.973633 0.097656 0.972656 0.095703 0.969727
0 0.341797 0.652344 0.334961 0.653320 0.333008 0.659180 0.339844 0.657227
0 0.032227 0.037109 0.033203 0.044922 0.038086 0.046875 0.036133 0.039062
0 0.776367 0.392578 0.768555 0.395508 0.767578 0.401367 0.773438 0.400391
0 0.348633 0.762695 0.348633 0.767578 0.355469 0.771484 0.354492 0.765625
0 0.663086 0.574219 0.661133 0.582031 0.664062 0.587891 0.666992 0.587891 0.667969 0.580078
0 0.422852 0.955078 0.424805 0.961914 0.429688 0.964844 0.428711 0.957031
0 0.086914 0.500977 0.081055 0.503906 0.080078 0.510742 0.085938 0.506836