0 0.208984 0.444336 0.202148 0.445312 0.198242 0.452148 0.206055 0.451172
0 0.252930 0.588867 0.249023 0.590820 0.248047 0.597656 0.251953 0.596680
0 0.516602 0.565430 0.515625 0.573242 0.519531 0.577148 0.520508 0.568359
0 0.021484 0.339844 0.022461 0.342773 0.030273 0.341797 0.027344 0.338867
0 0.683594 0.553711 0.682617 0.559570 0.685547 0.564453 0.687500 0.556641
0 0.208984 0.541992 0.209961 0.547852 0.215820 0.551758 0.214844 0.544922
0 0.941406 0.850586 0.935547 0.856445 0.936523 0.862305 0.941406 0.859375
0 0.923828 0.240234 0.922852 0.249023 0.925781 0.250977 0.927734 0.243164 0.926758 0.240234
0 0.258789 0.551758 0.252930 0.551758 0.246094 0.557617 0.253906 0.558594 0.258789 0.554688
0 0.056641 0.570312 0.058594 0.576172 0.062500 0.578125 0.061523 0.571289
0 0.731445 0.250977 0.735352 0.255859 0.741211 0.256836 0.739258 0.251953
0 0.124023 0.277344 0.119141 0.279297 0.118164 0.286133 0.124023 0.282227
0 0.459961 0.166992 0.457031 0.168945 0.457031 0.174805 0.460938 0.171875
0 0.916016 0.655273 0.913086 0.656250 0.911133 0.664062 0.916016 0.661133
0 0.307617 0.315430 0.308594 0.322266 0.316406 0.325195 0.314453 0.318359
0 0.797852 0.608398 0.799805 0.611328 0.806641 0.611328 0.803711 0.607422
0 0.310547 0.494141 0.306641 0.497070 0.307617 0.503906 0.312500 0.499023
0 0.974609 0.376953 0.974609 0.381836 0.982422 0.385742 0.981445 0.380859
0 0.019531 0.550781 0.016602 0.553711 0.017578 0.559570 0.021484 0.554688
0 0.965820 0.105469 0.970703 0.106445 0.974609 0.101562 0.968750 0.101562
0 0.833984 0.058594 0.828125 0.058594 0.825195 0.064453 0.831055 0.063477
0 0.911133 0.810547 0.915039 0.814453 0.921875 0.813477 0.916992 0.808594
0 0.404297 0.128906 0.409180 0.129883 0.415039 0.124023 0.408203 0.124023
0 0.714844 0.210938 0.714844 0.214844 0.717773 0.216797 0.726562 0.216797 0.725586 0.212891
0 0.577148 0.287109 0.579102 0.291016 0.588867 0.291016 0.588867 0.288086
0 0.623047 0.480469 0.625000 0.485352 0.630859 0.487305 0.627930 0.480469
0 0.661133 0.444336 0.662109 0.449219 0.666992 0.452148 0.666992 0.447266
0 0.695312 0.190430 0.690430 0.191406 0.688477 0.198242 0.694336 0.195312
0 0.620117 0.264648 0.619141 0.271484 0.622070 0.275391 0.625000 0.275391 0.625000 0.269531
0 0.500000 0.169922 0.497070 0.171875 0.497070 0.179688 0.500977 0.175781
0 0.845703 0.275391 0.845703 0.281250 0.848633 0.284180 0.850586 0.280273
0 0.124023 0.975586 0.131836 0.975586 0.136719 0.971680 0.127930 0.970703