0 0.414062 0.265625 0.409180 0.271484 0.410156 0.274414 0.415039 0.269531
0 0.841797 0.244141 0.842773 0.250977 0.848633 0.252930 0.846680 0.247070
0 0.545898 0.868164 0.541016 0.872070 0.541016 0.878906 0.545898 0.876953
0 0.248047 0.023438 0.250977 0.026367 0.257812 0.025391 0.254883 0.022461
0 0.830078 0.643555 0.831055 0.649414 0.835938 0.652344 0.833984 0.643555
0 0.067383 0.374023 0.062500 0.376953 0.061523 0.383789 0.065430 0.382812
0 0.197266 0.071289 0.194336 0.071289 0.192383 0.074219 0.193359 0.081055 0.196289 0.078125
0 0.044922 0.768555 0.047852 0.773438 0.054688 0.774414 0.052734 0.769531
0 0.566406 0.569336 0.566406 0.572266 0.570312 0.574219 0.579102 0.572266 0.574219 0.568359
0 0.511719 0.629883 0.506836 0.632812 0.504883 0.640625 0.507812 0.640625 0.512695 0.634766
0 0.094727 0.896484 0.094727 0.900391 0.097656 0.903320 0.107422 0.904297 0.108398 0.901367 0.105469 0.898438
0 0.780273 0.673828 0.782227 0.682617 0.786133 0.684570 0.785156 0.675781
0 0.649414 0.284180 0.650391 0.291992 0.654297 0.292969 0.653320 0.285156
0 0.712891 0.495117 0.712891 0.502930 0.717773 0.504883 0.717773 0.499023 0.715820 0.495117
0 0.680664 0.421875 0.675781 0.421875 0.670898 0.426758 0.676758 0.427734 0.680664 0.424805
0 0.666992 0.796875 0.667969 0.803711 0.676758 0.807617 0.675781 0.801758
0 0.064453 0.733398 0.064453 0.737305 0.070312 0.742188 0.070312 0.736328
0 0.563477 0.683594 0.558594 0.685547 0.556641 0.692383 0.563477 0.688477
0 0.571289 0.183594 0.573242 0.192383 0.576172 0.192383 0.576172 0.185547
0 0.614258 0.184570 0.617188 0.187500 0.625000 0.185547 0.623047 0.182617
0 0.463867 0.628906 0.458984 0.628906 0.454102 0.633789 0.459961 0.633789
0 0.665039 0.614258 0.657227 0.615234 0.653320 0.622070 0.663086 0.620117
0 0.330078 0.359375 0.334961 0.360352 0.339844 0.356445 0.332031 0.355469
0 0.411133 0.003906 0.407227 0.005859 0.406250 0.012695 0.409180 0.012695 0.412109 0.008789
0 0.873047 0.337891 0.869141 0.337891 0.863281 0.342773 0.872070 0.341797
0 0.247070 0.836914 0.250977 0.841797 0.256836 0.840820 0.252930 0.836914
0 0.643555 0.080078 0.647461 0.084961 0.654297 0.084961 0.649414 0.079102 0.645508 0.078125
0 0.921875 0.536133 0.916016 0.537109 0.914062 0.542969 0.918945 0.541992
0 0.567383 0.078125 0.559570 0.079102 0.556641 0.083984 0.563477 0.083984
0 0.096680 0.233398 0.097656 0.243164 0.102539 0.247070 0.102539 0.238281
0 0.079102 0.116211 0.079102 0.120117 0.083008 0.124023 0.086914 0.125000 0.088867 0.123047 0.086914 0.119141
0 0.113281 0.878906 0.108398 0.880859 0.106445 0.884766 0.107422 0.889648 0.111328 0.887695
0 0.660156 0.871094 0.652344 0.871094 0.649414 0.873047 0.649414 0.876953 0.655273 0.876953
0 0.915039 0.699219 0.919922 0.705078 0.923828 0.706055 0.925781 0.704102 0.920898 0.699219