0 0.003906 0.064453 0.006836 0.068359 0.012695 0.069336 0.010742 0.064453
0 0.493164 0.783203 0.497070 0.788086 0.501953 0.787109 0.500000 0.783203
0 0.193359 0.216797 0.194336 0.221680 0.200195 0.225586 0.198242 0.217773
0 0.160156 0.559570 0.164062 0.566406 0.168945 0.567383 0.167969 0.561523
0 0.481445 0.046875 0.485352 0.052734 0.491211 0.053711 0.488281 0.047852
0 0.638672 0.294922 0.634766 0.297852 0.633789 0.304688 0.637695 0.302734
0 0.352539 0.659180 0.352539 0.662109 0.359375 0.666992 0.360352 0.663086
0 0.533203 0.732422 0.528320 0.731445 0.523438 0.736328 0.530273 0.737305
0 0.570312 0.400391 0.569336 0.404297 0.575195 0.410156 0.575195 0.401367
0 0.574219 0.071289 0.579102 0.075195 0.583984 0.074219 0.579102 0.069336
0 0.758789 0.257812 0.757812 0.266602 0.760742 0.268555 0.762695 0.258789
0 0.607422 0.875000 0.603516 0.876953 0.602539 0.884766 0.607422 0.881836
0 0.560547 0.626953 0.553711 0.630859 0.553711 0.637695 0.559570 0.634766
0 0.819336 0.205078 0.819336 0.207031 0.824219 0.208984 0.831055 0.208008 0.828125 0.204102
0 0.356445 0.459961 0.357422 0.465820 0.362305 0.469727 0.364258 0.467773 0.362305 0.462891
0 0.798828 0.567383 0.800781 0.571289 0.807617 0.570312 0.806641 0.567383
0 0.557617 0.704102 0.561523 0.708008 0.569336 0.706055 0.569336 0.704102 0.564453 0.702148
0 0.826172 0.489258 0.828125 0.491211 0.834961 0.490234 0.833984 0.487305
0 0.461914 0.594727 0.458984 0.597656 0.459961 0.605469 0.463867 0.601562
0 0.532227 0.189453 0.536133 0.196289 0.541992 0.197266 0.540039 0.191406
0 0.677734 0.899414 0.674805 0.900391 0.672852 0.907227 0.677734 0.905273
0 0.682617 0.251953 0.684570 0.257812 0.689453 0.259766 0.688477 0.253906
0 0.933594 0.360352 0.924805 0.362305 0.922852 0.367188 0.929688 0.367188
0 0.244141 0.974609 0.240234 0.975586 0.238281 0.983398 0.244141 0.978516
0 0.012695 0.892578 0.008789 0.893555 0.007812 0.902344 0.011719 0.900391
0 0.665039 0.814453 0.665039 0.817383 0.668945 0.820312 0.674805 0.821289 0.672852 0.815430
0 0.339844 0.017578 0.336914 0.019531 0.338867 0.029297 0.340820 0.024414
0 0.324219 0.346680 0.329102 0.351562 0.333984 0.349609 0.331055 0.345703
0 0.645508 0.913086 0.641602 0.915039 0.642578 0.924805 0.646484 0.918945
0 0.369141 0.964844 0.372070 0.967773 0.380859 0.966797 0.379883 0.962891
0 0.078125 0.709961 0.078125 0.716797 0.083008 0.720703 0.083008 0.713867 0.081055 0.709961
0 0.282227 0.297852 0.282227 0.299805 0.290039 0.299805 0.291992 0.295898
0 0.804688 0.876953 0.798828 0.876953 0.795898 0.883789 0.802734 0.881836
0 0.398438 0.141602 0.399414 0.144531 0.403320 0.145508 0.410156 0.143555 0.407227 0.139648
0 0.505859 0.530273 0.500977 0.535156 0.501953 0.539062 0.505859 0.536133
0 0.027344 0.578125 0.023438 0.578125 0.020508 0.581055 0.018555 0.588867 0.023438 0.587891 0.027344 0.583984
0 0.420898 0.832031 0.425781 0.835938 0.432617 0.835938 0.432617 0.833008 0.429688 0.831055
0 0.889648 0.095703 0.892578 0.103516 0.899414 0.103516 0.896484 0.097656
0 0.066406 0.036133 0.059570 0.036133 0.056641 0.038086 0.056641 0.041016 0.062500 0.041016
0 0.910156 0.532227 0.910156 0.535156 0.917969 0.535156 0.916016 0.532227
0 0.616211 0.441406 0.618164 0.446289 0.626953 0.447266 0.624023 0.442383
0 0.307617 0.063477 0.309570 0.068359 0.316406 0.068359 0.315430 0.064453
0 0.757812 0.560547 0.751953 0.560547 0.747070 0.565430 0.754883 0.565430 0.757812 0.563477
0 0.739258 0.824219 0.731445 0.826172 0.730469 0.830078 0.736328 0.829102
0 0.060547 0.875000 0.061523 0.877930 0.071289 0.876953 0.069336 0.873047
0 0.199219 0.986328 0.199219 0.989258 0.202148 0.991211 0.211914 0.990234 0.211914 0.987305 0.208008 0.985352
0 0.702148 0.629883 0.704102 0.633789 0.713867 0.631836 0.708984 0.628906
0 0.247070 0.871094 0.242188 0.869141 0.237305 0.872070 0.245117 0.874023
0 0.502930 0.146484 0.506836 0.149414 0.513672 0.148438 0.511719 0.144531
0 0.590820 0.760742 0.584961 0.760742 0.581055 0.768555 0.587891 0.766602
0 0.239258 0.276367 0.235352 0.278320 0.235352 0.285156 0.238281 0.290039 0.241211 0.285156
0 0.664062 0.319336 0.657227 0.320312 0.655273 0.324219 0.662109 0.324219
0 0.665039 0.402344 0.660156 0.400391 0.655273 0.401367 0.654297 0.404297 0.663086 0.406250
0 0.279297 0.495117 0.275391 0.496094 0.273438 0.503906 0.278320 0.501953