0 0.023438 0.963867 0.027344 0.966797 0.034180 0.966797 0.032227 0.961914
0 0.792969 0.172852 0.797852 0.179688 0.801758 0.180664 0.801758 0.176758 0.798828 0.173828
0 0.351562 0.682617 0.350586 0.689453 0.354492 0.692383 0.355469 0.686523
0 0.142578 0.272461 0.138672 0.275391 0.140625 0.285156 0.143555 0.281250
0 0.908203 0.834961 0.908203 0.839844 0.913086 0.844727 0.913086 0.836914
0 0.136719 0.868164 0.132812 0.869141 0.131836 0.877930 0.136719 0.874023
0 0.183594 0.804688 0.181641 0.809570 0.186523 0.816406 0.187500 0.810547
0 0.087891 0.379883 0.083984 0.382812 0.084961 0.390625 0.088867 0.387695
0 0.971680 0.287109 0.966797 0.289062 0.965820 0.294922 0.967773 0.299805 0.971680 0.295898
0 0.561523 0.373047 0.556641 0.375000 0.555664 0.384766 0.560547 0.380859
0 0.861328 0.750977 0.864258 0.754883 0.873047 0.752930 0.872070 0.750000
0 0.387695 0.532227 0.382812 0.530273 0.376953 0.532227 0.376953 0.534180 0.382812 0.536133 0.386719 0.535156
0 0.232422 0.546875 0.228516 0.548828 0.228516 0.557617 0.232422 0.554688
0 0.471680 0.831055 0.463867 0.831055 0.461914 0.835938 0.468750 0.834961
0 0.438477 0.614258 0.432617 0.620117 0.433594 0.628906 0.436523 0.628906 0.438477 0.625977
0 0.530273 0.043945 0.531250 0.048828 0.537109 0.051758 0.536133 0.045898
0 0.169922 0.049805 0.173828 0.053711 0.181641 0.050781 0.175781 0.047852
0 0.124023 0.009766 0.128906 0.013672 0.136719 0.012695 0.133789 0.008789
0 0.673828 0.090820 0.673828 0.097656 0.678711 0.100586 0.678711 0.093750
0 0.918945 0.501953 0.912109 0.501953 0.908203 0.506836 0.912109 0.507812
0 0.853516 0.089844 0.853516 0.095703 0.861328 0.100586 0.859375 0.092773
0 0.390625 0.430664 0.395508 0.435547 0.400391 0.433594 0.397461 0.429688
0 0.650391 0.393555 0.650391 0.399414 0.657227 0.403320 0.655273 0.395508
0 0.881836 0.036133 0.876953 0.037109 0.873047 0.042969 0.878906 0.042969
0 0.276367 0.944336 0.275391 0.952148 0.279297 0.957031 0.280273 0.946289
0 0.205078 0.005859 0.208984 0.014648 0.215820 0.015625 0.212891 0.008789
0 0.559570 0.016602 0.556641 0.017578 0.556641 0.025391 0.559570 0.023438
0 0.488281 0.807617 0.492188 0.817383 0.493164 0.810547 0.491211 0.807617
0 0.149414 0.373047 0.150391 0.376953 0.159180 0.376953 0.154297 0.373047
0 0.338867 0.184570 0.335938 0.184570 0.333984 0.188477 0.334961 0.194336 0.338867 0.190430
0 0.850586 0.541016 0.852539 0.544922 0.861328 0.543945 0.857422 0.540039
0 0.890625 0.618164 0.885742 0.620117 0.884766 0.626953 0.889648 0.625000
0 0.024414 0.368164 0.026367 0.372070 0.034180 0.373047 0.034180 0.370117 0.031250 0.368164
0 0.182617 0.316406 0.186523 0.323242 0.193359 0.324219 0.189453 0.317383
0 0.105469 0.640625 0.108398 0.644531 0.114258 0.644531 0.112305 0.640625
0 0.229492 0.368164 0.223633 0.369141 0.221680 0.373047 0.228516 0.372070
0 0.009766 0.735352 0.009766 0.739258 0.012695 0.742188 0.021484 0.744141 0.021484 0.741211 0.016602 0.736328
0 0.008789 0.386719 0.010742 0.393555 0.015625 0.395508 0.014648 0.389648
0 0.280273 0.170898 0.274414 0.173828 0.273438 0.181641 0.279297 0.177734
0 0.740234 0.940430 0.740234 0.942383 0.745117 0.944336 0.750977 0.942383 0.749023 0.939453
0 0.448242 0.641602 0.451172 0.644531 0.459961 0.642578 0.458008 0.639648
0 0.934570 0.784180 0.927734 0.786133 0.926758 0.789062 0.933594 0.788086
0 0.741211 0.522461 0.735352 0.525391 0.734375 0.531250 0.740234 0.529297
0 0.814453 0.592773 0.814453 0.598633 0.821289 0.601562 0.819336 0.594727
0 0.826172 0.189453 0.824219 0.189453 0.822266 0.194336 0.825195 0.202148 0.828125 0.197266
0 0.921875 0.376953 0.929688 0.376953 0.932617 0.375000 0.932617 0.372070 0.925781 0.372070
0 0.868164 0.852539 0.871094 0.860352 0.875000 0.862305 0.875000 0.856445
0 0.576172 0.945312 0.581055 0.953125 0.586914 0.953125 0.583984 0.947266
0 0.355469 0.441406 0.349609 0.440430 0.344727 0.446289 0.353516 0.445312
0 0.675781 0.382812 0.673828 0.383789 0.672852 0.390625 0.676758 0.395508 0.678711 0.394531 0.678711 0.386719
0 0.490234 0.238281 0.482422 0.242188 0.480469 0.246094 0.482422 0.249023 0.488281 0.246094
0 0.327148 0.938477 0.327148 0.941406 0.332031 0.942383 0.338867 0.940430 0.335938 0.936523
0 0.075195 0.767578 0.080078 0.772461 0.083984 0.772461 0.086914 0.769531 0.083984 0.766602
0 0.605469 0.384766 0.604492 0.390625 0.608398 0.395508 0.610352 0.390625 0.608398 0.385742
0 0.448242 0.052734 0.447266 0.058594 0.451172 0.063477 0.453125 0.058594
0 0.625000 0.506836 0.624023 0.512695 0.628906 0.518555 0.628906 0.508789
0 0.312500 0.818359 0.307617 0.821289 0.306641 0.829102 0.312500 0.825195
0 0.479492 0.348633 0.479492 0.354492 0.484375 0.359375 0.485352 0.353516
0 0.916992 0.732422 0.912109 0.731445 0.906250 0.736328 0.912109 0.737305
0 0.781250 0.795898 0.781250 0.798828 0.787109 0.801758 0.786133 0.797852