0 0.373047 0.158203 0.372070 0.165039 0.375977 0.169922 0.376953 0.161133
0 0.359375 0.374023 0.361328 0.376953 0.368164 0.377930 0.367188 0.374023
0 0.435547 0.330078 0.437500 0.337891 0.442383 0.338867 0.441406 0.333008
0 0.348633 0.936523 0.348633 0.942383 0.353516 0.945312 0.351562 0.936523
0 0.250977 0.505859 0.251953 0.508789 0.261719 0.506836 0.258789 0.503906
0 0.960938 0.120117 0.957031 0.121094 0.956055 0.126953 0.960938 0.124023
0 0.401367 0.046875 0.402344 0.052734 0.406250 0.054688 0.406250 0.049805
0 0.917969 0.186523 0.924805 0.187500 0.929688 0.181641 0.921875 0.181641
0 0.648438 0.587891 0.652344 0.591797 0.659180 0.589844 0.656250 0.586914
0 0.589844 0.771484 0.593750 0.778320 0.599609 0.779297 0.597656 0.773438
0 0.580078 0.311523 0.582031 0.314453 0.592773 0.312500 0.589844 0.309570 0.582031 0.309570
0 0.098633 0.077148 0.095703 0.082031 0.096680 0.086914 0.100586 0.083008 0.100586 0.078125
0 0.539062 0.063477 0.541016 0.067383 0.548828 0.068359 0.547852 0.064453
0 0.967773 0.431641 0.975586 0.432617 0.978516 0.429688 0.970703 0.427734
0 0.746094 0.083008 0.741211 0.081055 0.736328 0.085938 0.741211 0.086914
0 0.733398 0.500977 0.734375 0.509766 0.739258 0.512695 0.739258 0.504883
0 0.659180 0.280273 0.661133 0.283203 0.667969 0.283203 0.666016 0.279297
0 0.429688 0.143555 0.423828 0.146484 0.423828 0.152344 0.427734 0.150391
0 0.876953 0.650391 0.876953 0.656250 0.883789 0.660156 0.881836 0.652344
0 0.124023 0.657227 0.123047 0.664062 0.125977 0.668945 0.127930 0.660156
0 0.781250 0.569336 0.782227 0.572266 0.789062 0.570312 0.789062 0.568359
0 0.946289 0.293945 0.946289 0.301758 0.953125 0.304688 0.952148 0.297852
0 0.100586 0.106445 0.093750 0.108398 0.090820 0.114258 0.097656 0.113281
0 0.257812 0.035156 0.263672 0.040039 0.269531 0.040039 0.269531 0.036133 0.265625 0.034180
0 0.482422 0.455078 0.486328 0.459961 0.493164 0.459961 0.490234 0.455078
0 0.433594 0.194336 0.440430 0.195312 0.444336 0.191406 0.436523 0.190430
0 0.188477 0.539062 0.181641 0.540039 0.179688 0.543945 0.187500 0.542969
0 0.116211 0.727539 0.122070 0.731445 0.130859 0.728516 0.130859 0.725586 0.119141 0.724609
0 0.204102 0.376953 0.203125 0.382812 0.206055 0.386719 0.208008 0.378906
0 0.825195 0.791992 0.819336 0.793945 0.818359 0.801758 0.824219 0.797852
0 0.291992 0.592773 0.293945 0.596680 0.301758 0.596680 0.298828 0.592773
0 0.788086 0.764648 0.789062 0.771484 0.794922 0.774414 0.793945 0.767578
0 0.379883 0.861328 0.372070 0.862305 0.369141 0.867188 0.377930 0.866211
0 0.428711 0.687500 0.428711 0.695312 0.430664 0.698242 0.433594 0.698242 0.433594 0.691406
0 0.178711 0.809570 0.172852 0.811523 0.171875 0.817383 0.178711 0.813477
0 0.265625 0.155273 0.258789 0.155273 0.254883 0.161133 0.263672 0.160156
0 0.505859 0.946289 0.501953 0.948242 0.500000 0.955078 0.504883 0.954102
0 0.480469 0.985352 0.488281 0.987305 0.494141 0.984375 0.494141 0.981445 0.486328 0.980469
0 0.654297 0.416992 0.651367 0.416992 0.649414 0.422852 0.651367 0.429688 0.654297 0.425781
0 0.529297 0.919922 0.532227 0.923828 0.540039 0.923828 0.543945 0.920898 0.540039 0.917969
0 0.616211 0.072266 0.620117 0.080078 0.625977 0.081055 0.621094 0.073242
0 0.875000 0.261719 0.875977 0.270508 0.880859 0.271484 0.878906 0.263672
0 0.533203 0.453125 0.528320 0.454102 0.527344 0.459961 0.532227 0.457031
0 0.867188 0.896484 0.867188 0.899414 0.870117 0.901367 0.879883 0.899414 0.877930 0.896484
0 0.356445 0.178711 0.360352 0.182617 0.369141 0.181641 0.367188 0.177734
0 0.588867 0.754883 0.592773 0.759766 0.599609 0.759766 0.593750 0.753906
0 0.669922 0.424805 0.666016 0.425781 0.664062 0.435547 0.668945 0.431641
0 0.158203 0.501953 0.151367 0.502930 0.147461 0.507812 0.147461 0.511719 0.156250 0.508789
0 0.286133 0.946289 0.281250 0.947266 0.279297 0.953125 0.283203 0.953125
0 0.589844 0.397461 0.584961 0.398438 0.582031 0.405273 0.585938 0.405273
0 0.023438 0.828125 0.022461 0.833984 0.027344 0.838867 0.034180 0.839844 0.031250 0.832031
0 0.290039 0.934570 0.293945 0.940430 0.299805 0.941406 0.297852 0.935547
0 0.457031 0.295898 0.453125 0.297852 0.451172 0.302734 0.453125 0.311523 0.456055 0.311523 0.458008 0.307617