0 0.723633 0.333008 0.723633 0.337891 0.729492 0.341797 0.728516 0.335938
0 0.365234 0.115234 0.366211 0.119141 0.373047 0.120117 0.370117 0.115234
0 0.339844 0.174805 0.339844 0.176758 0.344727 0.178711 0.349609 0.176758 0.347656 0.172852
0 0.049805 0.514648 0.041016 0.514648 0.037109 0.519531 0.045898 0.520508 0.049805 0.517578
0 0.309570 0.744141 0.310547 0.750000 0.314453 0.752930 0.314453 0.746094
0 0.588867 0.052734 0.582031 0.055664 0.580078 0.063477 0.583008 0.063477 0.587891 0.058594
0 0.555664 0.454102 0.551758 0.456055 0.551758 0.462891 0.554688 0.467773 0.557617 0.462891
0 0.418945 0.149414 0.415039 0.151367 0.414062 0.158203 0.418945 0.155273
0 0.583984 0.384766 0.579102 0.384766 0.575195 0.389648 0.583008 0.388672
0 0.400391 0.841797 0.406250 0.842773 0.411133 0.838867 0.403320 0.837891
0 0.951172 0.428711 0.946289 0.430664 0.945312 0.438477 0.950195 0.434570
0 0.431641 0.702148 0.424805 0.703125 0.423828 0.707031 0.428711 0.706055
0 0.409180 0.109375 0.403320 0.112305 0.402344 0.118164 0.408203 0.116211
0 0.758789 0.388672 0.758789 0.396484 0.761719 0.399414 0.763672 0.395508 0.762695 0.390625
0 0.084961 0.779297 0.082031 0.779297 0.080078 0.782227 0.080078 0.790039 0.084961 0.785156
0 0.960938 0.025391 0.960938 0.029297 0.966797 0.033203 0.965820 0.027344
0 0.924805 0.272461 0.927734 0.276367 0.936523 0.276367 0.936523 0.273438 0.932617 0.271484
0 0.351562 0.573242 0.346680 0.573242 0.341797 0.581055 0.347656 0.580078
0 0.605469 0.977539 0.605469 0.985352 0.609375 0.987305 0.609375 0.980469
0 0.872070 0.491211 0.870117 0.500000 0.874023 0.504883 0.875977 0.503906 0.875977 0.495117
0 0.762695 0.058594 0.753906 0.058594 0.749023 0.063477 0.756836 0.064453
0 0.596680 0.421875 0.591797 0.421875 0.587891 0.427734 0.594727 0.426758
0 0.169922 0.009766 0.169922 0.017578 0.173828 0.019531 0.173828 0.011719
0 0.064453 0.426758 0.064453 0.435547 0.068359 0.439453 0.069336 0.429688 0.067383 0.426758
0 0.079102 0.031250 0.074219 0.033203 0.073242 0.040039 0.078125 0.038086
0 0.045898 0.827148 0.047852 0.833008 0.051758 0.833984 0.051758 0.829102
0 0.017578 0.798828 0.018555 0.806641 0.023438 0.809570 0.022461 0.800781
0 0.297852 0.892578 0.301758 0.898438 0.307617 0.899414 0.305664 0.893555
0 0.155273 0.789062 0.150391 0.791992 0.151367 0.801758 0.155273 0.795898
0 0.087891 0.554688 0.082031 0.555664 0.079102 0.560547 0.084961 0.560547
0 0.753906 0.325195 0.747070 0.327148 0.744141 0.332031 0.751953 0.331055
0 0.152344 0.663086 0.147461 0.665039 0.146484 0.672852 0.149414 0.672852
0 0.951172 0.342773 0.946289 0.345703 0.945312 0.352539 0.950195 0.350586
0 0.297852 0.031250 0.296875 0.039062 0.298828 0.041992 0.301758 0.041992 0.301758 0.033203
0 0.938477 0.066406 0.941406 0.071289 0.948242 0.071289 0.946289 0.067383
0 0.702148 0.058594 0.696289 0.058594 0.692383 0.064453 0.700195 0.062500
0 0.698242 0.946289 0.704102 0.947266 0.708984 0.943359 0.701172 0.942383
0 0.069336 0.490234 0.064453 0.491211 0.063477 0.499023 0.069336 0.494141
0 0.945312 0.546875 0.943359 0.550781 0.945312 0.556641 0.947266 0.556641 0.948242 0.549805
0 0.974609 0.480469 0.968750 0.478516 0.961914 0.481445 0.961914 0.484375 0.972656 0.484375
0 0.409180 0.215820 0.407227 0.213867 0.402344 0.214844 0.397461 0.220703 0.405273 0.220703
0 0.317383 0.351562 0.324219 0.351562 0.326172 0.347656 0.320312 0.347656
0 0.919922 0.388672 0.918945 0.395508 0.922852 0.401367 0.924805 0.393555
0 0.317383 0.079102 0.312500 0.079102 0.308594 0.085938 0.315430 0.083008