0 0.170898 0.339844 0.164062 0.339844 0.161133 0.345703 0.168945 0.343750
0 0.126953 0.236328 0.128906 0.240234 0.137695 0.242188 0.134766 0.236328
0 0.810547 0.712891 0.814453 0.717773 0.821289 0.717773 0.815430 0.711914
0 0.558594 0.543945 0.552734 0.546875 0.552734 0.553711 0.557617 0.550781
0 0.338867 0.020508 0.341797 0.024414 0.348633 0.024414 0.345703 0.020508
0 0.978516 0.592773 0.979492 0.597656 0.983398 0.601562 0.987305 0.601562 0.985352 0.594727
0 0.749023 0.148438 0.745117 0.151367 0.746094 0.159180 0.750000 0.155273
0 0.476562 0.550781 0.474609 0.559570 0.475586 0.562500 0.478516 0.562500 0.480469 0.554688
0 0.080078 0.215820 0.076172 0.217773 0.075195 0.223633 0.079102 0.220703
0 0.456055 0.039062 0.457031 0.044922 0.461914 0.048828 0.463867 0.047852 0.462891 0.042969
0 0.916016 0.524414 0.908203 0.526367 0.904297 0.533203 0.912109 0.532227 0.916016 0.528320
0 0.950195 0.164062 0.942383 0.165039 0.940430 0.170898 0.949219 0.167969
0 0.865234 0.271484 0.867188 0.275391 0.874023 0.276367 0.873047 0.273438
0 0.036133 0.409180 0.035156 0.411133 0.038086 0.415039 0.047852 0.416992 0.045898 0.412109
0 0.508789 0.046875 0.502930 0.048828 0.501953 0.054688 0.507812 0.051758
0 0.265625 0.625000 0.265625 0.628906 0.272461 0.631836 0.270508 0.626953
0 0.831055 0.243164 0.825195 0.244141 0.822266 0.249023 0.828125 0.249023
0 0.485352 0.170898 0.481445 0.172852 0.482422 0.182617 0.486328 0.176758
0 0.834961 0.788086 0.829102 0.791992 0.828125 0.798828 0.833984 0.795898
0 0.467773 0.857422 0.459961 0.857422 0.457031 0.859375 0.457031 0.862305 0.463867 0.862305
0 0.751953 0.699219 0.752930 0.705078 0.758789 0.708984 0.757812 0.701172
0 0.109375 0.576172 0.104492 0.580078 0.104492 0.588867 0.107422 0.588867 0.111328 0.579102
0 0.777344 0.148438 0.775391 0.157227 0.779297 0.162109 0.781250 0.151367
0 0.212891 0.288086 0.208984 0.287109 0.204102 0.291992 0.211914 0.291016
0 0.499023 0.625000 0.498047 0.631836 0.502930 0.637695 0.503906 0.628906 0.501953 0.625000
0 0.876953 0.625977 0.878906 0.635742 0.882812 0.636719 0.881836 0.628906
0 0.672852 0.733398 0.670898 0.741211 0.674805 0.743164 0.675781 0.735352
0 0.255859 0.674805 0.263672 0.675781 0.267578 0.672852 0.260742 0.670898
0 0.761719 0.514648 0.761719 0.516602 0.765625 0.517578 0.772461 0.516602 0.770508 0.513672
0 0.221680 0.906250 0.223633 0.912109 0.227539 0.914062 0.226562 0.907227
0 0.894531 0.604492 0.895508 0.612305 0.900391 0.616211 0.901367 0.610352 0.898438 0.605469
0 0.361328 0.058594 0.357422 0.058594 0.354492 0.061523 0.353516 0.070312 0.359375 0.067383
0 0.851562 0.072266 0.854492 0.079102 0.860352 0.082031 0.860352 0.077148
0 0.983398 0.391602 0.983398 0.396484 0.987305 0.401367 0.988281 0.395508
0 0.666992 0.422852 0.667969 0.426758 0.676758 0.426758 0.671875 0.422852
0 0.417969 0.830078 0.410156 0.831055 0.407227 0.836914 0.416016 0.834961
0 0.834961 0.570312 0.829102 0.573242 0.827148 0.581055 0.834961 0.577148
0 0.326172 0.260742 0.326172 0.265625 0.333984 0.268555 0.332031 0.262695
0 0.160156 0.878906 0.160156 0.885742 0.165039 0.888672 0.164062 0.880859
0 0.130859 0.468750 0.131836 0.474609 0.138672 0.477539 0.137695 0.472656
0 0.645508 0.008789 0.645508 0.012695 0.654297 0.013672 0.652344 0.009766
0 0.501953 0.467773 0.502930 0.470703 0.511719 0.470703 0.509766 0.466797
0 0.677734 0.962891 0.672852 0.964844 0.671875 0.974609 0.676758 0.971680
0 0.494141 0.242188 0.492188 0.244141 0.493164 0.252930 0.497070 0.247070
0 0.268555 0.587891 0.266602 0.585938 0.260742 0.586914 0.257812 0.591797 0.264648 0.591797
0 0.180664 0.618164 0.176758 0.617188 0.173828 0.619141 0.170898 0.626953 0.177734 0.625000
0 0.021484 0.489258 0.023438 0.494141 0.029297 0.495117 0.026367 0.490234
0 0.749023 0.618164 0.743164 0.622070 0.743164 0.625977 0.748047 0.624023
0 0.545898 0.350586 0.546875 0.355469 0.555664 0.357422 0.552734 0.351562
0 0.658203 0.173828 0.658203 0.181641 0.660156 0.184570 0.663086 0.184570 0.663086 0.178711
0 0.159180 0.364258 0.152344 0.363281 0.146484 0.369141 0.154297 0.369141
0 0.345703 0.102539 0.345703 0.105469 0.354492 0.107422 0.353516 0.103516
0 0.379883 0.532227 0.376953 0.532227 0.375000 0.535156 0.375000 0.542969 0.379883 0.539062
0 0.994141 0.200195 0.987305 0.202148 0.983398 0.208984 0.990234 0.208008
0 0.135742 0.342773 0.131836 0.344727 0.129883 0.353516 0.133789 0.352539
0 0.639648 0.815430 0.636719 0.818359 0.637695 0.825195 0.641602 0.822266
0 0.441406 0.951172 0.443359 0.956055 0.452148 0.957031 0.449219 0.952148
0 0.238281 0.651367 0.233398 0.651367 0.228516 0.658203 0.237305 0.657227
0 0.071289 0.028320 0.064453 0.029297 0.060547 0.035156 0.063477 0.036133 0.070312 0.033203
0 0.528320 0.304688 0.523438 0.302734 0.517578 0.304688 0.517578 0.306641 0.523438 0.308594 0.527344 0.307617
0 0.534180 0.128906 0.532227 0.129883 0.532227 0.134766 0.538086 0.141602 0.539062 0.135742