0 0.431641 0.676758 0.427734 0.676758 0.423828 0.684570 0.427734 0.683594
0 0.760742 0.695312 0.753906 0.696289 0.751953 0.700195 0.759766 0.699219
0 0.108398 0.425781 0.102539 0.427734 0.099609 0.435547 0.108398 0.431641
0 0.335938 0.832031 0.332031 0.837891 0.333984 0.842773 0.337891 0.836914
0 0.492188 0.414062 0.492188 0.421875 0.496094 0.425781 0.500000 0.425781 0.498047 0.417969
0 0.747070 0.336914 0.750000 0.342773 0.753906 0.343750 0.756836 0.341797 0.754883 0.337891
0 0.362305 0.803711 0.353516 0.803711 0.350586 0.808594 0.358398 0.808594
0 0.747070 0.731445 0.743164 0.732422 0.741211 0.739258 0.746094 0.737305
0 0.054688 0.951172 0.058594 0.958008 0.063477 0.958008 0.061523 0.952148
0 0.535156 0.107422 0.530273 0.110352 0.529297 0.122070 0.535156 0.116211
0 0.670898 0.531250 0.664062 0.532227 0.663086 0.536133 0.669922 0.535156
0 0.871094 0.470703 0.868164 0.470703 0.866211 0.474609 0.867188 0.479492 0.872070 0.474609
0 0.419922 0.906250 0.418945 0.916016 0.421875 0.918945 0.423828 0.908203
0 0.316406 0.169922 0.316406 0.176758 0.320312 0.180664 0.321289 0.172852 0.319336 0.169922
0 0.570312 0.067383 0.566406 0.071289 0.569336 0.079102 0.572266 0.073242
0 0.577148 0.786133 0.573242 0.790039 0.574219 0.796875 0.577148 0.793945
0 0.444336 0.971680 0.443359 0.976562 0.451172 0.981445 0.450195 0.975586
0 0.404297 0.700195 0.402344 0.701172 0.402344 0.708008 0.408203 0.712891 0.409180 0.707031
0 0.869141 0.225586 0.864258 0.226562 0.862305 0.233398 0.869141 0.230469
0 0.105469 0.471680 0.107422 0.474609 0.114258 0.474609 0.116211 0.472656 0.113281 0.469727
0 0.467773 0.817383 0.468750 0.823242 0.474609 0.827148 0.474609 0.821289
0 0.027344 0.488281 0.017578 0.490234 0.015625 0.495117 0.023438 0.494141
0 0.881836 0.719727 0.881836 0.727539 0.883789 0.730469 0.887695 0.730469 0.885742 0.721680
0 0.374023 0.592773 0.370117 0.594727 0.370117 0.601562 0.372070 0.603516 0.375000 0.599609
0 0.328125 0.291016 0.324219 0.291992 0.322266 0.299805 0.327148 0.297852
0 0.286133 0.749023 0.279297 0.749023 0.275391 0.754883 0.283203 0.753906
0 0.227539 0.601562 0.229492 0.606445 0.239258 0.607422 0.239258 0.604492
0 0.290039 0.074219 0.285156 0.075195 0.281250 0.082031 0.286133 0.082031
0 0.392578 0.024414 0.387695 0.026367 0.387695 0.033203 0.390625 0.031250
0 0.263672 0.321289 0.257812 0.320312 0.252930 0.324219 0.251953 0.328125 0.260742 0.326172
0 0.660156 0.422852 0.656250 0.422852 0.652344 0.426758 0.651367 0.434570 0.660156 0.427734
0 0.666016 0.372070 0.668945 0.376953 0.676758 0.376953 0.674805 0.373047
0 0.699219 0.121094 0.689453 0.122070 0.686523 0.124023 0.686523 0.126953 0.693359 0.127930 0.699219 0.124023
0 0.801758 0.686523 0.800781 0.694336 0.803711 0.699219 0.805664 0.689453
0 0.529297 0.342773 0.537109 0.343750 0.539062 0.339844 0.533203 0.339844
0 0.009766 0.214844 0.010742 0.218750 0.016602 0.219727 0.013672 0.214844
0 0.152344 0.075195 0.147461 0.077148 0.146484 0.084961 0.151367 0.082031
0 0.653320 0.698242 0.653320 0.706055 0.656250 0.708008 0.656250 0.699219
0 0.664062 0.885742 0.658203 0.888672 0.656250 0.895508 0.663086 0.892578