0 0.074219 0.535156 0.070312 0.538086 0.070312 0.545898 0.075195 0.541992
0 0.830078 0.927734 0.833008 0.932617 0.837891 0.933594 0.835938 0.928711
0 0.750000 0.157227 0.748047 0.163086 0.752930 0.167969 0.752930 0.160156
0 0.338867 0.200195 0.343750 0.206055 0.352539 0.206055 0.352539 0.203125 0.347656 0.200195
0 0.363281 0.299805 0.355469 0.299805 0.353516 0.304688 0.358398 0.304688
0 0.174805 0.534180 0.166992 0.536133 0.165039 0.541016 0.170898 0.541016
0 0.432617 0.061523 0.433594 0.065430 0.439453 0.068359 0.438477 0.064453
0 0.675781 0.910156 0.674805 0.914062 0.676758 0.916992 0.684570 0.919922 0.682617 0.913086
0 0.541992 0.103516 0.545898 0.109375 0.551758 0.110352 0.549805 0.104492 0.546875 0.102539
0 0.728516 0.353516 0.720703 0.354492 0.718750 0.360352 0.724609 0.359375
0 0.705078 0.011719 0.706055 0.018555 0.709961 0.020508 0.708984 0.012695
0 0.414062 0.135742 0.410156 0.137695 0.409180 0.144531 0.413086 0.142578
0 0.611328 0.025391 0.609375 0.031250 0.611328 0.036133 0.613281 0.036133 0.614258 0.028320
0 0.259766 0.580078 0.260742 0.587891 0.266602 0.590820 0.266602 0.583984
0 0.162109 0.601562 0.158203 0.604492 0.156250 0.612305 0.162109 0.609375
0 0.223633 0.353516 0.229492 0.357422 0.234375 0.357422 0.234375 0.354492 0.231445 0.352539
0 0.208008 0.020508 0.202148 0.019531 0.196289 0.024414 0.203125 0.025391
0 0.942383 0.468750 0.938477 0.470703 0.937500 0.478516 0.942383 0.475586
0 0.981445 0.047852 0.983398 0.051758 0.993164 0.049805 0.988281 0.046875
0 0.958008 0.589844 0.952148 0.593750 0.951172 0.600586 0.953125 0.601562 0.957031 0.597656
0 0.298828 0.373047 0.292969 0.372070 0.288086 0.375000 0.288086 0.377930 0.297852 0.377930
0 0.591797 0.371094 0.594727 0.373047 0.601562 0.372070 0.600586 0.369141
0 0.710938 0.361328 0.704102 0.365234 0.704102 0.370117 0.709961 0.367188
0 0.837891 0.331055 0.841797 0.335938 0.848633 0.334961 0.844727 0.330078
0 0.666016 0.053711 0.662109 0.056641 0.663086 0.063477 0.667969 0.058594
0 0.547852 0.046875 0.546875 0.054688 0.552734 0.060547 0.552734 0.051758
0 0.310547 0.158203 0.316406 0.162109 0.320312 0.161133 0.316406 0.156250
0 0.033203 0.313477 0.040039 0.313477 0.042969 0.309570 0.034180 0.309570
0 0.197266 0.578125 0.197266 0.582031 0.200195 0.584961 0.208008 0.586914 0.204102 0.580078
0 0.241211 0.671875 0.237305 0.673828 0.235352 0.682617 0.241211 0.678711
0 0.233398 0.808594 0.235352 0.816406 0.238281 0.819336 0.242188 0.819336 0.241211 0.812500
0 0.600586 0.979492 0.602539 0.983398 0.610352 0.984375 0.607422 0.979492
0 0.719727 0.977539 0.718750 0.985352 0.719727 0.988281 0.722656 0.988281 0.723633 0.979492
0 0.289062 0.291016 0.291016 0.300781 0.295898 0.303711 0.297852 0.300781 0.295898 0.294922