0 0.143555 0.383789 0.145508 0.388672 0.151367 0.389648 0.149414 0.384766
0 0.038086 0.625977 0.035156 0.627930 0.035156 0.634766 0.038086 0.632812
0 0.743164 0.434570 0.743164 0.441406 0.745117 0.443359 0.747070 0.436523
0 0.641602 0.859375 0.645508 0.863281 0.650391 0.861328 0.650391 0.859375 0.646484 0.858398
0 0.830078 0.710938 0.833008 0.714844 0.841797 0.711914 0.835938 0.708984
0 0.087891 0.080078 0.082031 0.083984 0.080078 0.091797 0.086914 0.088867
0 0.232422 0.913086 0.227539 0.919922 0.230469 0.928711 0.233398 0.923828
0 0.258789 0.230469 0.259766 0.234375 0.271484 0.233398 0.269531 0.229492
0 0.091797 0.913086 0.090820 0.919922 0.094727 0.922852 0.095703 0.917969
0 0.594727 0.847656 0.593750 0.854492 0.597656 0.859375 0.598633 0.850586 0.597656 0.847656
0 0.735352 0.925781 0.736328 0.929688 0.745117 0.930664 0.743164 0.926758
0 0.689453 0.155273 0.689453 0.161133 0.696289 0.165039 0.695312 0.159180
0 0.876953 0.279297 0.880859 0.284180 0.888672 0.284180 0.883789 0.279297
0 0.128906 0.766602 0.126953 0.766602 0.124023 0.773438 0.126953 0.780273 0.129883 0.776367
0 0.407227 0.529297 0.406250 0.535156 0.409180 0.541016 0.412109 0.541016 0.412109 0.532227
0 0.798828 0.738281 0.804688 0.742188 0.809570 0.741211 0.808594 0.737305
0 0.751953 0.770508 0.747070 0.773438 0.746094 0.779297 0.750977 0.776367
0 0.889648 0.490234 0.889648 0.496094 0.891602 0.499023 0.894531 0.499023 0.893555 0.491211
0 0.304688 0.596680 0.299805 0.599609 0.300781 0.607422 0.304688 0.603516
0 0.128906 0.545898 0.129883 0.552734 0.136719 0.555664 0.135742 0.548828
0 0.282227 0.161133 0.289062 0.162109 0.292969 0.157227 0.286133 0.157227
0 0.163086 0.592773 0.165039 0.599609 0.168945 0.600586 0.167969 0.594727
0 0.501953 0.430664 0.498047 0.434570 0.499023 0.441406 0.502930 0.437500
0 0.188477 0.869141 0.190430 0.873047 0.197266 0.874023 0.197266 0.871094 0.193359 0.868164
0 0.175781 0.638672 0.168945 0.640625 0.166992 0.645508 0.172852 0.644531
0 0.458984 0.951172 0.461914 0.955078 0.468750 0.955078 0.464844 0.950195
0 0.078125 0.724609 0.081055 0.728516 0.087891 0.728516 0.083984 0.723633
0 0.250977 0.111328 0.248047 0.111328 0.244141 0.118164 0.247070 0.118164
0 0.448242 0.317383 0.453125 0.325195 0.454102 0.319336
0 0.537109 0.715820 0.542969 0.717773 0.544922 0.713867 0.541016 0.712891
0 0.262695 0.302734 0.263672 0.310547 0.267578 0.312500 0.268555 0.306641
0 0.316406 0.458984 0.311523 0.458984 0.306641 0.463867 0.314453 0.463867
0 0.379883 0.967773 0.375977 0.969727 0.375977 0.978516 0.380859 0.973633
0 0.132812 0.645508 0.128906 0.647461 0.128906 0.655273 0.133789 0.650391
0 0.073242 0.031250 0.069336 0.032227 0.068359 0.040039 0.072266 0.038086
0 0.022461 0.578125 0.023438 0.582031 0.030273 0.583984 0.028320 0.579102
0 0.034180 0.360352 0.030273 0.364258 0.030273 0.370117 0.035156 0.365234
0 0.169922 0.841797 0.174805 0.847656 0.178711 0.847656 0.177734 0.843750
0 0.298828 0.275391 0.297852 0.283203 0.300781 0.286133 0.302734 0.278320 0.301758 0.275391
0 0.357422 0.253906 0.358398 0.259766 0.363281 0.261719 0.362305 0.255859
0 0.680664 0.801758 0.685547 0.801758 0.688477 0.797852 0.682617 0.797852
0 0.987305 0.147461 0.987305 0.154297 0.991211 0.158203 0.991211 0.149414
0 0.583984 0.226562 0.580078 0.227539 0.577148 0.231445 0.578125 0.235352 0.583984 0.231445
0 0.731445 0.300781 0.725586 0.301758 0.721680 0.308594 0.728516 0.307617
0 0.988281 0.860352 0.987305 0.869141 0.990234 0.871094 0.992188 0.862305
0 0.289062 0.396484 0.291016 0.401367 0.299805 0.403320 0.297852 0.398438
0 0.204102 0.384766 0.203125 0.391602 0.206055 0.396484 0.208008 0.387695
0 0.958984 0.468750 0.957031 0.470703 0.958008 0.473633 0.964844 0.477539 0.964844 0.472656
0 0.532227 0.550781 0.533203 0.558594 0.538086 0.560547 0.538086 0.554688
0 0.616211 0.168945 0.624023 0.168945 0.625977 0.164062 0.620117 0.164062 0.616211 0.166016
0 0.477539 0.058594 0.472656 0.063477 0.473633 0.067383 0.477539 0.064453
0 0.571289 0.273438 0.569336 0.278320 0.575195 0.285156 0.576172 0.280273
0 0.810547 0.353516 0.810547 0.361328 0.814453 0.363281 0.814453 0.355469
0 0.385742 0.796875 0.388672 0.799805 0.394531 0.798828 0.393555 0.794922
0 0.675781 0.870117 0.678711 0.875000 0.685547 0.875000 0.681641 0.870117
0 0.667969 0.602539 0.668945 0.607422 0.674805 0.610352 0.673828 0.605469
0 0.953125 0.865234 0.954102 0.868164 0.961914 0.867188 0.961914 0.864258
0 0.844727 0.884766 0.843750 0.893555 0.847656 0.898438 0.849609 0.890625 0.846680 0.884766
0 0.053711 0.017578 0.047852 0.019531 0.045898 0.025391 0.051758 0.023438
0 0.534180 0.949219 0.539062 0.954102 0.547852 0.952148 0.546875 0.949219 0.541992 0.947266
0 0.983398 0.314453 0.980469 0.316406 0.979492 0.324219 0.982422 0.324219 0.984375 0.321289
0 0.333008 0.017578 0.328125 0.020508 0.327148 0.026367 0.333984 0.022461
0 0.146484 0.798828 0.141602 0.799805 0.138672 0.804688 0.144531 0.803711
0 0.294922 0.078125 0.295898 0.082031 0.304688 0.083984 0.301758 0.079102
0 0.958984 0.163086 0.959961 0.165039 0.964844 0.165039 0.968750 0.160156 0.961914 0.160156
0 0.379883 0.933594 0.382812 0.938477 0.389648 0.940430 0.387695 0.934570
0 0.118164 0.344727 0.124023 0.350586 0.130859 0.349609 0.130859 0.346680 0.125977 0.343750
0 0.305664 0.933594 0.300781 0.937500 0.301758 0.946289 0.306641 0.939453
0 0.835938 0.562500 0.834961 0.572266 0.838867 0.575195 0.839844 0.566406
0 0.863281 0.314453 0.859375 0.316406 0.859375 0.325195 0.864258 0.320312