0 0.387695 0.766602 0.386719 0.772461 0.390625 0.777344 0.391602 0.769531
0 0.872070 0.150391 0.867188 0.152344 0.866211 0.158203 0.871094 0.155273
0 0.843750 0.660156 0.843750 0.666016 0.851562 0.671875 0.848633 0.661133
0 0.309570 0.668945 0.304688 0.671875 0.303711 0.677734 0.310547 0.673828
0 0.095703 0.664062 0.086914 0.665039 0.083984 0.670898 0.092773 0.669922
0 0.262695 0.143555 0.265625 0.147461 0.272461 0.147461 0.268555 0.142578
0 0.278320 0.125000 0.269531 0.125000 0.265625 0.129883 0.274414 0.130859
0 0.071289 0.415039 0.069336 0.415039 0.067383 0.419922 0.069336 0.427734 0.073242 0.422852
0 0.292969 0.185547 0.296875 0.191406 0.302734 0.191406 0.300781 0.186523
0 0.615234 0.851562 0.611328 0.853516 0.611328 0.860352 0.616211 0.856445
0 0.497070 0.271484 0.494141 0.271484 0.492188 0.276367 0.494141 0.284180 0.498047 0.278320
0 0.764648 0.732422 0.759766 0.735352 0.758789 0.742188 0.764648 0.739258
0 0.895508 0.511719 0.889648 0.511719 0.886719 0.516602 0.894531 0.514648
0 0.354492 0.429688 0.364258 0.430664 0.367188 0.428711 0.367188 0.425781 0.359375 0.425781
0 0.050781 0.593750 0.043945 0.596680 0.041016 0.602539 0.041992 0.605469 0.049805 0.601562
0 0.710938 0.232422 0.716797 0.232422 0.719727 0.230469 0.719727 0.227539 0.711914 0.228516
0 0.670898 0.674805 0.664062 0.675781 0.662109 0.680664 0.667969 0.679688
0 0.725586 0.376953 0.718750 0.380859 0.718750 0.385742 0.724609 0.382812
0 0.562500 0.035156 0.562500 0.041992 0.565430 0.043945 0.566406 0.037109
0 0.203125 0.900391 0.204102 0.906250 0.208984 0.909180 0.208008 0.902344
0 0.700195 0.059570 0.708984 0.057617 0.710938 0.053711 0.704102 0.053711
0 0.193359 0.922852 0.189453 0.924805 0.191406 0.934570 0.194336 0.930664
0 0.361328 0.353516 0.355469 0.355469 0.352539 0.364258 0.360352 0.360352
0 0.486328 0.830078 0.495117 0.832031 0.497070 0.828125 0.489258 0.827148
0 0.038086 0.958984 0.039062 0.966797 0.042969 0.967773 0.041992 0.959961
0 0.546875 0.719727 0.548828 0.724609 0.552734 0.726562 0.557617 0.725586 0.553711 0.720703
0 0.857422 0.513672 0.853516 0.513672 0.849609 0.520508 0.855469 0.518555
0 0.499023 0.514648 0.498047 0.521484 0.501953 0.524414 0.501953 0.515625
0 0.708008 0.739258 0.710938 0.744141 0.715820 0.746094 0.717773 0.744141 0.716797 0.741211
0 0.109375 0.439453 0.111328 0.441406 0.119141 0.441406 0.123047 0.438477 0.114258 0.436523
0 0.460938 0.123047 0.454102 0.126953 0.454102 0.131836 0.460938 0.126953
0 0.544922 0.152344 0.544922 0.160156 0.549805 0.164062 0.550781 0.157227
0 0.102539 0.059570 0.102539 0.062500 0.107422 0.067383 0.112305 0.067383 0.110352 0.061523
0 0.392578 0.751953 0.384766 0.753906 0.383789 0.757812 0.389648 0.757812
0 0.541992 0.551758 0.548828 0.552734 0.552734 0.548828 0.544922 0.547852 0.541992 0.548828
0 0.557617 0.514648 0.557617 0.521484 0.560547 0.525391 0.562500 0.518555
0 0.848633 0.786133 0.840820 0.786133 0.837891 0.790039 0.843750 0.791016
0 0.381836 0.972656 0.377930 0.973633 0.375000 0.981445 0.380859 0.978516
0 0.768555 0.957031 0.765625 0.958984 0.767578 0.968750 0.769531 0.964844
0 0.880859 0.813477 0.880859 0.820312 0.886719 0.826172 0.887695 0.818359 0.884766 0.813477
0 0.535156 0.790039 0.530273 0.791992 0.529297 0.797852 0.534180 0.795898
0 0.517578 0.436523 0.513672 0.439453 0.513672 0.447266 0.516602 0.447266 0.518555 0.443359
0 0.920898 0.865234 0.923828 0.870117 0.932617 0.871094 0.929688 0.866211
0 0.376953 0.914062 0.377930 0.919922 0.384766 0.924805 0.384766 0.917969
0 0.544922 0.440430 0.541992 0.442383 0.541992 0.451172 0.543945 0.455078 0.546875 0.455078 0.547852 0.443359
0 0.881836 0.273438 0.875000 0.276367 0.873047 0.284180 0.879883 0.281250
0 0.078125 0.978516 0.071289 0.979492 0.069336 0.984375 0.076172 0.982422
0 0.488281 0.654297 0.490234 0.661133 0.497070 0.665039 0.498047 0.661133 0.495117 0.655273
0 0.782227 0.652344 0.782227 0.658203 0.788086 0.663086 0.787109 0.654297
0 0.144531 0.142578 0.136719 0.144531 0.133789 0.151367 0.140625 0.150391
0 0.835938 0.284180 0.833984 0.291992 0.837891 0.296875 0.838867 0.286133
0 0.382812 0.652344 0.383789 0.659180 0.388672 0.661133 0.387695 0.655273
0 0.051758 0.615234 0.054688 0.620117 0.061523 0.620117 0.058594 0.615234
0 0.104492 0.801758 0.101562 0.801758 0.099609 0.804688 0.099609 0.812500 0.104492 0.807617
0 0.789062 0.953125 0.785156 0.957031 0.785156 0.961914 0.790039 0.957031
0 0.060547 0.291992 0.067383 0.291016 0.069336 0.288086 0.063477 0.287109 0.060547 0.289062
0 0.381836 0.681641 0.381836 0.690430 0.385742 0.693359 0.387695 0.688477 0.385742 0.683594
0 0.051758 0.946289 0.050781 0.956055 0.054688 0.958008 0.056641 0.952148 0.054688 0.947266
0 0.256836 0.672852 0.250000 0.674805 0.248047 0.681641 0.253906 0.680664
0 0.199219 0.567383 0.201172 0.572266 0.208008 0.573242 0.206055 0.568359
0 0.621094 0.763672 0.621094 0.766602 0.625977 0.770508 0.626953 0.766602
0 0.957031 0.112305 0.958984 0.121094 0.964844 0.123047 0.961914 0.114258
0 0.532227 0.098633 0.524414 0.099609 0.521484 0.103516 0.527344 0.104492 0.532227 0.101562
0 0.671875 0.968750 0.674805 0.974609 0.680664 0.975586 0.678711 0.970703
0 0.914062 0.202148 0.921875 0.202148 0.924805 0.200195 0.924805 0.197266 0.917969 0.197266