0 0.891602 0.208008 0.888672 0.208008 0.886719 0.217773 0.889648 0.217773 0.891602 0.214844
0 0.527344 0.256836 0.521484 0.257812 0.518555 0.262695 0.525391 0.261719
0 0.211914 0.256836 0.211914 0.263672 0.215820 0.267578 0.216797 0.259766 0.214844 0.256836
0 0.517578 0.028320 0.518555 0.032227 0.526367 0.035156 0.525391 0.030273
0 0.251953 0.686523 0.251953 0.690430 0.258789 0.693359 0.256836 0.688477
0 0.356445 0.620117 0.356445 0.625000 0.358398 0.627930 0.361328 0.627930 0.360352 0.621094
0 0.683594 0.825195 0.679688 0.830078 0.679688 0.834961 0.684570 0.833008 0.685547 0.827148
0 0.179688 0.175781 0.174805 0.174805 0.168945 0.177734 0.167969 0.181641 0.176758 0.181641
0 0.700195 0.396484 0.694336 0.395508 0.689453 0.397461 0.688477 0.400391 0.695312 0.401367
0 0.717773 0.920898 0.714844 0.923828 0.715820 0.931641 0.718750 0.927734
0 0.579102 0.973633 0.573242 0.974609 0.569336 0.982422 0.577148 0.979492
0 0.191406 0.820312 0.194336 0.826172 0.201172 0.827148 0.198242 0.821289
0 0.094727 0.446289 0.096680 0.450195 0.104492 0.451172 0.104492 0.448242 0.101562 0.446289
0 0.652344 0.914062 0.647461 0.915039 0.644531 0.918945 0.651367 0.917969
0 0.921875 0.696289 0.922852 0.702148 0.927734 0.705078 0.926758 0.698242
0 0.696289 0.688477 0.692383 0.691406 0.692383 0.699219 0.697266 0.695312
0 0.500000 0.016602 0.492188 0.016602 0.489258 0.018555 0.489258 0.021484 0.496094 0.021484
0 0.700195 0.859375 0.695312 0.859375 0.690430 0.866211 0.699219 0.865234
0 0.068359 0.161133 0.063477 0.164062 0.063477 0.171875 0.068359 0.167969
0 0.337891 0.673828 0.345703 0.673828 0.347656 0.670898 0.340820 0.669922
0 0.257812 0.099609 0.255859 0.108398 0.259766 0.111328 0.260742 0.101562
0 0.040039 0.228516 0.040039 0.235352 0.045898 0.239258 0.044922 0.231445
0 0.418945 0.754883 0.421875 0.757812 0.428711 0.756836 0.425781 0.752930
0 0.639648 0.515625 0.635742 0.518555 0.635742 0.526367 0.640625 0.521484
0 0.916992 0.128906 0.916016 0.137695 0.919922 0.139648 0.920898 0.131836
0 0.952148 0.674805 0.944336 0.675781 0.941406 0.681641 0.949219 0.680664
0 0.483398 0.486328 0.487305 0.490234 0.494141 0.490234 0.491211 0.485352
0 0.085938 0.249023 0.078125 0.250977 0.076172 0.256836 0.083984 0.254883
0 0.342773 0.946289 0.345703 0.951172 0.354492 0.952148 0.353516 0.948242
0 0.816406 0.117188 0.821289 0.121094 0.831055 0.119141 0.821289 0.115234
0 0.610352 0.436523 0.605469 0.438477 0.604492 0.447266 0.608398 0.446289
0 0.564453 0.571289 0.563477 0.579102 0.568359 0.583984 0.570312 0.579102 0.567383 0.572266
0 0.542969 0.612305 0.536133 0.613281 0.533203 0.617188 0.541016 0.617188
0 0.613281 0.969727 0.613281 0.976562 0.617188 0.979492 0.617188 0.971680
0 0.050781 0.038086 0.043945 0.038086 0.041016 0.043945 0.047852 0.042969
0 0.805664 0.624023 0.800781 0.625977 0.798828 0.629883 0.799805 0.635742 0.803711 0.634766
0 0.875977 0.757812 0.870117 0.759766 0.868164 0.767578 0.875000 0.763672
0 0.789062 0.797852 0.780273 0.797852 0.777344 0.801758 0.785156 0.802734
0 0.055664 0.286133 0.052734 0.288086 0.053711 0.295898 0.056641 0.291992
0 0.600586 0.829102 0.603516 0.834961 0.610352 0.835938 0.608398 0.831055
0 0.315430 0.844727 0.317383 0.847656 0.326172 0.845703 0.323242 0.842773
0 0.620117 0.571289 0.614258 0.572266 0.612305 0.576172 0.620117 0.574219
0 0.190430 0.135742 0.190430 0.142578 0.192383 0.144531 0.194336 0.137695
0 0.941406 0.018555 0.936523 0.019531 0.933594 0.026367 0.939453 0.024414
0 0.625977 0.437500 0.625977 0.442383 0.630859 0.445312 0.629883 0.439453
0 0.023438 0.028320 0.023438 0.031250 0.028320 0.034180 0.034180 0.033203 0.029297 0.028320
0 0.540039 0.340820 0.533203 0.342773 0.530273 0.347656 0.536133 0.347656
0 0.791992 0.366211 0.794922 0.370117 0.802734 0.368164 0.799805 0.365234
0 0.415039 0.966797 0.410156 0.966797 0.405273 0.973633 0.412109 0.972656