0 0.638672 0.795898 0.638672 0.804688 0.644531 0.808594 0.644531 0.800781 0.642578 0.796875
0 0.790039 0.346680 0.784180 0.350586 0.784180 0.356445 0.789062 0.354492
0 0.710938 0.120117 0.710938 0.124023 0.714844 0.127930 0.719727 0.128906 0.718750 0.123047
0 0.922852 0.257812 0.923828 0.265625 0.927734 0.266602 0.926758 0.258789
0 0.850586 0.246094 0.853516 0.251953 0.858398 0.252930 0.855469 0.247070
0 0.144531 0.203125 0.138672 0.204102 0.134766 0.211914 0.142578 0.208984
0 0.545898 0.272461 0.554688 0.272461 0.557617 0.268555 0.548828 0.267578
0 0.430664 0.398438 0.433594 0.404297 0.439453 0.405273 0.436523 0.399414
0 0.559570 0.604492 0.557617 0.612305 0.561523 0.619141 0.563477 0.617188 0.563477 0.609375 0.561523 0.604492
0 0.067383 0.763672 0.064453 0.765625 0.066406 0.773438 0.069336 0.770508
0 0.958008 0.454102 0.958008 0.463867 0.961914 0.464844 0.961914 0.456055
0 0.595703 0.177734 0.589844 0.181641 0.589844 0.187500 0.594727 0.185547
0 0.258789 0.947266 0.256836 0.956055 0.260742 0.957031 0.261719 0.950195
0 0.373047 0.184570 0.382812 0.186523 0.386719 0.183594 0.377930 0.181641
0 0.183594 0.065430 0.182617 0.071289 0.185547 0.074219 0.186523 0.066406
0 0.545898 0.048828 0.549805 0.052734 0.554688 0.052734 0.551758 0.048828
0 0.616211 0.661133 0.618164 0.665039 0.625977 0.665039 0.624023 0.661133
0 0.950195 0.646484 0.944336 0.644531 0.938477 0.647461 0.937500 0.651367 0.946289 0.650391
0 0.220703 0.401367 0.212891 0.402344 0.209961 0.407227 0.218750 0.406250
0 0.371094 0.081055 0.371094 0.086914 0.375977 0.090820 0.375000 0.083008
0 0.933594 0.447266 0.932617 0.458008 0.935547 0.459961 0.938477 0.451172 0.936523 0.447266
0 0.357422 0.120117 0.357422 0.128906 0.360352 0.132812 0.363281 0.132812 0.364258 0.126953 0.361328 0.121094
0 0.731445 0.839844 0.734375 0.843750 0.741211 0.843750 0.741211 0.840820 0.737305 0.838867
0 0.948242 0.262695 0.949219 0.268555 0.958984 0.273438 0.958008 0.267578
0 0.169922 0.162109 0.161133 0.164062 0.159180 0.168945 0.166992 0.167969
0 0.316406 0.572266 0.318359 0.578125 0.327148 0.581055 0.321289 0.572266
0 0.341797 0.920898 0.343750 0.925781 0.350586 0.926758 0.346680 0.920898
0 0.697266 0.387695 0.693359 0.391602 0.693359 0.396484 0.698242 0.391602
0 0.666016 0.887695 0.666992 0.890625 0.673828 0.892578 0.672852 0.888672
0 0.726562 0.529297 0.729492 0.535156 0.737305 0.536133 0.733398 0.530273
0 0.951172 0.026367 0.946289 0.029297 0.945312 0.036133 0.950195 0.034180