0 0.618164 0.682617 0.613281 0.683594 0.609375 0.691406 0.614258 0.690430
0 0.826172 0.746094 0.817383 0.747070 0.811523 0.753906 0.822266 0.752930
0 0.929688 0.836914 0.924805 0.838867 0.923828 0.845703 0.929688 0.841797
0 0.111328 0.046875 0.111328 0.053711 0.116211 0.057617 0.120117 0.057617 0.117188 0.049805
0 0.038086 0.173828 0.038086 0.179688 0.042969 0.184570 0.045898 0.184570 0.043945 0.176758
0 0.378906 0.499023 0.377930 0.508789 0.380859 0.508789 0.381836 0.500977
0 0.112305 0.832031 0.108398 0.833984 0.108398 0.841797 0.112305 0.838867
0 0.446289 0.423828 0.443359 0.423828 0.442383 0.426758 0.444336 0.433594 0.447266 0.427734
0 0.040039 0.411133 0.041992 0.414062 0.048828 0.414062 0.046875 0.411133
0 0.589844 0.625000 0.583984 0.625977 0.579102 0.634766 0.586914 0.632812
0 0.291992 0.486328 0.296875 0.492188 0.303711 0.491211 0.301758 0.486328
0 0.393555 0.042969 0.397461 0.049805 0.403320 0.050781 0.401367 0.044922
0 0.631836 0.071289 0.631836 0.079102 0.633789 0.082031 0.636719 0.082031 0.636719 0.075195
0 0.907227 0.669922 0.900391 0.671875 0.898438 0.677734 0.903320 0.676758
0 0.168945 0.077148 0.176758 0.079102 0.177734 0.075195 0.170898 0.075195
0 0.228516 0.645508 0.228516 0.651367 0.233398 0.655273 0.235352 0.654297 0.233398 0.648438
0 0.797852 0.537109 0.797852 0.545898 0.801758 0.548828 0.803711 0.543945 0.801758 0.539062
0 0.151367 0.038086 0.153320 0.041992 0.163086 0.043945 0.162109 0.039062
0 0.291992 0.897461 0.287109 0.901367 0.288086 0.909180 0.291992 0.903320
0 0.870117 0.007812 0.863281 0.007812 0.860352 0.009766 0.860352 0.012695 0.867188 0.011719
0 0.325195 0.020508 0.325195 0.028320 0.330078 0.030273 0.329102 0.023438
0 0.197266 0.364258 0.198242 0.367188 0.204102 0.368164 0.208984 0.365234 0.208008 0.362305
0 0.897461 0.025391 0.897461 0.028320 0.902344 0.030273 0.911133 0.027344 0.907227 0.023438 0.899414 0.023438
0 0.819336 0.645508 0.815430 0.648438 0.817383 0.659180 0.821289 0.653320
0 0.939453 0.505859 0.942383 0.511719 0.950195 0.512695 0.948242 0.507812
0 0.596680 0.480469 0.597656 0.487305 0.603516 0.489258 0.601562 0.483398
0 0.303711 0.021484 0.307617 0.027344 0.313477 0.027344 0.309570 0.021484
0 0.281250 0.765625 0.283203 0.769531 0.291016 0.770508 0.291016 0.767578 0.288086 0.765625
0 0.070312 0.028320 0.071289 0.031250 0.080078 0.030273 0.080078 0.026367
0 0.968750 0.550781 0.972656 0.554688 0.978516 0.553711 0.975586 0.549805
0 0.708008 0.072266 0.708008 0.075195 0.710938 0.077148 0.718750 0.076172 0.714844 0.072266
0 0.437500 0.476562 0.438477 0.483398 0.442383 0.485352 0.441406 0.477539
0 0.576172 0.093750 0.575195 0.097656 0.579102 0.105469 0.581055 0.097656 0.579102 0.093750
0 0.391602 0.651367 0.395508 0.655273 0.402344 0.655273 0.399414 0.650391
0 0.555664 0.020508 0.554688 0.025391 0.557617 0.032227 0.559570 0.032227 0.560547 0.024414 0.558594 0.020508
0 0.827148 0.552734 0.828125 0.556641 0.836914 0.557617 0.834961 0.554688
0 0.926758 0.173828 0.921875 0.172852 0.916992 0.178711 0.924805 0.176758
0 0.165039 0.660156 0.165039 0.663086 0.169922 0.664062 0.178711 0.662109 0.175781 0.658203
0 0.851562 0.060547 0.846680 0.060547 0.842773 0.064453 0.847656 0.065430
0 0.644531 0.795898 0.649414 0.800781 0.656250 0.800781 0.657227 0.798828 0.652344 0.794922
0 0.376953 0.800781 0.372070 0.800781 0.368164 0.806641 0.374023 0.805664
0 0.660156 0.620117 0.665039 0.625000 0.671875 0.623047 0.669922 0.619141
0 0.913086 0.425781 0.915039 0.428711 0.923828 0.427734 0.919922 0.423828
0 0.762695 0.159180 0.763672 0.165039 0.769531 0.168945 0.768555 0.161133
0 0.256836 0.325195 0.250000 0.328125 0.248047 0.332031 0.250000 0.333984 0.252930 0.333008
0 0.136719 0.623047 0.130859 0.625977 0.128906 0.634766 0.132812 0.634766 0.135742 0.631836
0 0.416992 0.558594 0.416016 0.561523 0.418945 0.568359 0.424805 0.571289 0.425781 0.566406 0.423828 0.562500
0 0.982422 0.397461 0.976562 0.401367 0.974609 0.409180 0.980469 0.407227 0.983398 0.401367
0 0.603516 0.368164 0.604492 0.376953 0.609375 0.378906 0.608398 0.371094
0 0.685547 0.656250 0.679688 0.658203 0.678711 0.662109 0.683594 0.662109
0 0.364258 0.373047 0.371094 0.379883 0.375000 0.379883 0.374023 0.375000 0.371094 0.373047
0 0.840820 0.537109 0.847656 0.538086 0.849609 0.534180 0.843750 0.534180
0 0.628906 0.927734 0.623047 0.927734 0.619141 0.932617 0.624023 0.933594 0.628906 0.930664
0 0.286133 0.682617 0.286133 0.686523 0.293945 0.690430 0.292969 0.686523
0 0.496094 0.545898 0.494141 0.548828 0.497070 0.555664 0.500000 0.555664 0.500000 0.550781