0 0.453125 0.303711 0.459961 0.308594 0.465820 0.307617 0.465820 0.304688 0.460938 0.301758
0 0.307617 0.037109 0.304688 0.039062 0.306641 0.047852 0.309570 0.045898
0 0.807617 0.043945 0.810547 0.047852 0.817383 0.047852 0.813477 0.042969 0.809570 0.041992
0 0.491211 0.280273 0.484375 0.280273 0.480469 0.283203 0.480469 0.286133 0.490234 0.284180
0 0.267578 0.659180 0.270508 0.663086 0.278320 0.663086 0.275391 0.659180
0 0.333984 0.383789 0.339844 0.389648 0.346680 0.389648 0.346680 0.386719 0.342773 0.383789
0 0.805664 0.651367 0.806641 0.657227 0.813477 0.661133 0.812500 0.654297
0 0.761719 0.152344 0.756836 0.154297 0.755859 0.163086 0.759766 0.161133
0 0.783203 0.117188 0.773438 0.117188 0.770508 0.119141 0.770508 0.122070 0.781250 0.122070
0 0.120117 0.824219 0.115234 0.825195 0.112305 0.832031 0.119141 0.829102
0 0.837891 0.153320 0.834961 0.154297 0.835938 0.162109 0.838867 0.159180
0 0.060547 0.270508 0.064453 0.278320 0.071289 0.278320 0.069336 0.272461
0 0.553711 0.859375 0.555664 0.863281 0.563477 0.863281 0.560547 0.859375
0 0.343750 0.024414 0.345703 0.027344 0.351562 0.027344 0.348633 0.023438
0 0.770508 0.918945 0.764648 0.921875 0.762695 0.933594 0.769531 0.928711
0 0.938477 0.296875 0.939453 0.301758 0.946289 0.304688 0.945312 0.299805
0 0.079102 0.112305 0.074219 0.117188 0.075195 0.125000 0.079102 0.121094
0 0.981445 0.580078 0.984375 0.585938 0.990234 0.586914 0.988281 0.582031
0 0.190430 0.257812 0.184570 0.257812 0.179688 0.262695 0.187500 0.262695 0.190430 0.260742
0 0.597656 0.977539 0.601562 0.981445 0.609375 0.979492 0.607422 0.976562
0 0.101562 0.537109 0.101562 0.540039 0.104492 0.541992 0.113281 0.542969 0.111328 0.538086
0 0.034180 0.523438 0.030273 0.525391 0.028320 0.534180 0.032227 0.533203
0 0.800781 0.264648 0.806641 0.273438 0.814453 0.273438 0.810547 0.266602 0.803711 0.263672
0 0.189453 0.026367 0.186523 0.030273 0.187500 0.037109 0.191406 0.033203
0 0.948242 0.109375 0.949219 0.115234 0.957031 0.119141 0.955078 0.112305
0 0.599609 0.831055 0.598633 0.838867 0.601562 0.843750 0.603516 0.833984
0 0.749023 0.138672 0.744141 0.139648 0.740234 0.147461 0.747070 0.145508
0 0.488281 0.586914 0.488281 0.590820 0.493164 0.593750 0.501953 0.592773 0.497070 0.587891
0 0.230469 0.435547 0.229492 0.443359 0.232422 0.448242 0.234375 0.446289 0.234375 0.439453
0 0.889648 0.099609 0.879883 0.099609 0.875977 0.101562 0.875977 0.105469 0.884766 0.105469 0.889648 0.102539
0 0.776367 0.086914 0.779297 0.089844 0.787109 0.088867 0.785156 0.085938
0 0.598633 0.196289 0.596680 0.198242 0.597656 0.201172 0.603516 0.206055 0.602539 0.198242
0 0.249023 0.226562 0.249023 0.234375 0.252930 0.236328 0.252930 0.228516
0 0.556641 0.812500 0.559570 0.818359 0.565430 0.819336 0.562500 0.813477
0 0.587891 0.145508 0.589844 0.148438 0.598633 0.147461 0.596680 0.143555
0 0.414062 0.393555 0.410156 0.393555 0.407227 0.398438 0.414062 0.397461
0 0.865234 0.636719 0.868164 0.641602 0.874023 0.642578 0.870117 0.635742
0 0.888672 0.550781 0.886719 0.555664 0.887695 0.559570 0.891602 0.562500 0.892578 0.556641
0 0.193359 0.661133 0.196289 0.664062 0.205078 0.662109 0.206055 0.659180 0.196289 0.658203