0 0.166016 0.206055 0.166016 0.214844 0.168945 0.216797 0.170898 0.210938 0.168945 0.206055
0 0.177734 0.294922 0.178711 0.301758 0.183594 0.305664 0.187500 0.305664 0.186523 0.299805
0 0.588867 0.806641 0.585938 0.808594 0.586914 0.817383 0.589844 0.813477
0 0.769531 0.887695 0.760742 0.889648 0.757812 0.892578 0.757812 0.896484 0.764648 0.895508
0 0.807617 0.198242 0.803711 0.201172 0.805664 0.210938 0.808594 0.205078
0 0.885742 0.286133 0.884766 0.291992 0.891602 0.298828 0.892578 0.292969
0 0.635742 0.091797 0.639648 0.097656 0.645508 0.098633 0.645508 0.093750
0 0.032227 0.656250 0.029297 0.656250 0.027344 0.659180 0.027344 0.667969 0.033203 0.660156
0 0.827148 0.695312 0.828125 0.699219 0.834961 0.700195 0.832031 0.695312
0 0.706055 0.239258 0.702148 0.237305 0.698242 0.238281 0.697266 0.241211 0.704102 0.242188
0 0.587891 0.458984 0.579102 0.459961 0.577148 0.464844 0.583008 0.464844
0 0.429688 0.406250 0.428711 0.410156 0.437500 0.415039 0.438477 0.413086 0.435547 0.408203
0 0.136719 0.077148 0.133789 0.082031 0.136719 0.091797 0.139648 0.085938
0 0.143555 0.930664 0.143555 0.933594 0.149414 0.937500 0.154297 0.935547 0.151367 0.930664
0 0.767578 0.278320 0.768555 0.283203 0.773438 0.286133 0.772461 0.280273
0 0.625977 0.033203 0.625977 0.040039 0.629883 0.044922 0.632812 0.044922 0.631836 0.037109
0 0.279297 0.180664 0.277344 0.182617 0.279297 0.186523 0.286133 0.190430 0.285156 0.183594
0 0.795898 0.859375 0.796875 0.866211 0.802734 0.870117 0.803711 0.865234 0.801758 0.861328
0 0.970703 0.456055 0.972656 0.459961 0.979492 0.458984 0.975586 0.455078
0 0.675781 0.018555 0.682617 0.018555 0.686523 0.014648 0.678711 0.013672
0 0.096680 0.505859 0.096680 0.511719 0.099609 0.515625 0.100586 0.507812
0 0.968750 0.229492 0.964844 0.231445 0.965820 0.239258 0.970703 0.234375
0 0.547852 0.736328 0.546875 0.743164 0.549805 0.749023 0.552734 0.749023 0.552734 0.741211
0 0.710938 0.322266 0.705078 0.325195 0.705078 0.332031 0.709961 0.329102
0 0.092773 0.217773 0.085938 0.220703 0.085938 0.226562 0.091797 0.222656
0 0.874023 0.227539 0.871094 0.227539 0.867188 0.234375 0.871094 0.233398