0 0.561523 0.764648 0.555664 0.765625 0.552734 0.769531 0.560547 0.769531
0 0.365234 0.109375 0.356445 0.109375 0.353516 0.113281 0.354492 0.115234 0.359375 0.115234
0 0.178711 0.867188 0.175781 0.867188 0.173828 0.870117 0.174805 0.878906 0.178711 0.874023
0 0.293945 0.526367 0.290039 0.530273 0.291016 0.536133 0.294922 0.531250
0 0.908203 0.781250 0.907227 0.785156 0.909180 0.788086 0.916016 0.791992 0.914062 0.783203
0 0.611328 0.897461 0.605469 0.897461 0.601562 0.904297 0.609375 0.901367
0 0.842773 0.510742 0.840820 0.511719 0.840820 0.517578 0.845703 0.522461 0.845703 0.514648
0 0.635742 0.968750 0.637695 0.972656 0.644531 0.974609 0.641602 0.968750
0 0.424805 0.510742 0.427734 0.517578 0.434570 0.518555 0.431641 0.512695
0 0.638672 0.643555 0.640625 0.651367 0.647461 0.654297 0.646484 0.647461
0 0.609375 0.011719 0.613281 0.015625 0.620117 0.014648 0.617188 0.010742
0 0.367188 0.027344 0.367188 0.032227 0.373047 0.036133 0.372070 0.030273
0 0.950195 0.319336 0.944336 0.320312 0.941406 0.326172 0.949219 0.324219
0 0.979492 0.916992 0.974609 0.916016 0.969727 0.919922 0.976562 0.920898
0 0.622070 0.302734 0.616211 0.302734 0.611328 0.309570 0.619141 0.307617
0 0.800781 0.214844 0.795898 0.212891 0.791992 0.213867 0.791016 0.216797 0.798828 0.217773
0 0.283203 0.360352 0.275391 0.360352 0.272461 0.366211 0.278320 0.366211
0 0.609375 0.663086 0.610352 0.666016 0.620117 0.664062 0.620117 0.661133 0.613281 0.660156
0 0.681641 0.419922 0.676758 0.421875 0.675781 0.428711 0.679688 0.427734
0 0.362305 0.293945 0.357422 0.296875 0.356445 0.303711 0.361328 0.300781
0 0.551758 0.868164 0.542969 0.870117 0.541992 0.874023 0.547852 0.874023
0 0.723633 0.078125 0.715820 0.079102 0.712891 0.084961 0.722656 0.082031
0 0.290039 0.179688 0.291016 0.186523 0.299805 0.190430 0.298828 0.184570
0 0.722656 0.125977 0.716797 0.128906 0.714844 0.137695 0.720703 0.134766
0 0.814453 0.358398 0.818359 0.364258 0.825195 0.365234 0.819336 0.357422
0 0.682617 0.018555 0.676758 0.017578 0.672852 0.022461 0.679688 0.022461
0 0.054688 0.256836 0.054688 0.265625 0.060547 0.270508 0.060547 0.260742 0.057617 0.256836
0 0.295898 0.125977 0.292969 0.130859 0.294922 0.136719 0.297852 0.133789
0 0.623047 0.989258 0.625000 0.994141 0.632812 0.994141 0.627930 0.989258
0 0.076172 0.540039 0.072266 0.542969 0.071289 0.550781 0.078125 0.546875
0 0.660156 0.880859 0.655273 0.883789 0.654297 0.889648 0.661133 0.885742
0 0.636719 0.359375 0.636719 0.362305 0.639648 0.364258 0.648438 0.364258 0.641602 0.358398
0 0.371094 0.390625 0.373047 0.394531 0.379883 0.394531 0.381836 0.392578 0.377930 0.389648
0 0.938477 0.267578 0.933594 0.265625 0.928711 0.267578 0.927734 0.270508 0.933594 0.271484
0 0.678711 0.882812 0.679688 0.887695 0.686523 0.890625 0.684570 0.884766
0 0.499023 0.812500 0.503906 0.818359 0.510742 0.818359 0.507812 0.813477
0 0.704102 0.235352 0.704102 0.241211 0.708984 0.246094 0.709961 0.240234
0 0.932617 0.761719 0.928711 0.764648 0.928711 0.772461 0.931641 0.772461 0.933594 0.768555
0 0.015625 0.927734 0.009766 0.927734 0.004883 0.932617 0.011719 0.933594 0.015625 0.930664
0 0.771484 0.965820 0.775391 0.970703 0.781250 0.971680 0.779297 0.966797
0 0.291016 0.958008 0.292969 0.964844 0.296875 0.965820 0.295898 0.959961
0 0.436523 0.472656 0.434570 0.474609 0.436523 0.479492 0.442383 0.482422 0.442383 0.478516
0 0.726562 0.498047 0.722656 0.500000 0.722656 0.509766 0.724609 0.511719 0.728516 0.501953
0 0.165039 0.782227 0.166992 0.788086 0.170898 0.790039 0.170898 0.784180
0 0.669922 0.826172 0.675781 0.833008 0.684570 0.833008 0.684570 0.830078 0.678711 0.826172
0 0.160156 0.895508 0.154297 0.898438 0.154297 0.904297 0.159180 0.901367
0 0.128906 0.806641 0.128906 0.814453 0.130859 0.817383 0.133789 0.817383 0.133789 0.811523
0 0.606445 0.197266 0.611328 0.201172 0.615234 0.201172 0.612305 0.196289
0 0.089844 0.906250 0.091797 0.909180 0.102539 0.907227 0.099609 0.904297 0.091797 0.904297
0 0.223633 0.601562 0.224609 0.604492 0.232422 0.602539 0.230469 0.599609
0 0.932617 0.363281 0.925781 0.368164 0.924805 0.373047 0.933594 0.368164
0 0.304688 0.233398 0.300781 0.233398 0.295898 0.240234 0.302734 0.239258
0 0.205078 0.780273 0.199219 0.781250 0.197266 0.787109 0.201172 0.787109
0 0.016602 0.859375 0.014648 0.864258 0.017578 0.871094 0.019531 0.871094 0.020508 0.865234
0 0.715820 0.533203 0.714844 0.542969 0.717773 0.542969 0.718750 0.535156
0 0.459961 0.875000 0.459961 0.881836 0.465820 0.885742 0.464844 0.877930
0 0.951172 0.104492 0.951172 0.109375 0.954102 0.112305 0.955078 0.107422
0 0.319336 0.814453 0.311523 0.814453 0.308594 0.819336 0.312500 0.820312
0 0.859375 0.461914 0.851562 0.461914 0.848633 0.466797 0.855469 0.466797
0 0.419922 0.895508 0.422852 0.901367 0.429688 0.902344 0.427734 0.897461
0 0.092773 0.487305 0.089844 0.487305 0.087891 0.490234 0.088867 0.498047 0.091797 0.497070
0 0.180664 0.495117 0.179688 0.501953 0.184570 0.507812 0.185547 0.499023 0.183594 0.495117
0 0.222656 0.550781 0.215820 0.551758 0.213867 0.558594 0.219727 0.556641