0 0.833008 0.545898 0.827148 0.543945 0.823242 0.545898 0.823242 0.548828 0.829102 0.548828
0 0.083984 0.452148 0.088867 0.457031 0.096680 0.456055 0.096680 0.453125 0.091797 0.451172
0 0.672852 0.227539 0.677734 0.231445 0.683594 0.230469 0.679688 0.226562
0 0.353516 0.837891 0.349609 0.837891 0.347656 0.841797 0.348633 0.847656 0.353516 0.842773
0 0.323242 0.486328 0.316406 0.490234 0.316406 0.496094 0.320312 0.495117
0 0.983398 0.046875 0.982422 0.053711 0.986328 0.057617 0.987305 0.050781
0 0.075195 0.752930 0.078125 0.756836 0.083984 0.757812 0.083008 0.753906
0 0.348633 0.691406 0.343750 0.692383 0.339844 0.700195 0.346680 0.698242
0 0.415039 0.284180 0.415039 0.291016 0.417969 0.293945 0.419922 0.288086
0 0.310547 0.582031 0.304688 0.583008 0.300781 0.589844 0.308594 0.586914
0 0.957031 0.448242 0.959961 0.453125 0.967773 0.453125 0.960938 0.447266
0 0.372070 0.852539 0.368164 0.854492 0.366211 0.861328 0.371094 0.859375
0 0.673828 0.935547 0.666992 0.939453 0.666016 0.945312 0.671875 0.943359
0 0.510742 0.931641 0.509766 0.936523 0.512695 0.939453 0.513672 0.932617
0 0.100586 0.500977 0.109375 0.502930 0.111328 0.499023 0.103516 0.498047
0 0.481445 0.566406 0.477539 0.567383 0.476562 0.575195 0.479492 0.575195
0 0.568359 0.802734 0.561523 0.803711 0.558594 0.808594 0.563477 0.808594
0 0.887695 0.091797 0.891602 0.094727 0.898438 0.093750 0.896484 0.090820
0 0.566406 0.837891 0.566406 0.839844 0.571289 0.841797 0.578125 0.839844 0.570312 0.835938
0 0.456055 0.750977 0.450195 0.754883 0.449219 0.760742 0.455078 0.758789
0 0.409180 0.971680 0.403320 0.970703 0.397461 0.972656 0.397461 0.974609 0.405273 0.976562 0.409180 0.974609
0 0.651367 0.635742 0.652344 0.639648 0.661133 0.640625 0.659180 0.636719
0 0.778320 0.643555 0.782227 0.647461 0.791016 0.646484 0.786133 0.641602
0 0.716797 0.391602 0.718750 0.396484 0.724609 0.398438 0.727539 0.396484 0.723633 0.391602
0 0.452148 0.598633 0.452148 0.603516 0.456055 0.607422 0.459961 0.607422 0.458008 0.600586
0 0.050781 0.861328 0.044922 0.865234 0.043945 0.871094 0.049805 0.869141 0.051758 0.866211
0 0.516602 0.875000 0.512695 0.875000 0.508789 0.881836 0.513672 0.880859
0 0.766602 0.379883 0.762695 0.378906 0.757812 0.382812 0.762695 0.383789
0 0.306641 0.967773 0.308594 0.975586 0.311523 0.978516 0.315430 0.978516 0.314453 0.971680
0 0.749023 0.432617 0.749023 0.440430 0.751953 0.443359 0.753906 0.442383 0.753906 0.435547 0.751953 0.432617
0 0.728516 0.750000 0.734375 0.754883 0.740234 0.753906 0.737305 0.750000
0 0.399414 0.770508 0.402344 0.780273 0.406250 0.781250 0.405273 0.773438
0 0.210938 0.246094 0.207031 0.247070 0.208008 0.257812 0.211914 0.253906