0 0.686523 0.600586 0.679688 0.600586 0.675781 0.606445 0.683594 0.605469
0 0.286133 0.876953 0.290039 0.882812 0.295898 0.883789 0.292969 0.877930
0 0.071289 0.789062 0.073242 0.794922 0.079102 0.795898 0.076172 0.790039
0 0.602539 0.841797 0.604492 0.844727 0.613281 0.842773 0.610352 0.839844
0 0.798828 0.559570 0.797852 0.564453 0.802734 0.571289 0.804688 0.570312 0.804688 0.565430
0 0.712891 0.230469 0.713867 0.234375 0.722656 0.236328 0.719727 0.231445
0 0.683594 0.154297 0.686523 0.157227 0.694336 0.156250 0.690430 0.152344
0 0.033203 0.088867 0.037109 0.092773 0.044922 0.089844 0.039062 0.086914
0 0.976562 0.219727 0.972656 0.224609 0.972656 0.231445 0.974609 0.233398 0.978516 0.228516
0 0.114258 0.759766 0.107422 0.762695 0.106445 0.771484 0.113281 0.766602
0 0.181641 0.861328 0.175781 0.862305 0.173828 0.867188 0.178711 0.866211
0 0.553711 0.110352 0.557617 0.114258 0.566406 0.113281 0.564453 0.109375
0 0.345703 0.463867 0.349609 0.468750 0.356445 0.468750 0.353516 0.463867
0 0.197266 0.500977 0.194336 0.505859 0.196289 0.511719 0.199219 0.508789
0 0.199219 0.255859 0.201172 0.259766 0.208984 0.260742 0.208008 0.256836
0 0.808594 0.187500 0.808594 0.196289 0.813477 0.200195 0.813477 0.190430
0 0.793945 0.668945 0.789062 0.666992 0.785156 0.667969 0.784180 0.670898 0.791992 0.671875
0 0.352539 0.583008 0.353516 0.589844 0.359375 0.592773 0.357422 0.584961
0 0.655273 0.942383 0.657227 0.946289 0.664062 0.944336 0.661133 0.941406
0 0.652344 0.751953 0.645508 0.751953 0.642578 0.756836 0.648438 0.756836
0 0.083984 0.202148 0.087891 0.209961 0.094727 0.211914 0.094727 0.208984 0.088867 0.202148
0 0.479492 0.146484 0.478516 0.151367 0.482422 0.158203 0.484375 0.151367
0 0.653320 0.624023 0.654297 0.631836 0.660156 0.634766 0.659180 0.625977
0 0.724609 0.815430 0.728516 0.818359 0.735352 0.818359 0.730469 0.813477
0 0.583984 0.441406 0.583984 0.444336 0.586914 0.445312 0.592773 0.443359 0.591797 0.440430
0 0.640625 0.162109 0.642578 0.168945 0.649414 0.170898 0.649414 0.166016 0.646484 0.163086
0 0.655273 0.912109 0.653320 0.917969 0.659180 0.923828 0.659180 0.915039
0 0.822266 0.679688 0.816406 0.679688 0.812500 0.684570 0.819336 0.684570 0.822266 0.682617
0 0.738281 0.183594 0.739258 0.188477 0.746094 0.192383 0.746094 0.187500
0 0.040039 0.460938 0.036133 0.462891 0.036133 0.468750 0.039062 0.472656 0.041016 0.469727
0 0.257812 0.694336 0.252930 0.696289 0.250977 0.704102 0.256836 0.701172
0 0.345703 0.322266 0.340820 0.322266 0.336914 0.330078 0.343750 0.328125
0 0.277344 0.101562 0.274414 0.103516 0.276367 0.112305 0.279297 0.110352
0 0.910156 0.776367 0.904297 0.774414 0.899414 0.779297 0.907227 0.779297
0 0.714844 0.120117 0.718750 0.125977 0.723633 0.125000 0.722656 0.121094
0 0.818359 0.198242 0.820312 0.206055 0.828125 0.208984 0.827148 0.203125
0 0.514648 0.088867 0.508789 0.088867 0.504883 0.093750 0.510742 0.093750
0 0.548828 0.072266 0.544922 0.074219 0.542969 0.079102 0.544922 0.087891 0.547852 0.087891 0.549805 0.083984
0 0.489258 0.411133 0.482422 0.413086 0.480469 0.417969 0.486328 0.416992
0 0.166992 0.504883 0.166992 0.511719 0.170898 0.515625 0.171875 0.508789
0 0.139648 0.351562 0.135742 0.355469 0.136719 0.363281 0.140625 0.360352
0 0.229492 0.937500 0.228516 0.944336 0.232422 0.947266 0.233398 0.940430
0 0.359375 0.106445 0.352539 0.108398 0.350586 0.114258 0.358398 0.111328
0 0.276367 0.389648 0.273438 0.389648 0.269531 0.394531 0.269531 0.401367 0.275391 0.397461
0 0.414062 0.733398 0.416016 0.740234 0.421875 0.742188 0.421875 0.738281