0 0.559570 0.771484 0.560547 0.774414 0.567383 0.777344 0.565430 0.771484
0 0.266602 0.649414 0.268555 0.653320 0.277344 0.655273 0.274414 0.649414
0 0.370117 0.711914 0.370117 0.717773 0.375977 0.721680 0.374023 0.713867
0 0.468750 0.420898 0.464844 0.423828 0.464844 0.430664 0.469727 0.426758
0 0.742188 0.658203 0.745117 0.663086 0.751953 0.665039 0.750977 0.660156
0 0.379883 0.988281 0.381836 0.990234 0.389648 0.990234 0.391602 0.986328 0.383789 0.985352
0 0.369141 0.075195 0.371094 0.081055 0.375977 0.083008 0.375000 0.077148
0 0.881836 0.203125 0.882812 0.207031 0.889648 0.208984 0.887695 0.204102
0 0.272461 0.052734 0.276367 0.057617 0.286133 0.057617 0.282227 0.052734
0 0.501953 0.157227 0.497070 0.163086 0.498047 0.168945 0.502930 0.166016 0.503906 0.160156
0 0.610352 0.363281 0.612305 0.365234 0.620117 0.364258 0.618164 0.361328
0 0.663086 0.523438 0.664062 0.531250 0.668945 0.532227 0.666016 0.523438
0 0.534180 0.981445 0.541992 0.982422 0.544922 0.978516 0.539062 0.977539
0 0.515625 0.455078 0.515625 0.460938 0.519531 0.463867 0.520508 0.458984
0 0.394531 0.452148 0.393555 0.457031 0.395508 0.461914 0.397461 0.461914 0.399414 0.455078
0 0.043945 0.955078 0.039062 0.955078 0.035156 0.962891 0.041992 0.960938
0 0.896484 0.879883 0.897461 0.883789 0.904297 0.883789 0.906250 0.881836 0.905273 0.879883
0 0.864258 0.786133 0.867188 0.791016 0.876953 0.791016 0.872070 0.786133
0 0.540039 0.058594 0.539062 0.064453 0.542969 0.067383 0.543945 0.064453
0 0.952148 0.275391 0.949219 0.277344 0.949219 0.287109 0.953125 0.284180
0 0.086914 0.971680 0.084961 0.973633 0.087891 0.980469 0.092773 0.982422 0.091797 0.974609
0 0.507812 0.449219 0.499023 0.449219 0.496094 0.453125 0.503906 0.454102
0 0.478516 0.777344 0.480469 0.780273 0.489258 0.779297 0.489258 0.777344 0.484375 0.775391
0 0.456055 0.463867 0.450195 0.463867 0.445312 0.472656 0.453125 0.470703
0 0.448242 0.530273 0.447266 0.536133 0.452148 0.540039 0.451172 0.532227
0 0.593750 0.505859 0.597656 0.510742 0.604492 0.510742 0.602539 0.505859
0 0.169922 0.455078 0.162109 0.457031 0.160156 0.461914 0.166016 0.461914
0 0.080078 0.385742 0.076172 0.388672 0.077148 0.395508 0.081055 0.388672
0 0.599609 0.851562 0.606445 0.852539 0.610352 0.848633 0.602539 0.847656
0 0.628906 0.950195 0.632812 0.954102 0.639648 0.954102 0.639648 0.951172 0.636719 0.949219
0 0.371094 0.458984 0.365234 0.458984 0.361328 0.465820 0.369141 0.463867
0 0.403320 0.507812 0.402344 0.516602 0.405273 0.518555 0.407227 0.508789
0 0.060547 0.803711 0.054688 0.806641 0.053711 0.813477 0.059570 0.810547
0 0.242188 0.487305 0.235352 0.489258 0.233398 0.495117 0.238281 0.495117
0 0.650391 0.721680 0.650391 0.724609 0.653320 0.726562 0.660156 0.726562 0.656250 0.721680
0 0.304688 0.557617 0.307617 0.561523 0.318359 0.558594 0.314453 0.555664
0 0.778320 0.263672 0.778320 0.268555 0.785156 0.272461 0.786133 0.268555
0 0.493164 0.627930 0.492188 0.632812 0.495117 0.638672 0.498047 0.633789 0.496094 0.628906
0 0.625000 0.440430 0.625000 0.450195 0.626953 0.453125 0.629883 0.453125 0.629883 0.442383
0 0.931641 0.498047 0.926758 0.501953 0.926758 0.509766 0.931641 0.507812
0 0.091797 0.791992 0.090820 0.797852 0.093750 0.801758 0.094727 0.792969
0 0.807617 0.514648 0.802734 0.517578 0.801758 0.524414 0.805664 0.523438
0 0.311523 0.572266 0.312500 0.580078 0.316406 0.581055 0.314453 0.572266
0 0.347656 0.301758 0.346680 0.310547 0.350586 0.311523 0.351562 0.304688 0.350586 0.301758
0 0.878906 0.487305 0.879883 0.494141 0.887695 0.498047 0.887695 0.492188 0.883789 0.488281
0 0.090820 0.051758 0.091797 0.054688 0.100586 0.053711 0.098633 0.050781
0 0.807617 0.273438 0.811523 0.279297 0.816406 0.280273 0.815430 0.274414
0 0.798828 0.668945 0.798828 0.672852 0.801758 0.675781 0.809570 0.677734 0.805664 0.670898
0 0.676758 0.377930 0.670898 0.378906 0.668945 0.384766 0.674805 0.383789
0 0.053711 0.634766 0.048828 0.637695 0.047852 0.644531 0.053711 0.641602
0 0.416016 0.700195 0.416992 0.704102 0.426758 0.704102 0.422852 0.700195
0 0.512695 0.873047 0.509766 0.880859 0.510742 0.885742 0.514648 0.886719 0.516602 0.875000
0 0.937500 0.036133 0.932617 0.035156 0.927734 0.039062 0.934570 0.040039
0 0.192383 0.710938 0.193359 0.716797 0.200195 0.719727 0.198242 0.712891
0 0.364258 0.974609 0.365234 0.981445 0.374023 0.986328 0.375000 0.983398 0.372070 0.977539
0 0.497070 0.050781 0.499023 0.056641 0.506836 0.058594 0.501953 0.050781
0 0.766602 0.983398 0.760742 0.984375 0.757812 0.991211 0.764648 0.988281