0 0.223633 0.990234 0.229492 0.991211 0.233398 0.987305 0.226562 0.986328
0 0.994141 0.792969 0.987305 0.794922 0.986328 0.798828 0.992188 0.797852
0 0.595703 0.875000 0.589844 0.875000 0.585938 0.878906 0.585938 0.882812 0.593750 0.879883
0 0.069336 0.900391 0.070312 0.907227 0.077148 0.911133 0.077148 0.904297
0 0.511719 0.073242 0.503906 0.074219 0.500977 0.080078 0.510742 0.077148
0 0.290039 0.750000 0.293945 0.758789 0.300781 0.759766 0.297852 0.752930
0 0.021484 0.055664 0.022461 0.061523 0.027344 0.064453 0.027344 0.059570
0 0.642578 0.350586 0.638672 0.352539 0.638672 0.359375 0.643555 0.355469
0 0.363281 0.040039 0.363281 0.044922 0.366211 0.048828 0.369141 0.048828 0.368164 0.042969
0 0.188477 0.459961 0.186523 0.464844 0.191406 0.471680 0.192383 0.465820
0 0.985352 0.458008 0.984375 0.463867 0.988281 0.469727 0.991211 0.469727 0.991211 0.462891
0 0.652344 0.516602 0.655273 0.521484 0.662109 0.521484 0.660156 0.517578
0 0.725586 0.561523 0.729492 0.566406 0.736328 0.567383 0.733398 0.561523 0.727539 0.559570
0 0.803711 0.512695 0.806641 0.515625 0.814453 0.514648 0.810547 0.510742
0 0.417969 0.201172 0.416016 0.208008 0.420898 0.212891 0.421875 0.205078
0 0.450195 0.363281 0.451172 0.372070 0.456055 0.374023 0.454102 0.364258
0 0.870117 0.299805 0.873047 0.304688 0.881836 0.304688 0.875977 0.298828
0 0.870117 0.470703 0.874023 0.476562 0.882812 0.476562 0.878906 0.471680
0 0.116211 0.877930 0.112305 0.877930 0.107422 0.885742 0.112305 0.885742
0 0.105469 0.027344 0.106445 0.037109 0.112305 0.040039 0.112305 0.032227
0 0.919922 0.254883 0.924805 0.259766 0.932617 0.259766 0.934570 0.257812 0.928711 0.253906
0 0.366211 0.822266 0.372070 0.822266 0.376953 0.817383 0.370117 0.816406
0 0.475586 0.155273 0.469727 0.158203 0.468750 0.164062 0.474609 0.162109
0 0.213867 0.312500 0.206055 0.312500 0.203125 0.316406 0.208984 0.317383
0 0.532227 0.032227 0.528320 0.032227 0.526367 0.041016 0.531250 0.038086
0 0.583984 0.293945 0.578125 0.292969 0.573242 0.296875 0.572266 0.300781 0.581055 0.298828
0 0.557617 0.587891 0.553711 0.590820 0.553711 0.597656 0.558594 0.593750
0 0.139648 0.738281 0.140625 0.744141 0.147461 0.746094 0.146484 0.741211
0 0.259766 0.052734 0.251953 0.053711 0.250000 0.059570 0.255859 0.058594
0 0.024414 0.239258 0.025391 0.244141 0.030273 0.248047 0.029297 0.241211
0 0.894531 0.346680 0.896484 0.351562 0.905273 0.351562 0.900391 0.346680
0 0.097656 0.081055 0.091797 0.080078 0.086914 0.085938 0.092773 0.085938
0 0.956055 0.688477 0.958008 0.692383 0.965820 0.693359 0.961914 0.688477
0 0.395508 0.051758 0.388672 0.051758 0.384766 0.058594 0.392578 0.056641
0 0.833008 0.163086 0.826172 0.164062 0.823242 0.168945 0.831055 0.167969
0 0.679688 0.366211 0.674805 0.366211 0.669922 0.372070 0.677734 0.371094
0 0.674805 0.953125 0.676758 0.957031 0.684570 0.958984 0.680664 0.953125
0 0.362305 0.806641 0.357422 0.810547 0.357422 0.819336 0.359375 0.819336 0.363281 0.812500
0 0.375977 0.777344 0.376953 0.780273 0.386719 0.778320 0.386719 0.775391 0.379883 0.774414
0 0.709961 0.061523 0.711914 0.067383 0.716797 0.070312 0.715820 0.063477 0.711914 0.060547
0 0.721680 0.139648 0.725586 0.144531 0.733398 0.144531 0.728516 0.138672
0 0.210938 0.173828 0.208008 0.175781 0.209961 0.184570 0.211914 0.180664