0 0.955078 0.484375 0.948242 0.485352 0.944336 0.494141 0.953125 0.491211
0 0.247070 0.900391 0.255859 0.902344 0.257812 0.898438 0.250000 0.897461
0 0.428711 0.459961 0.420898 0.459961 0.416016 0.464844 0.425781 0.464844
0 0.454102 0.846680 0.458008 0.851562 0.463867 0.850586 0.459961 0.846680
0 0.456055 0.935547 0.458984 0.939453 0.466797 0.939453 0.463867 0.935547
0 0.909180 0.541016 0.909180 0.543945 0.912109 0.544922 0.919922 0.542969 0.917969 0.539062
0 0.699219 0.367188 0.696289 0.370117 0.697266 0.376953 0.701172 0.373047
0 0.222656 0.046875 0.225586 0.049805 0.235352 0.048828 0.234375 0.045898 0.223633 0.044922
0 0.850586 0.942383 0.846680 0.942383 0.841797 0.951172 0.846680 0.950195
0 0.958008 0.003906 0.957031 0.007812 0.960938 0.012695 0.961914 0.007812
0 0.959961 0.188477 0.960938 0.194336 0.967773 0.197266 0.965820 0.189453
0 0.139648 0.292969 0.148438 0.292969 0.149414 0.290039 0.140625 0.289062
0 0.444336 0.646484 0.444336 0.649414 0.448242 0.651367 0.455078 0.650391 0.454102 0.646484
0 0.814453 0.634766 0.813477 0.644531 0.816406 0.646484 0.818359 0.637695 0.817383 0.634766
0 0.163086 0.719727 0.165039 0.724609 0.173828 0.726562 0.171875 0.721680
0 0.075195 0.232422 0.074219 0.241211 0.078125 0.246094 0.080078 0.244141 0.080078 0.236328 0.078125 0.232422
0 0.957031 0.667969 0.959961 0.671875 0.967773 0.670898 0.961914 0.666992
0 0.824219 0.195312 0.818359 0.194336 0.813477 0.197266 0.812500 0.201172 0.824219 0.198242
0 0.188477 0.239258 0.188477 0.241211 0.197266 0.242188 0.199219 0.236328 0.193359 0.236328
0 0.575195 0.925781 0.569336 0.926758 0.565430 0.933594 0.572266 0.932617 0.575195 0.929688
0 0.187500 0.698242 0.183594 0.699219 0.181641 0.708008 0.184570 0.708008
0 0.447266 0.735352 0.443359 0.736328 0.443359 0.746094 0.447266 0.742188
0 0.946289 0.146484 0.939453 0.146484 0.936523 0.152344 0.944336 0.150391
0 0.833008 0.614258 0.832031 0.618164 0.833984 0.621094 0.840820 0.625000 0.838867 0.616211
0 0.745117 0.555664 0.746094 0.562500 0.750977 0.564453 0.750977 0.559570 0.748047 0.555664
0 0.652344 0.082031 0.660156 0.086914 0.666016 0.085938 0.665039 0.082031 0.660156 0.080078
0 0.031250 0.441406 0.027344 0.446289 0.028320 0.453125 0.031250 0.452148 0.033203 0.446289
0 0.850586 0.884766 0.857422 0.885742 0.863281 0.881836 0.861328 0.879883 0.854492 0.879883 0.850586 0.881836
0 0.262695 0.761719 0.256836 0.764648 0.255859 0.770508 0.260742 0.769531
0 0.885742 0.007812 0.885742 0.013672 0.890625 0.018555 0.891602 0.010742
0 0.012695 0.759766 0.015625 0.763672 0.023438 0.763672 0.021484 0.759766
0 0.462891 0.670898 0.461914 0.675781 0.466797 0.679688 0.466797 0.673828
0 0.876953 0.931641 0.871094 0.931641 0.867188 0.935547 0.867188 0.939453 0.875000 0.936523
0 0.302734 0.297852 0.297852 0.296875 0.293945 0.298828 0.291992 0.303711 0.299805 0.302734
0 0.388672 0.118164 0.390625 0.122070 0.397461 0.123047 0.395508 0.119141
0 0.219727 0.360352 0.218750 0.368164 0.219727 0.371094 0.222656 0.371094 0.223633 0.361328
0 0.113281 0.624023 0.114258 0.629883 0.121094 0.632812 0.119141 0.625977
0 0.551758 0.247070 0.552734 0.250000 0.560547 0.249023 0.557617 0.246094
0 0.847656 0.158203 0.851562 0.162109 0.858398 0.163086 0.860352 0.161133 0.857422 0.157227
0 0.830078 0.267578 0.822266 0.268555 0.821289 0.272461 0.827148 0.272461