0 0.857422 0.026367 0.866211 0.026367 0.867188 0.023438 0.859375 0.023438
0 0.057617 0.982422 0.059570 0.991211 0.063477 0.992188 0.063477 0.985352
0 0.614258 0.745117 0.614258 0.748047 0.617188 0.749023 0.625000 0.748047 0.623047 0.745117
0 0.527344 0.599609 0.527344 0.602539 0.531250 0.604492 0.540039 0.602539 0.538086 0.599609
0 0.620117 0.500000 0.616211 0.502930 0.616211 0.511719 0.619141 0.511719 0.621094 0.507812
0 0.086914 0.058594 0.088867 0.066406 0.093750 0.069336 0.093750 0.063477
0 0.583008 0.245117 0.582031 0.251953 0.585938 0.256836 0.586914 0.247070
0 0.716797 0.365234 0.717773 0.371094 0.723633 0.374023 0.723633 0.369141
0 0.069336 0.136719 0.061523 0.138672 0.059570 0.142578 0.066406 0.142578
0 0.881836 0.494141 0.874023 0.494141 0.872070 0.498047 0.878906 0.498047
0 0.922852 0.930664 0.926758 0.934570 0.933594 0.933594 0.933594 0.930664 0.930664 0.929688
0 0.928711 0.435547 0.922852 0.439453 0.921875 0.446289 0.926758 0.444336
0 0.330078 0.375977 0.331055 0.382812 0.335938 0.385742 0.334961 0.377930
0 0.741211 0.252930 0.735352 0.255859 0.733398 0.264648 0.735352 0.265625 0.740234 0.261719
0 0.126953 0.625000 0.124023 0.625000 0.121094 0.629883 0.122070 0.635742 0.125977 0.633789
0 0.929688 0.540039 0.936523 0.540039 0.940430 0.536133 0.932617 0.535156
0 0.791016 0.358398 0.791992 0.364258 0.798828 0.367188 0.796875 0.361328
0 0.126953 0.724609 0.128906 0.729492 0.137695 0.730469 0.134766 0.725586
0 0.604492 0.593750 0.604492 0.596680 0.607422 0.597656 0.617188 0.595703 0.616211 0.590820
0 0.264648 0.166992 0.265625 0.173828 0.270508 0.176758 0.271484 0.171875
0 0.238281 0.823242 0.236328 0.828125 0.240234 0.834961 0.242188 0.827148
0 0.614258 0.201172 0.614258 0.208008 0.619141 0.211914 0.619141 0.205078 0.617188 0.201172
0 0.757812 0.769531 0.752930 0.773438 0.752930 0.782227 0.754883 0.782227 0.758789 0.775391
0 0.309570 0.927734 0.304688 0.929688 0.303711 0.936523 0.307617 0.935547
0 0.400391 0.729492 0.399414 0.735352 0.402344 0.740234 0.404297 0.732422
0 0.965820 0.888672 0.964844 0.896484 0.968750 0.899414 0.969727 0.891602
0 0.572266 0.396484 0.574219 0.402344 0.580078 0.404297 0.579102 0.399414
0 0.228516 0.451172 0.230469 0.453125 0.238281 0.453125 0.240234 0.449219 0.232422 0.448242
0 0.860352 0.341797 0.858398 0.351562 0.863281 0.357422 0.865234 0.349609 0.862305 0.341797
0 0.563477 0.520508 0.557617 0.527344 0.558594 0.532227 0.563477 0.530273
0 0.482422 0.030273 0.483398 0.034180 0.493164 0.032227 0.489258 0.029297
0 0.026367 0.046875 0.030273 0.052734 0.036133 0.053711 0.034180 0.047852
0 0.588867 0.823242 0.590820 0.830078 0.597656 0.833984 0.598633 0.828125 0.594727 0.824219
0 0.185547 0.021484 0.185547 0.027344 0.189453 0.029297 0.188477 0.022461
0 0.550781 0.542969 0.555664 0.543945 0.559570 0.539062 0.553711 0.539062
0 0.089844 0.790039 0.084961 0.797852 0.086914 0.804688 0.089844 0.803711 0.092773 0.795898
0 0.229492 0.654297 0.223633 0.660156 0.224609 0.665039 0.229492 0.661133
0 0.128906 0.462891 0.126953 0.464844 0.127930 0.467773 0.133789 0.472656 0.132812 0.464844
0 0.459961 0.022461 0.454102 0.024414 0.453125 0.032227 0.459961 0.028320
0 0.877930 0.828125 0.878906 0.832031 0.883789 0.833008 0.887695 0.831055 0.881836 0.827148
0 0.930664 0.227539 0.929688 0.236328 0.931641 0.240234 0.934570 0.240234 0.935547 0.232422
0 0.370117 0.360352 0.365234 0.362305 0.362305 0.371094 0.370117 0.367188
0 0.675781 0.612305 0.670898 0.616211 0.670898 0.625000 0.673828 0.625000 0.677734 0.615234
0 0.832031 0.712891 0.833008 0.717773 0.840820 0.719727 0.836914 0.713867
0 0.672852 0.224609 0.674805 0.227539 0.682617 0.225586 0.681641 0.222656
0 0.916016 0.848633 0.913086 0.846680 0.908203 0.847656 0.905273 0.852539 0.912109 0.852539
0 0.467773 0.383789 0.463867 0.386719 0.465820 0.394531 0.468750 0.391602
0 0.061523 0.697266 0.055664 0.697266 0.050781 0.704102 0.058594 0.702148
0 0.562500 0.876953 0.558594 0.876953 0.554688 0.883789 0.559570 0.882812
0 0.665039 0.407227 0.660156 0.410156 0.660156 0.416992 0.663086 0.415039
0 0.609375 0.668945 0.610352 0.675781 0.614258 0.676758 0.613281 0.670898
0 0.685547 0.036133 0.679688 0.037109 0.675781 0.042969 0.683594 0.041992
0 0.257812 0.048828 0.267578 0.049805 0.269531 0.045898 0.262695 0.044922
0 0.671875 0.599609 0.673828 0.604492 0.680664 0.605469 0.676758 0.599609
0 0.097656 0.425781 0.090820 0.427734 0.087891 0.435547 0.094727 0.433594 0.097656 0.430664