0 0.823242 0.202148 0.826172 0.206055 0.833008 0.205078 0.831055 0.201172
0 0.013672 0.187500 0.007812 0.188477 0.004883 0.193359 0.010742 0.193359
0 0.827148 0.254883 0.833984 0.255859 0.837891 0.251953 0.830078 0.250977
0 0.037109 0.285156 0.034180 0.288086 0.034180 0.294922 0.038086 0.291016
0 0.198242 0.875977 0.192383 0.875977 0.189453 0.881836 0.193359 0.881836
0 0.546875 0.567383 0.548828 0.573242 0.554688 0.574219 0.552734 0.569336
0 0.861328 0.762695 0.862305 0.765625 0.872070 0.764648 0.872070 0.761719 0.869141 0.760742
0 0.021484 0.436523 0.023438 0.440430 0.031250 0.440430 0.029297 0.436523
0 0.026367 0.362305 0.022461 0.362305 0.020508 0.365234 0.021484 0.374023 0.025391 0.371094
0 0.717773 0.873047 0.717773 0.879883 0.723633 0.882812 0.721680 0.875000
0 0.779297 0.205078 0.774414 0.203125 0.767578 0.207031 0.776367 0.208984
0 0.441406 0.457031 0.437500 0.458984 0.437500 0.466797 0.441406 0.463867
0 0.282227 0.163086 0.285156 0.166016 0.294922 0.164062 0.292969 0.160156 0.287109 0.160156
0 0.136719 0.340820 0.130859 0.347656 0.131836 0.352539 0.137695 0.347656
0 0.159180 0.872070 0.162109 0.877930 0.167969 0.879883 0.165039 0.873047
0 0.114258 0.511719 0.109375 0.510742 0.104492 0.514648 0.111328 0.515625
0 0.208008 0.451172 0.208008 0.458008 0.211914 0.460938 0.211914 0.452148
0 0.816406 0.782227 0.811523 0.785156 0.810547 0.791992 0.815430 0.790039
0 0.899414 0.754883 0.893555 0.754883 0.890625 0.761719 0.897461 0.759766
0 0.537109 0.890625 0.532227 0.893555 0.532227 0.900391 0.536133 0.898438
0 0.601562 0.157227 0.592773 0.159180 0.590820 0.164062 0.596680 0.164062 0.601562 0.160156
0 0.889648 0.809570 0.887695 0.818359 0.891602 0.821289 0.893555 0.816406
0 0.851562 0.774414 0.854492 0.782227 0.859375 0.783203 0.858398 0.778320
0 0.363281 0.138672 0.359375 0.140625 0.360352 0.148438
0 0.358398 0.684570 0.361328 0.689453 0.368164 0.690430 0.365234 0.685547
0 0.815430 0.443359 0.815430 0.450195 0.817383 0.452148 0.819336 0.444336
0 0.960938 0.249023 0.961914 0.250977 0.970703 0.250000 0.968750 0.247070
0 0.214844 0.575195 0.214844 0.583008 0.218750 0.584961 0.218750 0.577148
0 0.351562 0.200195 0.348633 0.200195 0.345703 0.205078 0.346680 0.212891 0.351562 0.210938
0 0.149414 0.100586 0.141602 0.100586 0.138672 0.102539 0.138672 0.105469 0.145508 0.105469
0 0.173828 0.337891 0.174805 0.346680 0.179688 0.349609 0.179688 0.341797