0 0.808594 0.245117 0.806641 0.250000 0.809570 0.256836 0.812500 0.250000
0 0.913086 0.937500 0.914062 0.940430 0.922852 0.938477 0.921875 0.935547
0 0.319336 0.401367 0.317383 0.403320 0.318359 0.411133 0.321289 0.408203
0 0.272461 0.659180 0.268555 0.660156 0.269531 0.669922 0.272461 0.666992
0 0.022461 0.660156 0.015625 0.661133 0.012695 0.666016 0.017578 0.666992 0.021484 0.665039
0 0.860352 0.093750 0.858398 0.097656 0.860352 0.103516 0.862305 0.103516 0.863281 0.096680
0 0.966797 0.252930 0.970703 0.255859 0.980469 0.253906 0.976562 0.250977
0 0.160156 0.479492 0.165039 0.485352 0.171875 0.485352 0.169922 0.480469
0 0.430664 0.714844 0.430664 0.722656 0.435547 0.724609 0.434570 0.717773
0 0.470703 0.079102 0.471680 0.084961 0.478516 0.087891 0.476562 0.082031
0 0.842773 0.904297 0.841797 0.911133 0.845703 0.916016 0.846680 0.906250
0 0.398438 0.177734 0.392578 0.178711 0.388672 0.185547 0.396484 0.182617
0 0.840820 0.544922 0.833984 0.548828 0.833008 0.554688 0.839844 0.551758
0 0.266602 0.681641 0.267578 0.687500 0.274414 0.690430 0.272461 0.683594
0 0.245117 0.375000 0.249023 0.381836 0.255859 0.381836 0.252930 0.375977
0 0.173828 0.861328 0.167969 0.865234 0.166992 0.874023 0.173828 0.868164
0 0.183594 0.867188 0.186523 0.870117 0.196289 0.869141 0.196289 0.867188 0.184570 0.865234
0 0.486328 0.719727 0.487305 0.721680 0.495117 0.721680 0.496094 0.717773
0 0.005859 0.514648 0.014648 0.513672 0.016602 0.510742 0.008789 0.509766 0.005859 0.511719
0 0.592773 0.675781 0.585938 0.676758 0.583008 0.681641 0.590820 0.680664
0 0.583984 0.096680 0.578125 0.095703 0.574219 0.100586 0.581055 0.100586
0 0.234375 0.855469 0.235352 0.862305 0.241211 0.865234 0.241211 0.859375
0 0.895508 0.185547 0.894531 0.192383 0.898438 0.196289 0.898438 0.188477
0 0.831055 0.275391 0.827148 0.277344 0.826172 0.286133 0.829102 0.286133 0.832031 0.281250
0 0.597656 0.044922 0.593750 0.043945 0.587891 0.049805 0.594727 0.049805 0.597656 0.047852
0 0.252930 0.964844 0.251953 0.969727 0.256836 0.974609 0.256836 0.966797
0 0.975586 0.458984 0.969727 0.459961 0.966797 0.464844 0.970703 0.465820
0 0.059570 0.399414 0.051758 0.401367 0.050781 0.406250 0.055664 0.405273
0 0.784180 0.305664 0.776367 0.306641 0.773438 0.313477 0.782227 0.310547
0 0.855469 0.233398 0.850586 0.234375 0.848633 0.238281 0.849609 0.243164 0.854492 0.238281
0 0.557617 0.702148 0.553711 0.705078 0.553711 0.711914 0.555664 0.713867 0.558594 0.709961
0 0.034180 0.877930 0.033203 0.885742 0.036133 0.889648 0.038086 0.879883
0 0.448242 0.886719 0.449219 0.892578 0.453125 0.894531 0.453125 0.888672
0 0.750000 0.484375 0.745117 0.483398 0.740234 0.487305 0.747070 0.488281
0 0.692383 0.833984 0.686523 0.833984 0.682617 0.839844 0.690430 0.837891
0 0.971680 0.340820 0.970703 0.349609 0.974609 0.351562 0.975586 0.344727
0 0.419922 0.607422 0.423828 0.612305 0.432617 0.611328 0.428711 0.606445
0 0.458008 0.714844 0.451172 0.715820 0.449219 0.719727 0.455078 0.719727
0 0.467773 0.625977 0.461914 0.625977 0.458008 0.628906 0.457031 0.632812 0.465820 0.630859
0 0.627930 0.963867 0.627930 0.970703 0.633789 0.973633 0.632812 0.966797
0 0.489258 0.864258 0.488281 0.869141 0.494141 0.874023 0.493164 0.867188
0 0.329102 0.693359 0.330078 0.696289 0.339844 0.695312 0.333984 0.692383
0 0.212891 0.013672 0.213867 0.017578 0.219727 0.020508 0.218750 0.016602
0 0.954102 0.537109 0.958008 0.543945 0.963867 0.544922 0.960938 0.538086
0 0.976562 0.359375 0.977539 0.365234 0.984375 0.369141 0.982422 0.361328
0 0.060547 0.420898 0.055664 0.422852 0.052734 0.431641 0.060547 0.427734
0 0.092773 0.640625 0.102539 0.643555 0.102539 0.640625 0.099609 0.638672