0 0.974609 0.356445 0.969727 0.354492 0.962891 0.359375 0.968750 0.360352
0 0.398438 0.428711 0.392578 0.431641 0.391602 0.437500 0.398438 0.433594
0 0.212891 0.775391 0.208008 0.778320 0.206055 0.785156 0.211914 0.783203
0 0.926758 0.583984 0.923828 0.587891 0.924805 0.594727 0.926758 0.594727 0.928711 0.589844
0 0.618164 0.403320 0.621094 0.407227 0.627930 0.407227 0.626953 0.403320
0 0.274414 0.525391 0.271484 0.527344 0.273438 0.535156 0.275391 0.532227
0 0.650391 0.279297 0.651367 0.282227 0.661133 0.281250 0.661133 0.277344
0 0.382812 0.625000 0.382812 0.630859 0.385742 0.634766 0.385742 0.625977
0 0.942383 0.722656 0.938477 0.723633 0.937500 0.733398 0.940430 0.733398 0.943359 0.727539
0 0.509766 0.102539 0.507812 0.101562 0.502930 0.105469 0.501953 0.111328 0.508789 0.107422
0 0.064453 0.371094 0.066406 0.375000 0.076172 0.375000 0.073242 0.371094
0 0.201172 0.266602 0.198242 0.271484 0.201172 0.279297 0.203125 0.276367
0 0.774414 0.609375 0.770508 0.612305 0.772461 0.622070 0.775391 0.616211
0 0.836914 0.601562 0.838867 0.611328 0.843750 0.614258 0.844727 0.609375 0.842773 0.605469
0 0.662109 0.755859 0.664062 0.757812 0.672852 0.756836 0.671875 0.753906 0.664062 0.753906
0 0.815430 0.503906 0.808594 0.503906 0.804688 0.506836 0.804688 0.509766 0.812500 0.508789
0 0.322266 0.272461 0.326172 0.277344 0.333008 0.276367 0.331055 0.272461
0 0.304688 0.555664 0.297852 0.556641 0.294922 0.562500 0.302734 0.560547
0 0.547852 0.891602 0.548828 0.897461 0.554688 0.899414 0.552734 0.893555
0 0.448242 0.565430 0.452148 0.571289 0.458008 0.572266 0.458984 0.570312 0.456055 0.566406
0 0.279297 0.363281 0.281250 0.368164 0.290039 0.367188 0.286133 0.363281
0 0.206055 0.795898 0.208008 0.802734 0.213867 0.805664 0.212891 0.798828
0 0.488281 0.334961 0.493164 0.337891 0.502930 0.336914 0.500977 0.332031 0.493164 0.332031
0 0.927734 0.747070 0.930664 0.750977 0.939453 0.750977 0.934570 0.746094
0 0.963867 0.045898 0.958984 0.047852 0.958008 0.056641 0.961914 0.055664
0 0.335938 0.215820 0.335938 0.223633 0.338867 0.226562 0.340820 0.219727 0.338867 0.215820
0 0.174805 0.199219 0.169922 0.200195 0.166016 0.204102 0.166016 0.208008 0.171875 0.207031
0 0.363281 0.342773 0.363281 0.345703 0.367188 0.347656 0.373047 0.345703 0.367188 0.341797
0 0.477539 0.130859 0.475586 0.130859 0.472656 0.137695 0.475586 0.144531 0.478516 0.140625
0 0.203125 0.862305 0.198242 0.868164 0.199219 0.874023 0.204102 0.871094 0.205078 0.865234
0 0.456055 0.011719 0.458008 0.019531 0.462891 0.021484 0.461914 0.013672
0 0.911133 0.308594 0.905273 0.311523 0.904297 0.317383 0.911133 0.312500
0 0.779297 0.260742 0.778320 0.267578 0.782227 0.272461 0.783203 0.262695
0 0.015625 0.629883 0.020508 0.630859 0.025391 0.627930 0.025391 0.625000 0.019531 0.625000 0.015625 0.626953
0 0.875000 0.127930 0.876953 0.133789 0.883789 0.135742 0.878906 0.127930
0 0.042969 0.176758 0.037109 0.180664 0.037109 0.184570 0.041016 0.183594
0 0.625977 0.023438 0.622070 0.026367 0.622070 0.033203 0.625000 0.033203 0.626953 0.029297
0 0.229492 0.353516 0.227539 0.360352 0.232422 0.365234 0.233398 0.357422
0 0.294922 0.412109 0.291992 0.412109 0.287109 0.416992 0.286133 0.420898 0.288086 0.422852 0.293945 0.418945
0 0.827148 0.387695 0.825195 0.393555 0.829102 0.397461 0.831055 0.390625
0 0.007812 0.434570 0.009766 0.437500 0.017578 0.435547 0.016602 0.432617
0 0.881836 0.561523 0.877930 0.564453 0.877930 0.571289 0.882812 0.567383
0 0.363281 0.620117 0.362305 0.628906 0.365234 0.631836 0.367188 0.623047 0.366211 0.620117
0 0.506836 0.530273 0.507812 0.537109 0.511719 0.541016 0.516602 0.541016 0.515625 0.535156
0 0.711914 0.939453 0.710938 0.943359 0.712891 0.946289 0.719727 0.950195 0.717773 0.941406
0 0.225586 0.689453 0.225586 0.695312 0.231445 0.699219 0.231445 0.693359
0 0.536133 0.515625 0.539062 0.522461 0.544922 0.522461 0.543945 0.517578
0 0.539062 0.933594 0.537109 0.935547 0.538086 0.940430 0.543945 0.945312 0.543945 0.937500
0 0.166016 0.219727 0.161133 0.221680 0.160156 0.230469 0.165039 0.226562
0 0.879883 0.903320 0.874023 0.904297 0.870117 0.912109 0.876953 0.910156
0 0.234375 0.299805 0.230469 0.301758 0.228516 0.308594 0.233398 0.307617
0 0.656250 0.950195 0.658203 0.954102 0.666992 0.955078 0.661133 0.949219
0 0.286133 0.570312 0.288086 0.574219 0.295898 0.574219 0.292969 0.570312
0 0.162109 0.288086 0.163086 0.295898 0.168945 0.297852 0.167969 0.291992
0 0.822266 0.242188 0.819336 0.242188 0.817383 0.245117 0.817383 0.252930 0.822266 0.248047
0 0.984375 0.951172 0.984375 0.957031 0.987305 0.960938 0.988281 0.953125
0 0.732422 0.523438 0.728516 0.523438 0.725586 0.526367 0.723633 0.535156 0.731445 0.531250
0 0.186523 0.896484 0.191406 0.902344 0.198242 0.903320 0.194336 0.896484
0 0.813477 0.010742 0.810547 0.014648 0.812500 0.020508 0.815430 0.017578 0.815430 0.011719
0 0.853516 0.685547 0.845703 0.687500 0.843750 0.693359 0.849609 0.692383
0 0.833984 0.419922 0.836914 0.425781 0.843750 0.426758 0.840820 0.420898
0 0.095703 0.203125 0.089844 0.204102 0.087891 0.208008 0.093750 0.207031
0 0.458008 0.362305 0.454102 0.365234 0.456055 0.375000 0.458984 0.371094
0 0.457031 0.698242 0.458984 0.702148 0.466797 0.703125 0.462891 0.698242
0 0.124023 0.112305 0.124023 0.121094 0.126953 0.122070 0.127930 0.112305
0 0.895508 0.467773 0.893555 0.474609 0.897461 0.480469 0.899414 0.471680
0 0.527344 0.018555 0.520508 0.019531 0.516602 0.023438 0.516602 0.027344 0.522461 0.026367