0 0.765625 0.903320 0.767578 0.907227 0.772461 0.909180 0.778320 0.908203 0.774414 0.903320
0 0.106445 0.468750 0.107422 0.476562 0.111328 0.478516 0.112305 0.472656
0 0.293945 0.354492 0.299805 0.361328 0.305664 0.361328 0.303711 0.355469
0 0.637695 0.664062 0.634766 0.666016 0.634766 0.672852 0.637695 0.670898
0 0.190430 0.883789 0.190430 0.885742 0.198242 0.887695 0.198242 0.884766
0 0.804688 0.065430 0.805664 0.071289 0.813477 0.075195 0.811523 0.067383
0 0.398438 0.607422 0.400391 0.611328 0.408203 0.612305 0.405273 0.607422
0 0.189453 0.136719 0.183594 0.136719 0.180664 0.138672 0.180664 0.141602 0.185547 0.141602
0 0.359375 0.348633 0.359375 0.351562 0.363281 0.353516 0.372070 0.350586 0.365234 0.346680
0 0.796875 0.574219 0.800781 0.581055 0.806641 0.582031 0.804688 0.576172
0 0.756836 0.384766 0.752930 0.386719 0.751953 0.394531 0.756836 0.391602
0 0.658203 0.917969 0.662109 0.924805 0.667969 0.925781 0.666016 0.919922
0 0.045898 0.392578 0.046875 0.395508 0.056641 0.394531 0.054688 0.390625
0 0.378906 0.487305 0.371094 0.495117 0.375977 0.495117 0.378906 0.492188
0 0.127930 0.666016 0.128906 0.671875 0.134766 0.676758 0.134766 0.668945 0.131836 0.666016
0 0.368164 0.432617 0.364258 0.433594 0.362305 0.439453 0.367188 0.437500
0 0.294922 0.717773 0.293945 0.722656 0.297852 0.727539 0.298828 0.720703
0 0.499023 0.609375 0.494141 0.610352 0.491211 0.613281 0.491211 0.617188 0.495117 0.616211
0 0.708984 0.144531 0.704102 0.148438 0.704102 0.155273 0.708984 0.153320
0 0.584961 0.438477 0.588867 0.444336 0.594727 0.445312 0.592773 0.439453
0 0.632812 0.498047 0.631836 0.504883 0.636719 0.511719 0.637695 0.502930
0 0.753906 0.028320 0.749023 0.030273 0.748047 0.036133 0.754883 0.032227
0 0.932617 0.020508 0.933594 0.028320 0.939453 0.031250 0.938477 0.024414
0 0.435547 0.481445 0.434570 0.486328 0.441406 0.491211 0.443359 0.490234 0.441406 0.484375
0 0.619141 0.282227 0.619141 0.286133 0.622070 0.289062 0.627930 0.290039 0.625000 0.283203
0 0.067383 0.301758 0.061523 0.304688 0.059570 0.308594 0.060547 0.314453 0.066406 0.310547
0 0.913086 0.085938 0.908203 0.090820 0.910156 0.097656 0.913086 0.092773
0 0.119141 0.371094 0.111328 0.371094 0.106445 0.376953 0.115234 0.376953 0.119141 0.374023
0 0.702148 0.654297 0.701172 0.664062 0.704102 0.664062 0.706055 0.655273
0 0.316406 0.462891 0.316406 0.468750 0.321289 0.473633 0.321289 0.465820
0 0.891602 0.070312 0.887695 0.073242 0.886719 0.081055 0.889648 0.081055 0.891602 0.078125
0 0.397461 0.782227 0.396484 0.791992 0.400391 0.794922 0.402344 0.791016 0.401367 0.785156
0 0.239258 0.633789 0.240234 0.636719 0.250000 0.634766 0.246094 0.632812
0 0.330078 0.342773 0.322266 0.346680 0.322266 0.352539 0.328125 0.348633
0 0.778320 0.610352 0.779297 0.615234 0.785156 0.618164 0.784180 0.613281
0 0.041016 0.550781 0.045898 0.550781 0.048828 0.547852 0.043945 0.546875
0 0.352539 0.646484 0.342773 0.648438 0.341797 0.652344 0.350586 0.651367
0 0.308594 0.884766 0.309570 0.891602 0.314453 0.893555 0.314453 0.888672
0 0.928711 0.071289 0.934570 0.075195 0.938477 0.074219 0.934570 0.069336
0 0.076172 0.512695 0.074219 0.516602 0.077148 0.523438 0.080078 0.524414 0.080078 0.516602
0 0.805664 0.833984 0.809570 0.837891 0.816406 0.836914 0.813477 0.833984
0 0.216797 0.914062 0.217773 0.920898 0.223633 0.923828 0.222656 0.916992
0 0.149414 0.833008 0.146484 0.834961 0.148438 0.843750 0.150391 0.838867
0 0.836914 0.175781 0.832031 0.176758 0.828125 0.180664 0.829102 0.185547 0.834961 0.182617
0 0.388672 0.399414 0.389648 0.403320 0.398438 0.405273 0.395508 0.400391
0 0.222656 0.768555 0.226562 0.774414 0.231445 0.773438 0.229492 0.769531
0 0.140625 0.959961 0.133789 0.960938 0.130859 0.966797 0.138672 0.964844
0 0.381836 0.790039 0.378906 0.798828 0.382812 0.802734 0.384766 0.793945
0 0.431641 0.752930 0.423828 0.753906 0.421875 0.758789 0.429688 0.756836
0 0.588867 0.204102 0.588867 0.212891 0.594727 0.217773 0.596680 0.214844 0.595703 0.208984 0.591797 0.204102
0 0.180664 0.667969 0.182617 0.676758 0.189453 0.679688 0.187500 0.671875
0 0.975586 0.490234 0.973633 0.492188 0.974609 0.502930 0.977539 0.502930 0.978516 0.492188
0 0.945312 0.299805 0.950195 0.304688 0.957031 0.302734 0.954102 0.298828
0 0.838867 0.541016 0.834961 0.543945 0.834961 0.552734 0.838867 0.549805
0 0.189453 0.322266 0.191406 0.327148 0.201172 0.327148 0.196289 0.322266
0 0.219727 0.810547 0.221680 0.813477 0.230469 0.811523 0.229492 0.808594
0 0.171875 0.474609 0.166016 0.474609 0.161133 0.481445 0.168945 0.479492
0 0.539062 0.295898 0.533203 0.295898 0.529297 0.300781 0.535156 0.300781
0 0.076172 0.750977 0.079102 0.753906 0.086914 0.752930 0.084961 0.750000
0 0.672852 0.493164 0.666992 0.496094 0.666992 0.503906 0.670898 0.500977
0 0.683594 0.865234 0.687500 0.869141 0.694336 0.868164 0.694336 0.865234 0.689453 0.863281
0 0.492188 0.468750 0.497070 0.472656 0.503906 0.471680 0.499023 0.466797
0 0.343750 0.660156 0.338867 0.664062 0.339844 0.670898 0.343750 0.667969
0 0.205078 0.820312 0.199219 0.821289 0.196289 0.829102 0.201172 0.828125
0 0.629883 0.763672 0.637695 0.764648 0.640625 0.760742 0.634766 0.759766