0 0.278320 0.144531 0.279297 0.148438 0.288086 0.150391 0.285156 0.145508
0 0.232422 0.157227 0.235352 0.163086 0.241211 0.164062 0.238281 0.158203
0 0.005859 0.408203 0.007812 0.413086 0.015625 0.413086 0.020508 0.410156 0.019531 0.407227 0.015625 0.406250
0 0.114258 0.676758 0.108398 0.679688 0.107422 0.689453 0.113281 0.685547
0 0.204102 0.279297 0.204102 0.283203 0.209961 0.287109 0.208984 0.280273
0 0.958008 0.923828 0.952148 0.925781 0.949219 0.934570 0.952148 0.934570 0.957031 0.929688
0 0.931641 0.013672 0.927734 0.017578 0.927734 0.022461 0.931641 0.020508
0 0.867188 0.887695 0.869141 0.891602 0.875977 0.890625 0.872070 0.886719
0 0.689453 0.388672 0.692383 0.394531 0.698242 0.395508 0.696289 0.390625
0 0.455078 0.290039 0.463867 0.288086 0.463867 0.285156 0.456055 0.286133
0 0.927734 0.176758 0.929688 0.182617 0.934570 0.184570 0.933594 0.178711
0 0.718750 0.282227 0.719727 0.289062 0.727539 0.291992 0.726562 0.286133
0 0.890625 0.955078 0.891602 0.958008 0.896484 0.958008 0.900391 0.956055 0.900391 0.953125
0 0.509766 0.089844 0.505859 0.091797 0.503906 0.099609 0.509766 0.095703
0 0.584961 0.969727 0.585938 0.975586 0.591797 0.977539 0.590820 0.972656
0 0.136719 0.318359 0.137695 0.324219 0.144531 0.328125 0.142578 0.320312
0 0.475586 0.239258 0.472656 0.239258 0.470703 0.242188 0.471680 0.250977 0.476562 0.246094
0 0.778320 0.195312 0.778320 0.198242 0.782227 0.200195 0.791016 0.199219 0.791016 0.196289 0.786133 0.194336
0 0.532227 0.728516 0.528320 0.729492 0.529297 0.740234 0.533203 0.736328
0 0.761719 0.923828 0.756836 0.927734 0.757812 0.934570 0.762695 0.929688
0 0.277344 0.897461 0.272461 0.896484 0.267578 0.901367 0.273438 0.901367
0 0.174805 0.399414 0.174805 0.406250 0.180664 0.409180 0.178711 0.401367
0 0.272461 0.773438 0.272461 0.780273 0.276367 0.783203 0.277344 0.777344
0 0.232422 0.018555 0.232422 0.020508 0.237305 0.022461 0.246094 0.020508 0.242188 0.016602
0 0.229492 0.143555 0.234375 0.143555 0.238281 0.139648 0.232422 0.138672 0.229492 0.140625
0 0.846680 0.279297 0.838867 0.281250 0.836914 0.285156 0.842773 0.286133
0 0.367188 0.034180 0.362305 0.039062 0.362305 0.047852 0.365234 0.047852 0.367188 0.044922
0 0.041992 0.012695 0.041992 0.015625 0.045898 0.016602 0.053711 0.014648 0.053711 0.011719
0 0.656250 0.786133 0.649414 0.788086 0.645508 0.792969 0.645508 0.796875 0.653320 0.794922
0 0.327148 0.181641 0.326172 0.188477 0.330078 0.194336 0.331055 0.184570
0 0.083984 0.239258 0.077148 0.240234 0.074219 0.245117 0.080078 0.246094 0.083008 0.244141
0 0.587891 0.866211 0.588867 0.875000 0.593750 0.875977 0.591797 0.868164
0 0.219727 0.434570 0.214844 0.437500 0.213867 0.443359 0.219727 0.440430
0 0.488281 0.770508 0.489258 0.776367 0.497070 0.779297 0.494141 0.772461
0 0.390625 0.280273 0.392578 0.284180 0.399414 0.284180 0.398438 0.280273
0 0.121094 0.031250 0.116211 0.034180 0.116211 0.041992 0.121094 0.037109
0 0.919922 0.693359 0.909180 0.696289 0.908203 0.700195 0.916992 0.699219 0.919922 0.697266
0 0.636719 0.592773 0.639648 0.599609 0.647461 0.601562 0.645508 0.594727
0 0.020508 0.869141 0.015625 0.867188 0.009766 0.870117 0.008789 0.874023 0.016602 0.874023
0 0.689453 0.297852 0.690430 0.303711 0.696289 0.305664 0.696289 0.301758
0 0.755859 0.717773 0.751953 0.719727 0.751953 0.727539 0.756836 0.722656
0 0.830078 0.788086 0.832031 0.792969 0.838867 0.794922 0.835938 0.789062
0 0.627930 0.635742 0.629883 0.638672 0.636719 0.637695 0.636719 0.633789
0 0.537109 0.035156 0.531250 0.036133 0.529297 0.040039 0.535156 0.039062
0 0.429688 0.565430 0.430664 0.571289 0.436523 0.574219 0.434570 0.567383
0 0.654297 0.871094 0.648438 0.870117 0.645508 0.875977 0.649414 0.875977
0 0.069336 0.814453 0.067383 0.812500 0.061523 0.813477 0.058594 0.818359 0.065430 0.818359
0 0.109375 0.213867 0.103516 0.218750 0.103516 0.226562 0.106445 0.226562 0.110352 0.220703
0 0.903320 0.963867 0.904297 0.969727 0.909180 0.972656 0.908203 0.963867
0 0.127930 0.047852 0.128906 0.053711 0.134766 0.055664 0.133789 0.050781
0 0.166016 0.204102 0.161133 0.204102 0.156250 0.210938 0.165039 0.209961
0 0.655273 0.445312 0.648438 0.449219 0.648438 0.455078 0.655273 0.451172
0 0.690430 0.183594 0.686523 0.186523 0.688477 0.197266 0.691406 0.196289 0.692383 0.192383
0 0.264648 0.114258 0.263672 0.118164 0.266602 0.122070 0.273438 0.125000 0.277344 0.123047 0.272461 0.116211
0 0.174805 0.449219 0.176758 0.453125 0.183594 0.453125 0.177734 0.448242
0 0.476562 0.066406 0.479492 0.074219 0.486328 0.075195 0.484375 0.069336
0 0.044922 0.233398 0.043945 0.237305 0.050781 0.242188 0.049805 0.236328
0 0.943359 0.577148 0.942383 0.583008 0.945312 0.586914 0.946289 0.577148
0 0.975586 0.086914 0.972656 0.088867 0.973633 0.096680 0.976562 0.094727
0 0.839844 0.036133 0.842773 0.040039 0.849609 0.040039 0.849609 0.037109 0.845703 0.035156