0 0.790039 0.866211 0.784180 0.869141 0.783203 0.875000 0.789062 0.873047
0 0.580078 0.893555 0.580078 0.900391 0.583984 0.903320 0.583984 0.895508
0 0.641602 0.968750 0.636719 0.970703 0.635742 0.978516 0.638672 0.978516
0 0.687500 0.898438 0.689453 0.904297 0.694336 0.906250 0.693359 0.900391
0 0.072266 0.150391 0.076172 0.157227 0.083008 0.158203 0.082031 0.152344 0.075195 0.149414
0 0.537109 0.398438 0.531250 0.402344 0.531250 0.411133 0.537109 0.405273
0 0.291016 0.084961 0.288086 0.084961 0.285156 0.088867 0.284180 0.095703 0.286133 0.097656 0.291016 0.091797
0 0.560547 0.868164 0.554688 0.869141 0.552734 0.874023 0.559570 0.872070
0 0.588867 0.811523 0.588867 0.817383 0.595703 0.822266 0.594727 0.814453
0 0.023438 0.731445 0.021484 0.736328 0.025391 0.743164 0.027344 0.736328
0 0.446289 0.911133 0.448242 0.915039 0.456055 0.915039 0.454102 0.911133
0 0.545898 0.675781 0.541016 0.673828 0.536133 0.675781 0.535156 0.678711 0.541016 0.679688
0 0.852539 0.161133 0.847656 0.165039 0.847656 0.173828 0.853516 0.166992
0 0.442383 0.769531 0.447266 0.773438 0.452148 0.772461 0.450195 0.768555
0 0.929688 0.604492 0.925781 0.609375 0.926758 0.617188 0.929688 0.617188 0.931641 0.614258
0 0.630859 0.386719 0.627930 0.398438 0.629883 0.403320 0.632812 0.404297 0.635742 0.396484 0.633789 0.388672
0 0.926758 0.804688 0.922852 0.807617 0.922852 0.816406 0.927734 0.812500
0 0.895508 0.294922 0.895508 0.301758 0.900391 0.307617 0.901367 0.298828 0.898438 0.294922
0 0.778320 0.257812 0.774414 0.260742 0.772461 0.268555 0.778320 0.265625
0 0.279297 0.226562 0.273438 0.227539 0.271484 0.232422 0.277344 0.231445
0 0.433594 0.234375 0.433594 0.239258 0.437500 0.243164 0.438477 0.239258
0 0.514648 0.479492 0.508789 0.480469 0.506836 0.485352 0.514648 0.484375
0 0.929688 0.532227 0.921875 0.538086 0.921875 0.543945 0.928711 0.540039
0 0.087891 0.669922 0.094727 0.670898 0.098633 0.666016 0.090820 0.666016
0 0.940430 0.192383 0.936523 0.195312 0.936523 0.202148 0.939453 0.202148 0.941406 0.199219
0 0.804688 0.211914 0.805664 0.215820 0.812500 0.216797 0.808594 0.211914
0 0.701172 0.252930 0.694336 0.253906 0.690430 0.262695 0.698242 0.260742
0 0.775391 0.460938 0.780273 0.461914 0.786133 0.456055 0.779297 0.456055
0 0.375977 0.028320 0.370117 0.026367 0.364258 0.029297 0.363281 0.033203 0.372070 0.032227
0 0.396484 0.122070 0.397461 0.130859 0.402344 0.131836 0.400391 0.124023
0 0.305664 0.360352 0.304688 0.371094 0.308594 0.375977 0.310547 0.366211 0.308594 0.361328
0 0.915039 0.797852 0.916992 0.799805 0.925781 0.798828 0.924805 0.795898
0 0.604492 0.043945 0.597656 0.045898 0.594727 0.053711 0.600586 0.052734
0 0.171875 0.382812 0.173828 0.387695 0.181641 0.388672 0.180664 0.384766
0 0.860352 0.108398 0.861328 0.115234 0.866211 0.119141 0.870117 0.119141 0.871094 0.117188 0.868164 0.112305
0 0.246094 0.817383 0.250977 0.822266 0.257812 0.822266 0.253906 0.817383
0 0.617188 0.536133 0.620117 0.541016 0.625000 0.541016 0.624023 0.537109
0 0.720703 0.437500 0.721680 0.440430 0.732422 0.439453 0.731445 0.436523 0.726562 0.435547
0 0.749023 0.650391 0.754883 0.654297 0.761719 0.653320 0.762695 0.651367 0.759766 0.648438 0.750977 0.648438
0 0.923828 0.572266 0.923828 0.579102 0.927734 0.582031 0.927734 0.573242
0 0.927734 0.452148 0.928711 0.455078 0.935547 0.455078 0.938477 0.453125 0.938477 0.450195
0 0.350586 0.916016 0.346680 0.916992 0.346680 0.924805 0.349609 0.922852
0 0.242188 0.105469 0.247070 0.106445 0.251953 0.103516 0.244141 0.102539
0 0.097656 0.425781 0.098633 0.428711 0.104492 0.431641 0.113281 0.429688 0.109375 0.424805
0 0.474609 0.494141 0.470703 0.499023 0.470703 0.503906 0.474609 0.502930
0 0.790039 0.056641 0.790039 0.064453 0.793945 0.066406 0.793945 0.059570
0 0.105469 0.358398 0.108398 0.362305 0.115234 0.361328 0.111328 0.357422
0 0.210938 0.119141 0.207031 0.123047 0.208008 0.129883 0.211914 0.125977
0 0.735352 0.091797 0.724609 0.094727 0.724609 0.097656 0.731445 0.097656
0 0.159180 0.960938 0.153320 0.960938 0.150391 0.962891 0.150391 0.966797 0.157227 0.964844
0 0.218750 0.218750 0.216797 0.226562 0.220703 0.232422 0.222656 0.222656
0 0.627930 0.848633 0.622070 0.851562 0.621094 0.858398 0.626953 0.854492
0 0.255859 0.057617 0.250977 0.061523 0.250977 0.069336 0.255859 0.064453
0 0.596680 0.144531 0.592773 0.146484 0.592773 0.156250 0.597656 0.149414
0 0.802734 0.500977 0.797852 0.502930 0.796875 0.508789 0.801758 0.506836
0 0.644531 0.623047 0.652344 0.624023 0.655273 0.620117 0.648438 0.619141
0 0.664062 0.015625 0.667969 0.023438 0.673828 0.024414 0.670898 0.017578
0 0.778320 0.321289 0.777344 0.326172 0.781250 0.331055 0.783203 0.326172
0 0.114258 0.650391 0.118164 0.656250 0.125977 0.657227 0.125000 0.652344
0 0.423828 0.540039 0.425781 0.549805 0.430664 0.551758 0.429688 0.543945
0 0.887695 0.873047 0.893555 0.873047 0.895508 0.869141 0.889648 0.869141
0 0.699219 0.241211 0.693359 0.242188 0.691406 0.246094 0.697266 0.245117
0 0.317383 0.040039 0.318359 0.045898 0.325195 0.049805 0.323242 0.041992
0 0.052734 0.139648 0.052734 0.145508 0.056641 0.149414 0.056641 0.141602
0 0.966797 0.929688 0.959961 0.932617 0.958008 0.941406 0.964844 0.938477