0 0.911133 0.259766 0.912109 0.264648 0.917969 0.267578 0.916016 0.261719
0 0.094727 0.344727 0.086914 0.345703 0.084961 0.350586 0.094727 0.347656
0 0.490234 0.124023 0.489258 0.133789 0.492188 0.135742 0.495117 0.128906 0.493164 0.124023
0 0.568359 0.334961 0.562500 0.334961 0.557617 0.343750 0.565430 0.341797
0 0.695312 0.590820 0.695312 0.594727 0.699219 0.596680 0.707031 0.595703 0.702148 0.590820
0 0.686523 0.189453 0.687500 0.198242 0.693359 0.201172 0.693359 0.194336
0 0.299805 0.782227 0.298828 0.790039 0.303711 0.794922 0.303711 0.786133
0 0.149414 0.634766 0.145508 0.636719 0.144531 0.640625 0.146484 0.647461 0.151367 0.639648
0 0.481445 0.804688 0.482422 0.807617 0.493164 0.807617 0.493164 0.804688 0.488281 0.802734
0 0.192383 0.248047 0.186523 0.248047 0.182617 0.251953 0.181641 0.256836 0.189453 0.253906
0 0.354492 0.248047 0.348633 0.248047 0.343750 0.252930 0.352539 0.253906
0 0.846680 0.593750 0.844727 0.595703 0.844727 0.602539 0.848633 0.606445 0.849609 0.595703
0 0.105469 0.504883 0.104492 0.512695 0.107422 0.514648 0.109375 0.505859
0 0.047852 0.942383 0.048828 0.949219 0.054688 0.952148 0.053711 0.945312
0 0.133789 0.828125 0.125977 0.833008 0.125000 0.838867 0.131836 0.835938
0 0.610352 0.380859 0.609375 0.385742 0.611328 0.389648 0.616211 0.391602 0.615234 0.383789
0 0.565430 0.557617 0.563477 0.557617 0.561523 0.562500 0.563477 0.569336 0.567383 0.564453
0 0.645508 0.830078 0.650391 0.834961 0.658203 0.833008 0.658203 0.831055 0.651367 0.828125
0 0.297852 0.147461 0.293945 0.150391 0.294922 0.157227 0.299805 0.152344
0 0.521484 0.343750 0.523438 0.347656 0.532227 0.345703
0 0.153320 0.068359 0.145508 0.070312 0.141602 0.077148 0.149414 0.076172 0.153320 0.072266
0 0.260742 0.900391 0.257812 0.899414 0.251953 0.904297 0.256836 0.905273
0 0.717773 0.090820 0.717773 0.095703 0.722656 0.098633 0.721680 0.091797
0 0.825195 0.639648 0.824219 0.646484 0.828125 0.652344 0.830078 0.643555 0.828125 0.639648
0 0.960938 0.607422 0.963867 0.614258 0.971680 0.616211 0.969727 0.609375
0 0.594727 0.416992 0.591797 0.419922 0.592773 0.425781 0.596680 0.420898
0 0.032227 0.018555 0.029297 0.021484 0.028320 0.030273 0.034180 0.027344 0.034180 0.019531
0 0.172852 0.471680 0.173828 0.479492 0.179688 0.483398 0.177734 0.473633
0 0.783203 0.297852 0.778320 0.299805 0.776367 0.309570 0.782227 0.305664
0 0.426758 0.233398 0.427734 0.238281 0.433594 0.241211 0.432617 0.235352
0 0.546875 0.707031 0.541016 0.707031 0.538086 0.711914 0.544922 0.710938
0 0.591797 0.601562 0.583984 0.605469 0.584961 0.610352 0.589844 0.608398
0 0.190430 0.919922 0.184570 0.919922 0.180664 0.924805 0.184570 0.925781 0.190430 0.922852
0 0.382812 0.092773 0.383789 0.096680 0.392578 0.097656 0.391602 0.093750
0 0.945312 0.057617 0.946289 0.065430 0.948242 0.065430 0.949219 0.060547
0 0.594727 0.432617 0.590820 0.437500 0.590820 0.443359 0.593750 0.447266 0.596680 0.442383
0 0.333984 0.607422 0.326172 0.609375 0.323242 0.616211 0.329102 0.616211 0.333008 0.612305
0 0.412109 0.704102 0.408203 0.707031 0.409180 0.713867 0.414062 0.708984
0 0.049805 0.711914 0.048828 0.716797 0.050781 0.720703 0.055664 0.722656 0.054688 0.714844
0 0.349609 0.814453 0.343750 0.818359 0.343750 0.827148 0.350586 0.821289
0 0.308594 0.234375 0.310547 0.245117 0.315430 0.247070 0.315430 0.238281 0.312500 0.234375
0 0.133789 0.866211 0.132812 0.872070 0.137695 0.876953 0.137695 0.870117
0 0.347656 0.903320 0.348633 0.910156 0.352539 0.911133 0.351562 0.905273
0 0.826172 0.286133 0.817383 0.286133 0.816406 0.289062 0.823242 0.290039
0 0.924805 0.227539 0.926758 0.232422 0.934570 0.233398 0.931641 0.228516
0 0.683594 0.305664 0.680664 0.305664 0.678711 0.308594 0.678711 0.317383 0.682617 0.314453
0 0.963867 0.023438 0.963867 0.026367 0.970703 0.030273 0.968750 0.024414
0 0.172852 0.115234 0.167969 0.119141 0.166992 0.124023 0.168945 0.127930 0.173828 0.122070
0 0.623047 0.669922 0.624023 0.677734 0.627930 0.678711 0.626953 0.671875
0 0.656250 0.639648 0.650391 0.641602 0.648438 0.647461 0.653320 0.646484
0 0.845703 0.251953 0.846680 0.256836 0.854492 0.258789 0.850586 0.252930
0 0.380859 0.530273 0.379883 0.541016 0.382812 0.542969 0.385742 0.534180 0.383789 0.530273
0 0.945312 0.491211 0.946289 0.499023 0.950195 0.500977 0.951172 0.497070