0 0.006836 0.065430 0.014648 0.066406 0.020508 0.062500 0.012695 0.060547 0.006836 0.063477
0 0.083984 0.055664 0.082031 0.053711 0.079102 0.054688 0.076172 0.061523 0.079102 0.061523
0 0.293945 0.847656 0.290039 0.847656 0.286133 0.853516 0.291992 0.851562
0 0.356445 0.007812 0.350586 0.011719 0.349609 0.017578 0.355469 0.015625
0 0.183594 0.655273 0.185547 0.658203 0.193359 0.657227 0.192383 0.654297
0 0.031250 0.439453 0.025391 0.440430 0.020508 0.446289 0.028320 0.446289 0.031250 0.443359
0 0.476562 0.482422 0.468750 0.483398 0.465820 0.488281 0.474609 0.487305
0 0.956055 0.519531 0.963867 0.524414 0.969727 0.523438 0.969727 0.520508 0.963867 0.517578
0 0.791016 0.238281 0.785156 0.239258 0.781250 0.244141 0.782227 0.246094 0.787109 0.245117
0 0.566406 0.191406 0.567383 0.195312 0.577148 0.197266 0.575195 0.193359
0 0.309570 0.968750 0.313477 0.972656 0.319336 0.971680 0.315430 0.967773
0 0.454102 0.033203 0.450195 0.037109 0.450195 0.043945 0.455078 0.040039
0 0.377930 0.262695 0.378906 0.267578 0.382812 0.270508 0.382812 0.265625
0 0.177734 0.177734 0.174805 0.180664 0.174805 0.188477 0.178711 0.184570
0 0.499023 0.548828 0.500977 0.555664 0.507812 0.559570 0.507812 0.552734 0.502930 0.548828
0 0.153320 0.561523 0.153320 0.568359 0.155273 0.571289 0.158203 0.571289 0.158203 0.564453
0 0.860352 0.363281 0.854492 0.363281 0.849609 0.368164 0.857422 0.368164 0.860352 0.366211
0 0.167969 0.075195 0.162109 0.076172 0.159180 0.081055 0.164062 0.081055
0 0.247070 0.349609 0.247070 0.356445 0.250000 0.361328 0.252930 0.361328 0.251953 0.352539
0 0.944336 0.312500 0.944336 0.320312 0.949219 0.324219 0.950195 0.317383
0 0.566406 0.604492 0.569336 0.608398 0.576172 0.607422 0.574219 0.603516
0 0.646484 0.225586 0.643555 0.225586 0.641602 0.228516 0.643555 0.237305 0.646484 0.235352
0 0.039062 0.200195 0.034180 0.202148 0.031250 0.208984 0.037109 0.208008
0 0.548828 0.323242 0.549805 0.328125 0.557617 0.331055 0.553711 0.324219
0 0.292969 0.269531 0.291992 0.277344 0.295898 0.280273 0.296875 0.273438
0 0.746094 0.595703 0.740234 0.602539 0.741211 0.606445 0.745117 0.604492
0 0.484375 0.108398 0.483398 0.115234 0.487305 0.118164 0.488281 0.110352
0 0.665039 0.040039 0.666992 0.043945 0.673828 0.045898 0.670898 0.040039
0 0.061523 0.733398 0.055664 0.731445 0.050781 0.736328 0.058594 0.736328
0 0.976562 0.832031 0.976562 0.837891 0.981445 0.844727 0.982422 0.835938 0.979492 0.832031
0 0.610352 0.466797 0.610352 0.472656 0.614258 0.476562 0.615234 0.470703
0 0.080078 0.264648 0.081055 0.273438 0.087891 0.278320 0.087891 0.270508 0.083984 0.265625
0 0.752930 0.889648 0.754883 0.892578 0.762695 0.891602 0.760742 0.888672
0 0.531250 0.100586 0.533203 0.105469 0.542969 0.103516 0.541992 0.100586
0 0.542969 0.587891 0.537109 0.590820 0.536133 0.596680 0.541992 0.592773
0 0.541016 0.499023 0.537109 0.501953 0.539062 0.510742 0.541992 0.506836
0 0.858398 0.040039 0.859375 0.044922 0.864258 0.047852 0.864258 0.042969
0 0.175781 0.240234 0.171875 0.241211 0.170898 0.249023 0.174805 0.247070
0 0.681641 0.430664 0.684570 0.437500 0.691406 0.438477 0.687500 0.431641
0 0.250977 0.004883 0.250000 0.014648 0.254883 0.019531 0.256836 0.008789 0.254883 0.004883
0 0.377930 0.849609 0.371094 0.849609 0.367188 0.855469 0.375000 0.854492
0 0.243164 0.719727 0.242188 0.726562 0.245117 0.731445 0.247070 0.721680
0 0.332031 0.261719 0.333008 0.272461 0.340820 0.275391 0.338867 0.267578
0 0.658203 0.213867 0.658203 0.221680 0.661133 0.222656 0.661133 0.215820
0 0.125000 0.080078 0.125000 0.086914 0.129883 0.090820 0.129883 0.082031
0 0.504883 0.375977 0.507812 0.382812 0.516602 0.384766 0.512695 0.377930
0 0.041992 0.870117 0.043945 0.874023 0.050781 0.875000 0.048828 0.871094
0 0.906250 0.273438 0.900391 0.278320 0.902344 0.285156 0.906250 0.282227
0 0.593750 0.477539 0.587891 0.477539 0.584961 0.481445 0.591797 0.481445
0 0.204102 0.530273 0.199219 0.531250 0.198242 0.539062 0.204102 0.534180
0 0.769531 0.064453 0.763672 0.068359 0.762695 0.073242 0.768555 0.072266
0 0.208008 0.919922 0.203125 0.921875 0.202148 0.929688 0.207031 0.926758
0 0.604492 0.123047 0.607422 0.125977 0.613281 0.125000 0.611328 0.122070