0 0.164062 0.729492 0.165039 0.731445 0.174805 0.730469 0.173828 0.727539
0 0.541992 0.849609 0.539062 0.849609 0.537109 0.852539 0.537109 0.861328 0.542969 0.855469
0 0.017578 0.449219 0.009766 0.454102 0.008789 0.458984 0.016602 0.455078
0 0.302734 0.286133 0.297852 0.288086 0.295898 0.294922 0.300781 0.293945
0 0.799805 0.545898 0.791992 0.546875 0.790039 0.551758 0.795898 0.551758
0 0.316406 0.968750 0.309570 0.968750 0.305664 0.974609 0.313477 0.973633
0 0.944336 0.431641 0.937500 0.434570 0.937500 0.440430 0.942383 0.437500
0 0.124023 0.693359 0.121094 0.693359 0.119141 0.696289 0.119141 0.704102 0.124023 0.699219
0 0.092773 0.923828 0.092773 0.931641 0.098633 0.936523 0.098633 0.927734 0.096680 0.923828
0 0.944336 0.500977 0.948242 0.506836 0.953125 0.507812 0.949219 0.500977
0 0.634766 0.607422 0.632812 0.613281 0.636719 0.618164 0.637695 0.610352
0 0.118164 0.321289 0.120117 0.326172 0.125977 0.327148 0.124023 0.322266
0 0.025391 0.612305 0.019531 0.612305 0.016602 0.617188 0.024414 0.615234
0 0.532227 0.683594 0.534180 0.691406 0.540039 0.693359 0.538086 0.685547
0 0.622070 0.721680 0.623047 0.728516 0.628906 0.730469 0.626953 0.723633
0 0.443359 0.347656 0.444336 0.357422 0.447266 0.360352 0.451172 0.360352 0.450195 0.352539
0 0.257812 0.651367 0.261719 0.657227 0.268555 0.659180 0.263672 0.651367
0 0.204102 0.508789 0.208008 0.513672 0.214844 0.512695 0.212891 0.508789
0 0.367188 0.854492 0.369141 0.860352 0.375000 0.864258 0.375977 0.859375 0.372070 0.855469
0 0.475586 0.438477 0.482422 0.444336 0.488281 0.443359 0.484375 0.438477
0 0.635742 0.014648 0.628906 0.018555 0.628906 0.023438 0.634766 0.021484
0 0.250977 0.046875 0.246094 0.046875 0.243164 0.051758 0.250000 0.050781
0 0.396484 0.160156 0.395508 0.166992 0.397461 0.170898 0.400391 0.170898 0.401367 0.164062 0.399414 0.160156
0 0.693359 0.279297 0.695312 0.283203 0.703125 0.282227 0.697266 0.278320
0 0.237305 0.145508 0.232422 0.145508 0.228516 0.154297 0.234375 0.152344
0 0.211914 0.290039 0.209961 0.288086 0.204102 0.289062 0.200195 0.294922 0.208008 0.294922
0 0.161133 0.466797 0.161133 0.474609 0.163086 0.477539 0.166016 0.477539 0.166992 0.473633
0 0.485352 0.536133 0.487305 0.540039 0.494141 0.540039 0.491211 0.536133
0 0.572266 0.072266 0.572266 0.074219 0.577148 0.076172 0.583984 0.075195 0.581055 0.071289 0.575195 0.070312