0 0.484375 0.416016 0.487305 0.425781 0.491211 0.425781 0.489258 0.417969
0 0.544922 0.701172 0.540039 0.701172 0.536133 0.706055 0.543945 0.705078
0 0.859375 0.193359 0.858398 0.200195 0.862305 0.202148 0.863281 0.197266
0 0.974609 0.322266 0.975586 0.326172 0.979492 0.328125 0.985352 0.327148 0.979492 0.322266
0 0.278320 0.162109 0.273438 0.163086 0.269531 0.168945 0.274414 0.169922
0 0.947266 0.099609 0.947266 0.101562 0.955078 0.101562 0.957031 0.097656
0 0.147461 0.497070 0.148438 0.503906 0.153320 0.507812 0.157227 0.507812 0.156250 0.501953 0.151367 0.497070
0 0.920898 0.525391 0.924805 0.530273 0.931641 0.529297 0.929688 0.525391
0 0.122070 0.785156 0.114258 0.785156 0.110352 0.788086 0.110352 0.791016 0.119141 0.791016
0 0.400391 0.618164 0.396484 0.620117 0.396484 0.626953 0.398438 0.628906 0.401367 0.625000
0 0.670898 0.767578 0.666992 0.770508 0.668945 0.780273 0.671875 0.776367
0 0.521484 0.762695 0.518555 0.767578 0.520508 0.773438 0.523438 0.771484 0.523438 0.764648
0 0.329102 0.297852 0.330078 0.305664 0.334961 0.307617 0.333984 0.299805
0 0.706055 0.606445 0.709961 0.614258 0.715820 0.615234 0.712891 0.608398
0 0.427734 0.728516 0.431641 0.736328 0.439453 0.737305 0.436523 0.730469
0 0.631836 0.063477 0.627930 0.065430 0.626953 0.074219 0.629883 0.074219 0.631836 0.071289
0 0.522461 0.713867 0.514648 0.715820 0.512695 0.720703 0.518555 0.720703
0 0.315430 0.837891 0.314453 0.845703 0.318359 0.848633 0.319336 0.842773
0 0.836914 0.215820 0.836914 0.220703 0.843750 0.224609 0.842773 0.218750
0 0.247070 0.698242 0.243164 0.701172 0.244141 0.709961 0.248047 0.706055
0 0.345703 0.936523 0.346680 0.939453 0.353516 0.941406 0.352539 0.937500
0 0.710938 0.364258 0.707031 0.367188 0.707031 0.375000 0.711914 0.371094
0 0.815430 0.654297 0.811523 0.656250 0.810547 0.664062 0.815430 0.660156
0 0.706055 0.661133 0.704102 0.665039 0.708008 0.670898 0.708984 0.664062
0 0.762695 0.281250 0.763672 0.284180 0.771484 0.282227 0.771484 0.280273
0 0.122070 0.727539 0.115234 0.731445 0.114258 0.737305 0.120117 0.735352
0 0.577148 0.460938 0.574219 0.462891 0.574219 0.470703 0.578125 0.467773
0 0.709961 0.930664 0.703125 0.934570 0.703125 0.941406 0.708984 0.937500