0 0.291016 0.974609 0.286133 0.974609 0.282227 0.981445 0.289062 0.978516
0 0.292969 0.244141 0.289062 0.248047 0.291016 0.257812 0.293945 0.252930
0 0.413086 0.344727 0.409180 0.346680 0.408203 0.353516 0.413086 0.350586
0 0.545898 0.812500 0.548828 0.816406 0.557617 0.815430 0.555664 0.811523 0.548828 0.810547
0 0.613281 0.937500 0.609375 0.943359 0.610352 0.950195 0.612305 0.951172 0.615234 0.948242
0 0.437500 0.907227 0.439453 0.910156 0.445312 0.910156 0.448242 0.908203 0.448242 0.905273 0.442383 0.904297
0 0.579102 0.164062 0.572266 0.165039 0.569336 0.169922 0.576172 0.168945
0 0.186523 0.135742 0.186523 0.142578 0.188477 0.145508 0.191406 0.145508 0.192383 0.141602
0 0.121094 0.850586 0.122070 0.856445 0.126953 0.858398 0.125977 0.852539
0 0.182617 0.306641 0.182617 0.311523 0.188477 0.315430 0.187500 0.309570
0 0.744141 0.501953 0.737305 0.504883 0.735352 0.510742 0.737305 0.512695 0.743164 0.508789
0 0.140625 0.240234 0.137695 0.244141 0.137695 0.250977 0.142578 0.249023 0.142578 0.242188
0 0.363281 0.955078 0.365234 0.962891 0.373047 0.965820 0.372070 0.959961
0 0.852539 0.138672 0.849609 0.138672 0.847656 0.143555 0.849609 0.149414 0.852539 0.146484
0 0.164062 0.705078 0.159180 0.711914 0.161133 0.718750 0.166016 0.713867
0 0.152344 0.182617 0.149414 0.183594 0.147461 0.188477 0.149414 0.194336 0.153320 0.192383
0 0.590820 0.672852 0.589844 0.677734 0.592773 0.682617 0.594727 0.676758
0 0.894531 0.851562 0.894531 0.855469 0.904297 0.856445 0.901367 0.852539
0 0.742188 0.125977 0.742188 0.128906 0.747070 0.130859 0.754883 0.128906 0.754883 0.126953 0.748047 0.124023
0 0.252930 0.419922 0.250977 0.426758 0.251953 0.429688 0.254883 0.429688 0.255859 0.421875
0 0.255859 0.637695 0.259766 0.644531 0.265625 0.645508 0.261719 0.638672
0 0.256836 0.948242 0.263672 0.948242 0.266602 0.944336 0.259766 0.944336
0 0.418945 0.530273 0.415039 0.529297 0.410156 0.533203 0.416016 0.534180
0 0.239258 0.697266 0.230469 0.699219 0.228516 0.704102 0.236328 0.703125 0.239258 0.701172
0 0.605469 0.018555 0.596680 0.018555 0.595703 0.022461 0.600586 0.022461
0 0.952148 0.248047 0.953125 0.253906 0.958984 0.256836 0.958008 0.250977
0 0.397461 0.211914 0.394531 0.211914 0.391602 0.217773 0.395508 0.217773
0 0.340820 0.362305 0.344727 0.368164 0.352539 0.369141 0.350586 0.363281
0 0.078125 0.400391 0.074219 0.398438 0.069336 0.403320 0.075195 0.403320
0 0.669922 0.768555 0.667969 0.773438 0.671875 0.780273 0.672852 0.769531
0 0.203125 0.108398 0.196289 0.110352 0.194336 0.114258 0.201172 0.113281
0 0.764648 0.516602 0.761719 0.518555 0.762695 0.527344 0.766602 0.523438
0 0.978516 0.023438 0.977539 0.030273 0.981445 0.034180 0.982422 0.025391
0 0.272461 0.733398 0.268555 0.735352 0.266602 0.742188 0.272461 0.738281
0 0.393555 0.349609 0.388672 0.348633 0.384766 0.352539 0.383789 0.357422 0.389648 0.355469
0 0.639648 0.467773 0.634766 0.471680 0.634766 0.477539 0.639648 0.474609
0 0.312500 0.103516 0.308594 0.107422 0.308594 0.114258 0.311523 0.114258 0.313477 0.111328
0 0.558594 0.250000 0.560547 0.254883 0.568359 0.255859 0.565430 0.250977
0 0.451172 0.928711 0.453125 0.931641 0.460938 0.931641 0.457031 0.927734
0 0.927734 0.101562 0.924805 0.101562 0.922852 0.104492 0.922852 0.112305 0.927734 0.107422
0 0.095703 0.873047 0.095703 0.880859 0.100586 0.883789 0.100586 0.875000
0 0.755859 0.615234 0.755859 0.620117 0.763672 0.624023 0.761719 0.617188
0 0.794922 0.451172 0.791992 0.451172 0.790039 0.454102 0.790039 0.461914 0.794922 0.458008
0 0.342773 0.526367 0.338867 0.526367 0.333984 0.530273 0.335938 0.532227 0.340820 0.531250
0 0.554688 0.941406 0.552734 0.951172 0.556641 0.953125 0.558594 0.947266
0 0.959961 0.203125 0.958984 0.208984 0.959961 0.211914 0.962891 0.211914 0.963867 0.208008 0.961914 0.203125
0 0.085938 0.128906 0.084961 0.137695 0.088867 0.141602 0.089844 0.131836
0 0.524414 0.067383 0.519531 0.070312 0.519531 0.079102 0.524414 0.074219
0 0.944336 0.838867 0.942383 0.840820 0.945312 0.846680 0.952148 0.849609 0.950195 0.842773
0 0.458008 0.235352 0.453125 0.237305 0.451172 0.244141 0.456055 0.243164
0 0.749023 0.174805 0.750977 0.177734 0.761719 0.176758 0.760742 0.173828 0.754883 0.171875
0 0.897461 0.783203 0.899414 0.785156 0.907227 0.782227 0.907227 0.779297 0.900391 0.779297
0 0.027344 0.124023 0.025391 0.128906 0.029297 0.135742 0.031250 0.128906
0 0.647461 0.162109 0.639648 0.164062 0.635742 0.170898 0.644531 0.168945