0 0.185547 0.214844 0.188477 0.220703 0.195312 0.221680 0.193359 0.216797
0 0.292969 0.318359 0.288086 0.319336 0.284180 0.326172 0.291992 0.323242
0 0.051758 0.327148 0.042969 0.327148 0.041016 0.331055 0.047852 0.332031
0 0.557617 0.196289 0.552734 0.199219 0.551758 0.205078 0.556641 0.203125
0 0.654297 0.036133 0.650391 0.041016 0.651367 0.047852 0.654297 0.046875 0.656250 0.041016
0 0.746094 0.132812 0.752930 0.132812 0.754883 0.127930 0.749023 0.127930
0 0.954102 0.291016 0.956055 0.293945 0.964844 0.291992 0.962891 0.289062
0 0.162109 0.555664 0.162109 0.558594 0.165039 0.560547 0.173828 0.559570 0.168945 0.554688
0 0.333008 0.422852 0.330078 0.422852 0.328125 0.425781 0.329102 0.433594 0.331055 0.434570 0.334961 0.427734
0 0.177734 0.621094 0.180664 0.625000 0.192383 0.624023 0.192383 0.621094 0.188477 0.619141 0.178711 0.619141
0 0.309570 0.661133 0.308594 0.666016 0.316406 0.671875 0.315430 0.665039
0 0.837891 0.198242 0.837891 0.200195 0.844727 0.201172 0.848633 0.199219 0.848633 0.196289 0.842773 0.195312
0 0.375000 0.304688 0.378906 0.307617 0.385742 0.307617 0.383789 0.302734
0 0.448242 0.372070 0.452148 0.379883 0.459961 0.380859 0.456055 0.374023
0 0.403320 0.958984 0.397461 0.960938 0.396484 0.965820 0.399414 0.965820
0 0.051758 0.526367 0.048828 0.530273 0.050781 0.538086 0.052734 0.538086 0.053711 0.532227
0 0.439453 0.095703 0.442383 0.099609 0.450195 0.098633 0.450195 0.095703 0.445312 0.093750
0 0.770508 0.846680 0.770508 0.856445 0.774414 0.858398 0.774414 0.850586
0 0.162109 0.059570 0.157227 0.064453 0.158203 0.068359 0.162109 0.065430
0 0.388672 0.905273 0.389648 0.908203 0.397461 0.908203 0.395508 0.905273
0 0.947266 0.656250 0.952148 0.659180 0.961914 0.657227 0.958984 0.653320
0 0.657227 0.249023 0.658203 0.255859 0.663086 0.259766 0.666992 0.259766 0.667969 0.255859 0.666016 0.252930
0 0.530273 0.077148 0.531250 0.083008 0.535156 0.084961 0.534180 0.079102
0 0.977539 0.138672 0.979492 0.143555 0.988281 0.145508 0.986328 0.140625
0 0.220703 0.894531 0.216797 0.898438 0.216797 0.903320 0.221680 0.898438
0 0.455078 0.986328 0.447266 0.988281 0.445312 0.993164 0.451172 0.993164
0 0.400391 0.250000 0.404297 0.256836 0.410156 0.256836 0.408203 0.250977
0 0.061523 0.609375 0.055664 0.612305 0.053711 0.621094 0.060547 0.618164
0 0.231445 0.439453 0.223633 0.439453 0.220703 0.441406 0.219727 0.446289 0.227539 0.444336
0 0.547852 0.683594 0.544922 0.684570 0.544922 0.692383 0.547852 0.690430
0 0.870117 0.928711 0.870117 0.931641 0.873047 0.933594 0.878906 0.933594 0.876953 0.929688
0 0.760742 0.884766 0.761719 0.890625 0.767578 0.894531 0.766602 0.886719
0 0.682617 0.087891 0.687500 0.089844 0.693359 0.087891 0.693359 0.085938 0.684570 0.084961
0 0.890625 0.022461 0.892578 0.027344 0.897461 0.028320 0.895508 0.022461
0 0.137695 0.474609 0.130859 0.474609 0.128906 0.477539 0.137695 0.477539
0 0.461914 0.109375 0.466797 0.114258 0.471680 0.113281 0.469727 0.109375
0 0.349609 0.807617 0.349609 0.810547 0.352539 0.811523 0.360352 0.809570 0.357422 0.806641
0 0.648438 0.237305 0.648438 0.244141 0.651367 0.249023 0.654297 0.249023 0.653320 0.240234 0.651367 0.237305
0 0.884766 0.121094 0.880859 0.122070 0.879883 0.127930 0.884766 0.125000
0 0.807617 0.169922 0.810547 0.177734 0.818359 0.178711 0.813477 0.170898
0 0.802734 0.538086 0.800781 0.540039 0.801758 0.542969 0.807617 0.547852 0.808594 0.544922 0.805664 0.539062
0 0.489258 0.156250 0.482422 0.157227 0.480469 0.163086 0.488281 0.160156
0 0.931641 0.394531 0.934570 0.398438 0.943359 0.398438 0.939453 0.393555 0.933594 0.392578
0 0.374023 0.619141 0.375977 0.623047 0.382812 0.624023 0.378906 0.619141
0 0.703125 0.152344 0.698242 0.151367 0.693359 0.154297 0.700195 0.156250
0 0.605469 0.133789 0.610352 0.138672 0.616211 0.138672 0.616211 0.135742 0.613281 0.133789
0 0.303711 0.416992 0.301758 0.425781 0.303711 0.429688 0.306641 0.429688 0.307617 0.420898
0 0.643555 0.896484 0.639648 0.899414 0.639648 0.907227 0.644531 0.902344
0 0.250977 0.549805 0.253906 0.552734 0.260742 0.551758 0.258789 0.548828
0 0.698242 0.424805 0.692383 0.427734 0.691406 0.432617 0.698242 0.428711
0 0.909180 0.495117 0.905273 0.497070 0.904297 0.504883 0.909180 0.500977
0 0.719727 0.121094 0.723633 0.125977 0.729492 0.125977 0.728516 0.122070
0 0.317383 0.082031 0.312500 0.082031 0.308594 0.086914 0.316406 0.084961
0 0.216797 0.283203 0.215820 0.290039 0.219727 0.294922 0.220703 0.286133 0.219727 0.283203
0 0.340820 0.262695 0.337891 0.262695 0.335938 0.266602 0.336914 0.273438 0.338867 0.273438 0.341797 0.267578
0 0.323242 0.530273 0.325195 0.533203 0.332031 0.531250 0.332031 0.529297