0 0.785156 0.812500 0.784180 0.815430 0.791016 0.821289 0.791016 0.815430
0 0.245117 0.762695 0.243164 0.764648 0.245117 0.769531 0.252930 0.772461 0.250977 0.765625
0 0.986328 0.899414 0.980469 0.902344 0.978516 0.909180 0.985352 0.906250
0 0.929688 0.227539 0.928711 0.235352 0.931641 0.238281 0.933594 0.229492
0 0.173828 0.061523 0.168945 0.063477 0.167969 0.071289 0.172852 0.068359
0 0.890625 0.170898 0.885742 0.170898 0.880859 0.178711 0.886719 0.177734
0 0.129883 0.675781 0.125977 0.678711 0.126953 0.687500 0.131836 0.682617
0 0.460938 0.223633 0.462891 0.233398 0.468750 0.235352 0.468750 0.228516
0 0.503906 0.872070 0.498047 0.872070 0.494141 0.877930 0.500000 0.877930
0 0.026367 0.420898 0.021484 0.420898 0.018555 0.428711 0.024414 0.426758
0 0.135742 0.425781 0.128906 0.429688 0.128906 0.434570 0.133789 0.433594
0 0.457031 0.898438 0.451172 0.901367 0.450195 0.908203 0.456055 0.905273
0 0.584961 0.433594 0.585938 0.437500 0.593750 0.438477 0.591797 0.434570
0 0.383789 0.348633 0.386719 0.354492 0.392578 0.355469 0.388672 0.348633
0 0.615234 0.373047 0.613281 0.375000 0.616211 0.382812 0.619141 0.382812 0.619141 0.376953
0 0.610352 0.886719 0.607422 0.886719 0.605469 0.896484 0.608398 0.896484 0.610352 0.893555
0 0.267578 0.313477 0.270508 0.319336 0.277344 0.319336 0.274414 0.314453
0 0.649414 0.889648 0.646484 0.889648 0.644531 0.892578 0.644531 0.899414 0.648438 0.897461
0 0.060547 0.101562 0.055664 0.107422 0.057617 0.115234 0.061523 0.110352
0 0.233398 0.574219 0.229492 0.577148 0.229492 0.586914 0.234375 0.583008
0 0.622070 0.454102 0.623047 0.462891 0.626953 0.465820 0.626953 0.457031
0 0.095703 0.955078 0.094727 0.963867 0.098633 0.968750 0.100586 0.966797 0.100586 0.959961
0 0.357422 0.771484 0.357422 0.775391 0.367188 0.774414 0.365234 0.771484
0 0.535156 0.510742 0.531250 0.513672 0.532227 0.525391 0.535156 0.525391 0.537109 0.521484 0.537109 0.511719
0 0.432617 0.706055 0.425781 0.710938 0.425781 0.716797 0.431641 0.712891
0 0.371094 0.499023 0.366211 0.501953 0.365234 0.508789 0.371094 0.503906
0 0.394531 0.298828 0.389648 0.299805 0.387695 0.308594 0.392578 0.306641
0 0.500000 0.072266 0.502930 0.077148 0.509766 0.078125 0.508789 0.074219
0 0.338867 0.544922 0.334961 0.546875 0.333984 0.554688 0.338867 0.550781
0 0.761719 0.857422 0.762695 0.861328 0.773438 0.861328 0.770508 0.857422
0 0.066406 0.545898 0.070312 0.549805 0.077148 0.549805 0.074219 0.544922
0 0.336914 0.244141 0.332031 0.250000 0.333008 0.257812 0.339844 0.249023 0.339844 0.246094
0 0.771484 0.075195 0.772461 0.080078 0.778320 0.083008 0.777344 0.078125
0 0.941406 0.355469 0.933594 0.355469 0.930664 0.361328 0.938477 0.360352
0 0.494141 0.788086 0.487305 0.791016 0.486328 0.796875 0.493164 0.793945
0 0.299805 0.920898 0.299805 0.924805 0.305664 0.928711 0.304688 0.922852
0 0.464844 0.014648 0.467773 0.018555 0.476562 0.018555 0.472656 0.013672 0.466797 0.012695
0 0.711914 0.250977 0.712891 0.256836 0.718750 0.260742 0.717773 0.252930
0 0.532227 0.643555 0.527344 0.642578 0.523438 0.644531 0.523438 0.647461 0.529297 0.647461
0 0.048828 0.208008 0.041992 0.210938 0.041016 0.219727 0.047852 0.214844
0 0.809570 0.096680 0.804688 0.097656 0.800781 0.104492 0.808594 0.103516
0 0.103516 0.325195 0.104492 0.328125 0.114258 0.326172 0.111328 0.323242
0 0.046875 0.407227 0.046875 0.411133 0.056641 0.412109 0.053711 0.408203
0 0.304688 0.689453 0.303711 0.695312 0.307617 0.700195 0.309570 0.694336
0 0.658203 0.740234 0.656250 0.741211 0.657227 0.750000 0.660156 0.748047
0 0.469727 0.352539 0.471680 0.360352 0.476562 0.362305 0.476562 0.356445
0 0.308594 0.482422 0.308594 0.490234 0.314453 0.494141 0.314453 0.488281
0 0.738281 0.604492 0.734375 0.607422 0.736328 0.617188 0.739258 0.613281
0 0.631836 0.708008 0.626953 0.712891 0.628906 0.722656 0.631836 0.718750
0 0.156250 0.830078 0.157227 0.837891 0.163086 0.840820 0.162109 0.833008
0 0.375000 0.870117 0.375977 0.875977 0.380859 0.877930 0.379883 0.872070
0 0.590820 0.870117 0.585938 0.871094 0.583008 0.875977 0.588867 0.875000
0 0.602539 0.454102 0.602539 0.461914 0.606445 0.463867 0.606445 0.456055
0 0.628906 0.439453 0.633789 0.443359 0.643555 0.441406 0.633789 0.437500
0 0.240234 0.930664 0.234375 0.930664 0.229492 0.937500 0.237305 0.936523
0 0.988281 0.220703 0.986328 0.218750 0.981445 0.220703 0.978516 0.226562 0.986328 0.224609
0 0.435547 0.621094 0.436523 0.625000 0.440430 0.626953 0.440430 0.622070
0 0.916016 0.291992 0.909180 0.295898 0.910156 0.300781 0.915039 0.297852
0 0.806641 0.216797 0.806641 0.221680 0.810547 0.225586 0.814453 0.225586 0.812500 0.218750
0 0.304688 0.402344 0.299805 0.406250 0.299805 0.413086 0.301758 0.415039 0.305664 0.409180
0 0.349609 0.281250 0.343750 0.284180 0.339844 0.291992 0.340820 0.294922 0.348633 0.291016 0.350586 0.287109
0 0.285156 0.895508 0.285156 0.901367 0.290039 0.905273 0.290039 0.899414
0 0.416016 0.389648 0.416992 0.395508 0.421875 0.398438 0.420898 0.391602