0 0.618164 0.053711 0.618164 0.056641 0.621094 0.058594 0.628906 0.056641 0.628906 0.054688 0.624023 0.052734
0 0.852539 0.805664 0.856445 0.812500 0.864258 0.813477 0.858398 0.805664
0 0.186523 0.672852 0.185547 0.679688 0.190430 0.684570 0.191406 0.677734
0 0.886719 0.827148 0.886719 0.833008 0.890625 0.836914 0.895508 0.837891 0.892578 0.830078
0 0.554688 0.678711 0.548828 0.678711 0.544922 0.685547 0.552734 0.683594
0 0.631836 0.107422 0.633789 0.112305 0.639648 0.113281 0.635742 0.107422
0 0.801758 0.054688 0.801758 0.058594 0.805664 0.060547 0.811523 0.059570 0.808594 0.055664
0 0.959961 0.810547 0.963867 0.816406 0.969727 0.817383 0.968750 0.812500
0 0.286133 0.703125 0.280273 0.706055 0.279297 0.712891 0.285156 0.708984
0 0.346680 0.907227 0.349609 0.910156 0.358398 0.910156 0.358398 0.907227 0.355469 0.905273
0 0.544922 0.646484 0.545898 0.651367 0.551758 0.655273 0.549805 0.647461
0 0.814453 0.688477 0.821289 0.694336 0.827148 0.693359 0.823242 0.688477
0 0.137695 0.104492 0.136719 0.113281 0.140625 0.115234 0.141602 0.108398
0 0.963867 0.294922 0.960938 0.294922 0.958984 0.297852 0.961914 0.307617 0.964844 0.301758
0 0.393555 0.458984 0.392578 0.467773 0.396484 0.469727 0.397461 0.462891
0 0.470703 0.220703 0.464844 0.221680 0.461914 0.227539 0.466797 0.227539
0 0.488281 0.168945 0.484375 0.169922 0.483398 0.178711 0.487305 0.176758
0 0.246094 0.088867 0.248047 0.096680 0.253906 0.098633 0.251953 0.091797
0 0.646484 0.497070 0.636719 0.498047 0.636719 0.500977 0.644531 0.500977
0 0.205078 0.141602 0.207031 0.145508 0.214844 0.145508 0.211914 0.141602
0 0.476562 0.746094 0.471680 0.747070 0.468750 0.752930 0.473633 0.751953
0 0.633789 0.350586 0.640625 0.351562 0.643555 0.347656 0.636719 0.346680
0 0.699219 0.785156 0.708984 0.786133 0.711914 0.782227 0.704102 0.781250
0 0.349609 0.356445 0.345703 0.359375 0.346680 0.368164 0.350586 0.364258
0 0.494141 0.243164 0.490234 0.243164 0.489258 0.252930 0.493164 0.249023
0 0.684570 0.379883 0.681641 0.379883 0.679688 0.382812 0.680664 0.389648 0.683594 0.386719
0 0.944336 0.249023 0.949219 0.253906 0.956055 0.253906 0.956055 0.250977 0.952148 0.248047
0 0.592773 0.312500 0.595703 0.322266 0.599609 0.323242 0.599609 0.317383
0 0.833984 0.583008 0.827148 0.586914 0.826172 0.592773 0.828125 0.593750 0.833008 0.589844
0 0.814453 0.587891 0.815430 0.593750 0.822266 0.596680 0.820312 0.588867
0 0.682617 0.394531 0.683594 0.399414 0.694336 0.401367 0.691406 0.395508
0 0.395508 0.250977 0.391602 0.252930 0.391602 0.261719 0.396484 0.256836
0 0.268555 0.319336 0.265625 0.321289 0.267578 0.330078 0.269531 0.327148
0 0.107422 0.168945 0.109375 0.176758 0.117188 0.179688 0.116211 0.173828
0 0.417969 0.043945 0.420898 0.048828 0.424805 0.049805 0.423828 0.044922
0 0.794922 0.439453 0.798828 0.443359 0.807617 0.442383 0.802734 0.438477
0 0.884766 0.928711 0.875977 0.930664 0.875977 0.933594 0.882812 0.933594
0 0.617188 0.632812 0.612305 0.634766 0.610352 0.640625 0.617188 0.637695
0 0.748047 0.914062 0.744141 0.916992 0.745117 0.924805 0.747070 0.924805 0.749023 0.919922
0 0.488281 0.612305 0.491211 0.617188 0.500000 0.616211 0.494141 0.611328
0 0.873047 0.659180 0.879883 0.664062 0.887695 0.662109 0.883789 0.658203
0 0.451172 0.583008 0.447266 0.585938 0.446289 0.591797 0.448242 0.595703 0.452148 0.591797 0.453125 0.584961
0 0.808594 0.905273 0.800781 0.903320 0.792969 0.906250 0.792969 0.908203 0.802734 0.910156
0 0.181641 0.438477 0.185547 0.441406 0.192383 0.441406 0.190430 0.437500 0.184570 0.436523
0 0.114258 0.477539 0.118164 0.484375 0.124023 0.485352 0.121094 0.478516
0 0.312500 0.560547 0.311523 0.563477 0.318359 0.567383 0.318359 0.563477
0 0.737305 0.731445 0.737305 0.734375 0.741211 0.736328 0.747070 0.734375 0.741211 0.730469
0 0.773438 0.879883 0.777344 0.885742 0.785156 0.885742 0.780273 0.879883
0 0.805664 0.940430 0.810547 0.945312 0.814453 0.944336 0.810547 0.940430
0 0.520508 0.815430 0.514648 0.818359 0.513672 0.824219 0.519531 0.821289
0 0.081055 0.972656 0.076172 0.973633 0.073242 0.982422 0.074219 0.986328 0.077148 0.986328 0.081055 0.981445
0 0.259766 0.833984 0.259766 0.841797 0.264648 0.845703 0.265625 0.837891 0.262695 0.833984
0 0.675781 0.958984 0.672852 0.958984 0.670898 0.961914 0.670898 0.970703 0.676758 0.963867
0 0.418945 0.598633 0.416016 0.600586 0.416016 0.606445 0.419922 0.603516
0 0.499023 0.319336 0.491211 0.320312 0.488281 0.326172 0.496094 0.324219
0 0.193359 0.376953 0.200195 0.376953 0.203125 0.373047 0.195312 0.373047
0 0.613281 0.229492 0.613281 0.232422 0.616211 0.234375 0.625000 0.234375 0.617188 0.228516
0 0.898438 0.223633 0.899414 0.226562 0.908203 0.225586 0.908203 0.222656
0 0.913086 0.124023 0.906250 0.125000 0.904297 0.128906 0.910156 0.128906
0 0.470703 0.328125 0.466797 0.332031 0.469727 0.341797 0.472656 0.335938
0 0.666016 0.720703 0.666992 0.725586 0.672852 0.728516 0.673828 0.724609
0 0.176758 0.575195 0.170898 0.578125 0.170898 0.585938 0.174805 0.583008
0 0.076172 0.231445 0.071289 0.233398 0.070312 0.239258 0.075195 0.237305
0 0.277344 0.795898 0.273438 0.796875 0.272461 0.804688 0.276367 0.802734
0 0.135742 0.701172 0.130859 0.701172 0.125977 0.706055 0.131836 0.707031 0.135742 0.704102
0 0.216797 0.375000 0.217773 0.380859 0.222656 0.382812 0.220703 0.375977
0 0.016602 0.189453 0.020508 0.192383 0.029297 0.191406 0.026367 0.187500
0 0.966797 0.737305 0.962891 0.737305 0.958984 0.741211 0.958984 0.745117 0.964844 0.743164
0 0.949219 0.158203 0.947266 0.163086 0.950195 0.168945 0.952148 0.161133
0 0.935547 0.477539 0.931641 0.481445 0.932617 0.489258 0.936523 0.486328
0 0.041016 0.820312 0.041016 0.826172 0.045898 0.830078 0.045898 0.824219