0 0.439453 0.261719 0.435547 0.262695 0.433594 0.268555 0.438477 0.266602
0 0.395508 0.886719 0.399414 0.890625 0.408203 0.889648 0.404297 0.884766
0 0.966797 0.606445 0.971680 0.608398 0.976562 0.606445 0.976562 0.603516 0.969727 0.603516
0 0.602539 0.311523 0.602539 0.314453 0.610352 0.317383 0.613281 0.315430 0.609375 0.311523
0 0.331055 0.684570 0.334961 0.687500 0.341797 0.687500 0.341797 0.684570 0.336914 0.682617
0 0.935547 0.264648 0.930664 0.264648 0.926758 0.269531 0.933594 0.269531
0 0.327148 0.895508 0.323242 0.898438 0.323242 0.907227 0.328125 0.903320
0 0.918945 0.063477 0.919922 0.068359 0.929688 0.070312 0.927734 0.065430
0 0.172852 0.489258 0.169922 0.495117 0.171875 0.500000 0.174805 0.498047 0.174805 0.491211
0 0.145508 0.143555 0.148438 0.149414 0.155273 0.151367 0.151367 0.144531
0 0.973633 0.911133 0.972656 0.918945 0.974609 0.922852 0.977539 0.922852 0.977539 0.914062
0 0.439453 0.203125 0.438477 0.212891 0.441406 0.216797 0.443359 0.205078
0 0.806641 0.668945 0.799805 0.669922 0.797852 0.673828 0.805664 0.672852
0 0.629883 0.671875 0.624023 0.671875 0.621094 0.677734 0.628906 0.676758
0 0.197266 0.008789 0.195312 0.017578 0.199219 0.020508 0.200195 0.010742
0 0.724609 0.619141 0.725586 0.624023 0.731445 0.626953 0.730469 0.621094
0 0.279297 0.830078 0.275391 0.832031 0.274414 0.839844 0.280273 0.836914 0.281250 0.833008
0 0.813477 0.738281 0.809570 0.741211 0.810547 0.750000 0.815430 0.745117
0 0.073242 0.169922 0.073242 0.177734 0.078125 0.179688 0.077148 0.172852
0 0.519531 0.932617 0.515625 0.933594 0.515625 0.942383 0.519531 0.939453
0 0.257812 0.847656 0.250000 0.847656 0.246094 0.850586 0.246094 0.853516 0.252930 0.853516
0 0.408203 0.416992 0.408203 0.421875 0.416016 0.425781 0.414062 0.417969
0 0.967773 0.403320 0.966797 0.406250 0.969727 0.411133 0.975586 0.413086 0.975586 0.408203
0 0.301758 0.408203 0.305664 0.412109 0.312500 0.411133 0.310547 0.407227
0 0.796875 0.649414 0.788086 0.651367 0.787109 0.657227 0.794922 0.654297
0 0.073242 0.576172 0.073242 0.584961 0.078125 0.588867 0.078125 0.579102
0 0.053711 0.272461 0.052734 0.277344 0.057617 0.282227 0.058594 0.275391
0 0.892578 0.370117 0.894531 0.375000 0.901367 0.378906 0.902344 0.375000 0.900391 0.372070
0 0.171875 0.677734 0.161133 0.677734 0.158203 0.682617 0.168945 0.681641
0 0.658203 0.910156 0.655273 0.911133 0.654297 0.917969 0.657227 0.916992
0 0.286133 0.779297 0.277344 0.779297 0.272461 0.785156 0.279297 0.786133
0 0.814453 0.307617 0.813477 0.314453 0.816406 0.315430 0.817383 0.310547
0 0.031250 0.958984 0.021484 0.959961 0.018555 0.965820 0.026367 0.965820 0.030273 0.962891
0 0.876953 0.405273 0.884766 0.406250 0.887695 0.403320 0.886719 0.401367 0.879883 0.401367
0 0.945312 0.010742 0.946289 0.015625 0.953125 0.018555 0.952148 0.013672
0 0.711914 0.142578 0.710938 0.146484 0.716797 0.152344 0.715820 0.144531
0 0.222656 0.847656 0.218750 0.847656 0.214844 0.855469 0.219727 0.854492
0 0.592773 0.006836 0.594727 0.011719 0.603516 0.012695 0.597656 0.006836
0 0.832031 0.413086 0.826172 0.413086 0.822266 0.417969 0.829102 0.417969 0.832031 0.416016
0 0.142578 0.164062 0.134766 0.165039 0.131836 0.169922 0.138672 0.169922
0 0.359375 0.189453 0.362305 0.196289 0.367188 0.198242 0.373047 0.197266 0.368164 0.190430
0 0.577148 0.269531 0.579102 0.276367 0.585938 0.278320 0.584961 0.272461
0 0.480469 0.491211 0.475586 0.492188 0.472656 0.498047 0.477539 0.497070
0 0.045898 0.388672 0.044922 0.393555 0.051758 0.396484 0.049805 0.390625
0 0.120117 0.309570 0.122070 0.312500 0.126953 0.313477 0.132812 0.310547 0.130859 0.307617
0 0.680664 0.146484 0.689453 0.147461 0.693359 0.143555 0.683594 0.142578
0 0.244141 0.045898 0.248047 0.050781 0.254883 0.050781 0.254883 0.047852 0.251953 0.045898
0 0.277344 0.663086 0.280273 0.670898 0.287109 0.670898 0.284180 0.665039
0 0.722656 0.819336 0.722656 0.824219 0.728516 0.828125 0.727539 0.821289
0 0.657227 0.341797 0.652344 0.342773 0.649414 0.349609 0.653320 0.349609
0 0.133789 0.637695 0.127930 0.640625 0.126953 0.645508 0.132812 0.642578
0 0.745117 0.928711 0.752930 0.930664 0.757812 0.928711 0.758789 0.925781 0.750000 0.923828
0 0.743164 0.591797 0.743164 0.597656 0.747070 0.601562 0.747070 0.592773
0 0.697266 0.270508 0.690430 0.271484 0.688477 0.276367 0.695312 0.274414
0 0.567383 0.566406 0.563477 0.567383 0.560547 0.573242 0.565430 0.571289
0 0.393555 0.004883 0.388672 0.004883 0.385742 0.012695 0.390625 0.010742
0 0.454102 0.814453 0.455078 0.817383 0.464844 0.816406 0.464844 0.812500
0 0.372070 0.017578 0.375000 0.024414 0.382812 0.026367 0.379883 0.019531
0 0.585938 0.422852 0.588867 0.426758 0.598633 0.424805 0.598633 0.422852 0.593750 0.420898
0 0.282227 0.457031 0.279297 0.466797 0.283203 0.472656 0.285156 0.462891
0 0.348633 0.728516 0.349609 0.734375 0.355469 0.738281 0.354492 0.730469
0 0.072266 0.543945 0.065430 0.547852 0.062500 0.558594 0.071289 0.553711
0 0.229492 0.012695 0.222656 0.016602 0.222656 0.021484 0.229492 0.017578
0 0.509766 0.281250 0.507812 0.279297 0.502930 0.280273 0.499023 0.285156 0.506836 0.284180
0 0.188477 0.402344 0.191406 0.403320 0.199219 0.400391 0.198242 0.398438 0.190430 0.398438
0 0.258789 0.934570 0.250977 0.935547 0.247070 0.941406 0.255859 0.940430
0 0.312500 0.541992 0.311523 0.545898 0.317383 0.551758 0.316406 0.543945
0 0.733398 0.913086 0.729492 0.913086 0.723633 0.917969 0.731445 0.917969
0 0.672852 0.718750 0.667969 0.719727 0.664062 0.726562 0.669922 0.725586 0.672852 0.722656
0 0.963867 0.979492 0.964844 0.985352 0.969727 0.988281 0.969727 0.982422