0 0.311523 0.160156 0.312500 0.164062 0.318359 0.165039 0.322266 0.163086 0.315430 0.159180
0 0.507812 0.455078 0.501953 0.454102 0.498047 0.458984 0.504883 0.458984
0 0.736328 0.428711 0.728516 0.432617 0.728516 0.437500 0.735352 0.434570
0 0.008789 0.152344 0.010742 0.155273 0.020508 0.155273 0.019531 0.151367
0 0.764648 0.433594 0.759766 0.433594 0.755859 0.440430 0.761719 0.439453
0 0.704102 0.679688 0.708984 0.680664 0.713867 0.675781 0.706055 0.675781
0 0.057617 0.056641 0.057617 0.062500 0.061523 0.066406 0.062500 0.059570
0 0.855469 0.889648 0.857422 0.898438 0.861328 0.900391 0.861328 0.893555
0 0.894531 0.489258 0.896484 0.494141 0.905273 0.495117 0.900391 0.489258
0 0.524414 0.587891 0.518555 0.590820 0.515625 0.598633 0.516602 0.602539 0.523438 0.597656
0 0.706055 0.799805 0.699219 0.800781 0.695312 0.803711 0.694336 0.807617 0.702148 0.806641
0 0.281250 0.462891 0.276367 0.466797 0.276367 0.475586 0.282227 0.468750
0 0.021484 0.428711 0.024414 0.432617 0.035156 0.429688 0.030273 0.426758
0 0.359375 0.230469 0.350586 0.231445 0.346680 0.238281 0.354492 0.237305 0.359375 0.233398
0 0.300781 0.713867 0.298828 0.720703 0.299805 0.724609 0.302734 0.724609 0.304688 0.717773
0 0.381836 0.779297 0.375977 0.780273 0.374023 0.786133 0.379883 0.785156
0 0.917969 0.050781 0.920898 0.055664 0.928711 0.057617 0.928711 0.054688 0.922852 0.049805
0 0.226562 0.038086 0.220703 0.037109 0.216797 0.041992 0.222656 0.041992
0 0.458008 0.300781 0.455078 0.301758 0.455078 0.309570 0.458008 0.307617
0 0.905273 0.151367 0.906250 0.156250 0.913086 0.160156 0.914062 0.156250
0 0.810547 0.106445 0.814453 0.109375 0.821289 0.109375 0.819336 0.104492 0.812500 0.104492
0 0.535156 0.435547 0.532227 0.440430 0.533203 0.445312 0.537109 0.441406
0 0.297852 0.011719 0.304688 0.011719 0.307617 0.007812 0.299805 0.007812
0 0.986328 0.634766 0.984375 0.642578 0.989258 0.648438 0.990234 0.639648 0.988281 0.634766
0 0.125977 0.099609 0.117188 0.099609 0.116211 0.103516 0.121094 0.103516
0 0.162109 0.669922 0.156250 0.677734 0.158203 0.682617 0.163086 0.674805
0 0.447266 0.471680 0.444336 0.469727 0.436523 0.472656 0.436523 0.475586 0.443359 0.475586
0 0.631836 0.691406 0.636719 0.695312 0.642578 0.693359 0.640625 0.690430
0 0.548828 0.869141 0.541992 0.869141 0.540039 0.874023 0.547852 0.872070
0 0.400391 0.022461 0.402344 0.027344 0.411133 0.028320 0.408203 0.023438
0 0.036133 0.083984 0.037109 0.090820 0.040039 0.094727 0.042969 0.094727 0.043945 0.089844 0.041992 0.085938
0 0.672852 0.909180 0.671875 0.914062 0.677734 0.918945 0.676758 0.912109
0 0.076172 0.708984 0.083984 0.713867 0.089844 0.712891 0.088867 0.708984 0.083984 0.707031
0 0.717773 0.067383 0.716797 0.076172 0.719727 0.076172 0.720703 0.069336
0 0.555664 0.462891 0.558594 0.466797 0.565430 0.466797 0.561523 0.461914
0 0.408203 0.936523 0.409180 0.939453 0.416992 0.939453 0.416016 0.935547
0 0.415039 0.642578 0.412109 0.643555 0.411133 0.647461 0.413086 0.654297 0.416992 0.647461
0 0.346680 0.368164 0.345703 0.375000 0.347656 0.380859 0.349609 0.380859 0.351562 0.371094 0.350586 0.368164
0 0.702148 0.493164 0.701172 0.500977 0.702148 0.503906 0.705078 0.503906 0.706055 0.497070
0 0.470703 0.536133 0.471680 0.544922 0.476562 0.546875 0.475586 0.539062
0 0.131836 0.629883 0.134766 0.635742 0.141602 0.636719 0.138672 0.630859
0 0.382812 0.239258 0.382812 0.246094 0.385742 0.250977 0.388672 0.250977 0.388672 0.243164 0.385742 0.239258
0 0.154297 0.779297 0.157227 0.783203 0.164062 0.783203 0.164062 0.780273 0.160156 0.778320
0 0.667969 0.173828 0.668945 0.180664 0.672852 0.182617 0.671875 0.174805
0 0.286133 0.878906 0.287109 0.885742 0.291016 0.887695 0.290039 0.879883
0 0.957031 0.114258 0.960938 0.119141 0.967773 0.119141 0.967773 0.116211 0.964844 0.114258
0 0.900391 0.126953 0.900391 0.134766 0.905273 0.137695 0.906250 0.132812
0 0.109375 0.938477 0.110352 0.941406 0.117188 0.940430 0.114258 0.937500
0 0.609375 0.833008 0.603516 0.833984 0.600586 0.838867 0.607422 0.837891
0 0.095703 0.024414 0.097656 0.029297 0.104492 0.030273 0.103516 0.026367
0 0.235352 0.671875 0.230469 0.673828 0.229492 0.679688 0.235352 0.675781