0 0.553711 0.649414 0.546875 0.651367 0.545898 0.654297 0.552734 0.653320
0 0.725586 0.926758 0.726562 0.934570 0.732422 0.937500 0.731445 0.929688
0 0.022461 0.929688 0.023438 0.934570 0.030273 0.938477 0.029297 0.932617 0.026367 0.929688
0 0.119141 0.825195 0.119141 0.831055 0.126953 0.836914 0.125000 0.828125
0 0.805664 0.127930 0.807617 0.138672 0.812500 0.140625 0.810547 0.129883
0 0.658203 0.166016 0.653320 0.167969 0.651367 0.175781 0.655273 0.174805 0.658203 0.170898
0 0.821289 0.363281 0.821289 0.371094 0.826172 0.375000 0.827148 0.368164 0.824219 0.363281
0 0.350586 0.866211 0.352539 0.868164 0.360352 0.867188 0.357422 0.864258
0 0.741211 0.258789 0.742188 0.263672 0.750000 0.265625 0.745117 0.258789
0 0.834961 0.433594 0.835938 0.442383 0.841797 0.445312 0.840820 0.436523
0 0.193359 0.570312 0.195312 0.575195 0.206055 0.573242 0.206055 0.571289 0.201172 0.569336
0 0.130859 0.045898 0.127930 0.045898 0.125977 0.048828 0.126953 0.056641 0.128906 0.057617 0.132812 0.050781
0 0.406250 0.359375 0.407227 0.362305 0.416016 0.360352 0.415039 0.357422
0 0.457031 0.583984 0.453125 0.585938 0.453125 0.593750 0.457031 0.590820
0 0.144531 0.625977 0.137695 0.625977 0.133789 0.628906 0.133789 0.631836 0.141602 0.630859
0 0.950195 0.198242 0.944336 0.201172 0.944336 0.208984 0.949219 0.205078
0 0.864258 0.917969 0.863281 0.925781 0.868164 0.930664 0.868164 0.921875
0 0.222656 0.249023 0.226562 0.254883 0.235352 0.254883 0.231445 0.250000
0 0.881836 0.458984 0.880859 0.466797 0.884766 0.470703 0.885742 0.461914 0.884766 0.458984
0 0.391602 0.520508 0.389648 0.526367 0.391602 0.531250 0.393555 0.531250 0.394531 0.522461
0 0.475586 0.488281 0.471680 0.489258 0.470703 0.498047 0.475586 0.495117
0 0.952148 0.545898 0.952148 0.550781 0.956055 0.555664 0.957031 0.549805
0 0.195312 0.875977 0.201172 0.881836 0.207031 0.880859 0.204102 0.875977
0 0.916992 0.418945 0.925781 0.417969 0.927734 0.415039 0.919922 0.414062 0.916992 0.416016
0 0.113281 0.773438 0.107422 0.775391 0.105469 0.781250 0.109375 0.781250
0 0.514648 0.966797 0.507812 0.972656 0.508789 0.981445 0.513672 0.977539
0 0.947266 0.578125 0.939453 0.578125 0.935547 0.581055 0.935547 0.583984 0.943359 0.583984
0 0.702148 0.372070 0.702148 0.375000 0.706055 0.376953 0.710938 0.375977 0.708984 0.372070
0 0.375977 0.529297 0.376953 0.539062 0.378906 0.541992 0.381836 0.541992 0.382812 0.533203 0.379883 0.529297
0 0.779297 0.980469 0.774414 0.983398 0.773438 0.990234 0.779297 0.985352
0 0.336914 0.634766 0.336914 0.642578 0.342773 0.645508 0.342773 0.639648
0 0.307617 0.599609 0.300781 0.600586 0.297852 0.608398 0.302734 0.608398
0 0.386719 0.666992 0.388672 0.673828 0.395508 0.675781 0.393555 0.669922
0 0.716797 0.479492 0.720703 0.482422 0.728516 0.481445 0.726562 0.477539
0 0.697266 0.243164 0.705078 0.244141 0.708984 0.239258 0.700195 0.238281 0.697266 0.240234
0 0.222656 0.257812 0.216797 0.260742 0.215820 0.266602 0.221680 0.263672