0 0.593750 0.645508 0.591797 0.645508 0.589844 0.650391 0.592773 0.658203 0.595703 0.654297
0 0.416016 0.856445 0.411133 0.858398 0.410156 0.868164 0.415039 0.864258
0 0.489258 0.304688 0.494141 0.308594 0.500000 0.306641 0.498047 0.303711
0 0.360352 0.779297 0.356445 0.782227 0.357422 0.790039 0.361328 0.786133
0 0.501953 0.468750 0.501953 0.474609 0.505859 0.478516 0.506836 0.472656
0 0.321289 0.377930 0.320312 0.382812 0.325195 0.390625 0.326172 0.382812
0 0.806641 0.293945 0.800781 0.296875 0.799805 0.303711 0.805664 0.300781
0 0.819336 0.582031 0.821289 0.591797 0.826172 0.593750 0.827148 0.589844 0.824219 0.583984
0 0.931641 0.175781 0.923828 0.176758 0.920898 0.181641 0.929688 0.180664
0 0.548828 0.207031 0.544922 0.208984 0.543945 0.213867 0.547852 0.212891
0 0.253906 0.925781 0.256836 0.929688 0.264648 0.929688 0.262695 0.925781
0 0.540039 0.500977 0.537109 0.503906 0.538086 0.510742 0.541016 0.508789
0 0.390625 0.980469 0.385742 0.980469 0.383789 0.985352 0.388672 0.984375
0 0.970703 0.963867 0.970703 0.972656 0.974609 0.975586 0.976562 0.972656 0.975586 0.967773
0 0.250977 0.861328 0.250000 0.868164 0.251953 0.873047 0.254883 0.874023 0.256836 0.866211 0.253906 0.861328
0 0.065430 0.335938 0.058594 0.337891 0.055664 0.343750 0.062500 0.343750
0 0.929688 0.307617 0.931641 0.315430 0.936523 0.318359 0.937500 0.312500 0.932617 0.307617
0 0.961914 0.382812 0.958008 0.384766 0.958984 0.394531 0.962891 0.388672
0 0.945312 0.768555 0.940430 0.766602 0.933594 0.770508 0.933594 0.772461 0.938477 0.773438
0 0.944336 0.085938 0.946289 0.089844 0.954102 0.090820 0.951172 0.085938
0 0.793945 0.044922 0.793945 0.048828 0.802734 0.053711 0.801758 0.048828
0 0.955078 0.853516 0.951172 0.853516 0.948242 0.860352 0.952148 0.859375
0 0.431641 0.224609 0.425781 0.227539 0.424805 0.233398 0.429688 0.232422
0 0.370117 0.323242 0.363281 0.327148 0.363281 0.332031 0.370117 0.327148
0 0.912109 0.545898 0.912109 0.549805 0.921875 0.548828 0.919922 0.545898
0 0.523438 0.639648 0.525391 0.644531 0.532227 0.646484 0.529297 0.640625
0 0.908203 0.324219 0.904297 0.326172 0.904297 0.333984 0.908203 0.331055
0 0.038086 0.869141 0.033203 0.871094 0.032227 0.876953 0.034180 0.881836 0.038086 0.877930
0 0.375000 0.879883 0.375977 0.887695 0.381836 0.890625 0.379883 0.880859
0 0.398438 0.184570 0.398438 0.191406 0.402344 0.195312 0.403320 0.188477
0 0.828125 0.293945 0.828125 0.296875 0.834961 0.297852 0.837891 0.295898 0.836914 0.292969
0 0.581055 0.536133 0.574219 0.537109 0.571289 0.541992 0.579102 0.541016
0 0.504883 0.027344 0.508789 0.032227 0.515625 0.032227 0.513672 0.027344
0 0.496094 0.538086 0.504883 0.537109 0.506836 0.534180 0.499023 0.533203 0.496094 0.535156
0 0.444336 0.912109 0.446289 0.916992 0.456055 0.916016 0.451172 0.912109
0 0.961914 0.922852 0.960938 0.931641 0.964844 0.932617 0.964844 0.923828
0 0.084961 0.098633 0.083984 0.109375 0.087891 0.114258 0.089844 0.104492 0.087891 0.099609
0 0.529297 0.413086 0.527344 0.418945 0.531250 0.422852 0.532227 0.414062
0 0.936523 0.181641 0.934570 0.190430 0.937500 0.193359 0.940430 0.184570
0 0.897461 0.819336 0.897461 0.825195 0.904297 0.829102 0.902344 0.822266
0 0.438477 0.173828 0.440430 0.179688 0.446289 0.183594 0.447266 0.178711 0.443359 0.174805
0 0.881836 0.079102 0.883789 0.083008 0.892578 0.084961 0.889648 0.079102
0 0.083008 0.034180 0.087891 0.036133 0.093750 0.033203 0.085938 0.031250
0 0.583984 0.351562 0.584961 0.356445 0.591797 0.359375 0.590820 0.354492
0 0.926758 0.216797 0.928711 0.220703 0.936523 0.219727 0.933594 0.216797
0 0.496094 0.339844 0.489258 0.345703 0.489258 0.351562 0.495117 0.349609
0 0.679688 0.226562 0.673828 0.225586 0.667969 0.231445 0.676758 0.231445 0.679688 0.229492
0 0.818359 0.916992 0.810547 0.917969 0.808594 0.923828 0.813477 0.923828
0 0.816406 0.788086 0.808594 0.788086 0.802734 0.795898 0.811523 0.794922
0 0.478516 0.541016 0.472656 0.542969 0.471680 0.550781 0.477539 0.546875
0 0.457031 0.945312 0.452148 0.950195 0.452148 0.957031 0.454102 0.958008 0.458008 0.950195
0 0.056641 0.296875 0.059570 0.302734 0.065430 0.303711 0.062500 0.297852