0 0.220703 0.198242 0.223633 0.201172 0.231445 0.199219 0.228516 0.196289
0 0.369141 0.578125 0.366211 0.581055 0.367188 0.588867 0.371094 0.584961
0 0.105469 0.399414 0.100586 0.398438 0.095703 0.402344 0.103516 0.402344
0 0.728516 0.507812 0.727539 0.515625 0.728516 0.518555 0.731445 0.518555 0.732422 0.508789
0 0.301758 0.083984 0.304688 0.087891 0.312500 0.088867 0.312500 0.085938 0.308594 0.083008
0 0.768555 0.852539 0.770508 0.855469 0.778320 0.853516 0.777344 0.851562
0 0.914062 0.429688 0.912109 0.435547 0.914062 0.440430 0.917969 0.442383 0.917969 0.433594
0 0.612305 0.164062 0.605469 0.164062 0.600586 0.169922 0.608398 0.169922 0.612305 0.166992
0 0.069336 0.170898 0.071289 0.173828 0.079102 0.171875 0.078125 0.169922
0 0.766602 0.281250 0.759766 0.283203 0.757812 0.290039 0.763672 0.288086
0 0.307617 0.302734 0.299805 0.304688 0.297852 0.310547 0.305664 0.308594
0 0.056641 0.033203 0.065430 0.033203 0.068359 0.029297 0.059570 0.029297
0 0.598633 0.240234 0.599609 0.245117 0.605469 0.248047 0.605469 0.243164
0 0.832031 0.808594 0.827148 0.806641 0.822266 0.808594 0.821289 0.811523 0.826172 0.812500
0 0.581055 0.178711 0.576172 0.176758 0.570312 0.178711 0.570312 0.180664 0.578125 0.182617 0.581055 0.181641
0 0.063477 0.824219 0.055664 0.824219 0.050781 0.830078 0.052734 0.832031 0.059570 0.830078 0.063477 0.827148
0 0.944336 0.688477 0.947266 0.696289 0.951172 0.698242 0.951172 0.692383
0 0.403320 0.223633 0.396484 0.223633 0.393555 0.227539 0.401367 0.227539
0 0.583008 0.352539 0.583984 0.358398 0.590820 0.361328 0.591797 0.358398 0.588867 0.354492
0 0.500977 0.780273 0.503906 0.787109 0.509766 0.787109 0.508789 0.782227
0 0.656250 0.194336 0.666016 0.196289 0.669922 0.193359 0.661133 0.191406
0 0.450195 0.989258 0.456055 0.994141 0.462891 0.992188 0.458984 0.989258
0 0.356445 0.625977 0.350586 0.633789 0.353516 0.639648 0.357422 0.634766
0 0.752930 0.255859 0.754883 0.265625 0.759766 0.267578 0.758789 0.259766
0 0.529297 0.281250 0.525391 0.283203 0.523438 0.288086 0.525391 0.296875 0.528320 0.296875 0.530273 0.293945
0 0.806641 0.406250 0.804688 0.415039 0.808594 0.418945 0.809570 0.408203
0 0.149414 0.983398 0.149414 0.985352 0.156250 0.987305 0.161133 0.985352 0.159180 0.981445
0 0.249023 0.816406 0.247070 0.817383 0.247070 0.825195 0.250000 0.824219
0 0.268555 0.135742 0.264648 0.137695 0.262695 0.144531 0.267578 0.142578
0 0.713867 0.893555 0.715820 0.897461 0.723633 0.898438 0.719727 0.893555
0 0.261719 0.839844 0.263672 0.847656 0.268555 0.850586 0.270508 0.848633 0.268555 0.842773
0 0.020508 0.985352 0.027344 0.990234 0.032227 0.989258 0.030273 0.985352
0 0.496094 0.042969 0.496094 0.049805 0.500000 0.051758 0.500977 0.047852
0 0.187500 0.245117 0.182617 0.246094 0.181641 0.252930 0.186523 0.249023
0 0.321289 0.316406 0.320312 0.322266 0.324219 0.326172 0.325195 0.320312
0 0.365234 0.477539 0.364258 0.480469 0.372070 0.485352 0.373047 0.481445
0 0.558594 0.098633 0.555664 0.100586 0.555664 0.108398 0.559570 0.106445
0 0.133789 0.551758 0.126953 0.552734 0.124023 0.557617 0.131836 0.556641
0 0.761719 0.015625 0.763672 0.018555 0.772461 0.016602 0.769531 0.013672
0 0.372070 0.455078 0.374023 0.461914 0.378906 0.464844 0.379883 0.459961
0 0.981445 0.613281 0.976562 0.613281 0.972656 0.619141 0.976562 0.619141
0 0.383789 0.351562 0.380859 0.353516 0.381836 0.362305 0.383789 0.362305 0.384766 0.358398
0 0.370117 0.789062 0.365234 0.790039 0.363281 0.796875 0.370117 0.792969
0 0.588867 0.894531 0.587891 0.899414 0.593750 0.904297 0.591797 0.896484
0 0.191406 0.409180 0.184570 0.413086 0.184570 0.419922 0.190430 0.416016
0 0.759766 0.863281 0.752930 0.863281 0.750000 0.867188 0.757812 0.866211
0 0.794922 0.785156 0.794922 0.788086 0.799805 0.791992 0.800781 0.788086
0 0.849609 0.883789 0.849609 0.885742 0.857422 0.885742 0.859375 0.881836
0 0.611328 0.262695 0.603516 0.264648 0.600586 0.271484 0.607422 0.270508
0 0.428711 0.490234 0.422852 0.491211 0.417969 0.498047 0.426758 0.496094
0 0.208984 0.033203 0.211914 0.037109 0.217773 0.037109 0.221680 0.034180 0.220703 0.031250
0 0.827148 0.344727 0.821289 0.347656 0.820312 0.356445 0.825195 0.353516
0 0.854492 0.858398 0.847656 0.857422 0.841797 0.862305 0.849609 0.863281
0 0.471680 0.942383 0.472656 0.946289 0.481445 0.944336 0.480469 0.942383
0 0.213867 0.734375 0.214844 0.739258 0.222656 0.743164 0.220703 0.736328
0 0.449219 0.902344 0.451172 0.911133 0.457031 0.913086 0.456055 0.907227
0 0.020508 0.875977 0.019531 0.886719 0.022461 0.888672 0.024414 0.886719 0.024414 0.879883
0 0.286133 0.162109 0.287109 0.169922 0.291992 0.170898 0.289062 0.162109
0 0.970703 0.016602 0.967773 0.016602 0.964844 0.020508 0.964844 0.027344 0.968750 0.026367
0 0.044922 0.715820 0.049805 0.721680 0.055664 0.721680 0.054688 0.716797
0 0.517578 0.265625 0.525391 0.266602 0.529297 0.262695 0.522461 0.261719
0 0.143555 0.381836 0.136719 0.383789 0.133789 0.389648 0.140625 0.388672
0 0.071289 0.420898 0.065430 0.422852 0.064453 0.427734 0.069336 0.426758
0 0.575195 0.942383 0.577148 0.944336 0.585938 0.943359 0.582031 0.939453
0 0.650391 0.729492 0.646484 0.730469 0.645508 0.737305 0.650391 0.734375
0 0.120117 0.489258 0.126953 0.490234 0.131836 0.485352 0.124023 0.484375
0 0.215820 0.222656 0.218750 0.229492 0.226562 0.230469 0.223633 0.224609
0 0.902344 0.669922 0.903320 0.673828 0.910156 0.675781 0.908203 0.670898
0 0.457031 0.878906 0.455078 0.887695 0.458984 0.891602 0.460938 0.882812
0 0.208984 0.985352 0.209961 0.989258 0.217773 0.989258 0.214844 0.985352
0 0.316406 0.287109 0.311523 0.289062 0.310547 0.295898 0.315430 0.293945