0 0.457031 0.849609 0.451172 0.852539 0.450195 0.857422 0.453125 0.858398 0.456055 0.855469
0 0.977539 0.626953 0.977539 0.631836 0.984375 0.635742 0.981445 0.626953
0 0.329102 0.628906 0.323242 0.631836 0.321289 0.639648 0.329102 0.634766
0 0.313477 0.694336 0.316406 0.698242 0.327148 0.697266 0.326172 0.694336 0.320312 0.692383
0 0.446289 0.215820 0.445312 0.220703 0.446289 0.224609 0.448242 0.224609 0.450195 0.220703 0.449219 0.216797
0 0.261719 0.882812 0.256836 0.883789 0.252930 0.891602 0.259766 0.889648
0 0.202148 0.565430 0.195312 0.565430 0.192383 0.571289 0.199219 0.570312
0 0.743164 0.973633 0.738281 0.973633 0.734375 0.978516 0.741211 0.977539
0 0.083984 0.520508 0.087891 0.527344 0.093750 0.528320 0.091797 0.522461
0 0.756836 0.179688 0.761719 0.182617 0.767578 0.181641 0.763672 0.177734
0 0.974609 0.700195 0.974609 0.708008 0.978516 0.712891 0.979492 0.704102
0 0.889648 0.410156 0.883789 0.409180 0.878906 0.411133 0.877930 0.414062 0.884766 0.415039
0 0.689453 0.194336 0.689453 0.202148 0.692383 0.204102 0.693359 0.196289
0 0.143555 0.455078 0.135742 0.456055 0.134766 0.459961 0.141602 0.458984
0 0.480469 0.422852 0.480469 0.426758 0.485352 0.431641 0.490234 0.431641 0.485352 0.422852
0 0.543945 0.891602 0.536133 0.891602 0.533203 0.893555 0.533203 0.897461 0.539062 0.897461
0 0.469727 0.216797 0.470703 0.221680 0.477539 0.225586 0.478516 0.221680 0.476562 0.218750
0 0.930664 0.385742 0.924805 0.387695 0.921875 0.395508 0.929688 0.392578
0 0.544922 0.509766 0.545898 0.516602 0.552734 0.519531 0.551758 0.512695 0.548828 0.509766
0 0.901367 0.473633 0.901367 0.479492 0.908203 0.483398 0.906250 0.475586
0 0.309570 0.735352 0.313477 0.741211 0.320312 0.742188 0.318359 0.737305
0 0.977539 0.351562 0.975586 0.354492 0.976562 0.358398 0.981445 0.362305 0.980469 0.354492
0 0.772461 0.882812 0.773438 0.888672 0.779297 0.891602 0.779297 0.886719
0 0.018555 0.115234 0.019531 0.117188 0.027344 0.115234 0.023438 0.113281
0 0.355469 0.265625 0.352539 0.269531 0.353516 0.276367 0.357422 0.272461
0 0.159180 0.066406 0.157227 0.070312 0.161133 0.077148 0.163086 0.072266
0 0.759766 0.382812 0.752930 0.384766 0.750000 0.390625 0.756836 0.389648
0 0.019531 0.633789 0.019531 0.636719 0.022461 0.638672 0.029297 0.638672 0.031250 0.636719 0.026367 0.633789
0 0.049805 0.151367 0.052734 0.155273 0.057617 0.156250 0.056641 0.152344
0 0.050781 0.291016 0.050781 0.298828 0.053711 0.300781 0.054688 0.291992
0 0.617188 0.723633 0.620117 0.729492 0.626953 0.731445 0.624023 0.724609
0 0.240234 0.577148 0.243164 0.580078 0.250000 0.578125 0.246094 0.575195
0 0.476562 0.899414 0.476562 0.906250 0.479492 0.909180 0.480469 0.900391
0 0.183594 0.045898 0.182617 0.051758 0.187500 0.055664 0.187500 0.048828
0 0.105469 0.809570 0.106445 0.812500 0.115234 0.812500 0.113281 0.808594
0 0.107422 0.629883 0.116211 0.629883 0.117188 0.626953 0.110352 0.625977
0 0.254883 0.111328 0.254883 0.114258 0.259766 0.118164 0.266602 0.118164 0.262695 0.112305
0 0.019531 0.471680 0.014648 0.471680 0.010742 0.475586 0.010742 0.479492 0.015625 0.478516
0 0.227539 0.263672 0.226562 0.269531 0.230469 0.272461 0.231445 0.266602
0 0.660156 0.491211 0.660156 0.499023 0.666016 0.503906 0.667969 0.502930 0.666016 0.494141
0 0.340820 0.604492 0.339844 0.610352 0.344727 0.618164 0.346680 0.613281 0.343750 0.604492
0 0.752930 0.023438 0.749023 0.023438 0.746094 0.032227 0.748047 0.035156 0.752930 0.030273
0 0.628906 0.744141 0.629883 0.751953 0.636719 0.755859 0.637695 0.752930 0.634766 0.746094
0 0.988281 0.190430 0.984375 0.193359 0.986328 0.203125 0.989258 0.199219
0 0.901367 0.190430 0.901367 0.199219 0.903320 0.199219 0.905273 0.196289
0 0.891602 0.846680 0.888672 0.852539 0.889648 0.857422 0.892578 0.856445 0.894531 0.848633
0 0.406250 0.185547 0.398438 0.189453 0.399414 0.194336 0.405273 0.190430
0 0.452148 0.650391 0.451172 0.658203 0.455078 0.662109 0.457031 0.652344
0 0.592773 0.725586 0.601562 0.725586 0.604492 0.721680 0.595703 0.720703
0 0.410156 0.007812 0.408203 0.016602 0.412109 0.020508 0.413086 0.008789
0 0.021484 0.013672 0.022461 0.022461 0.027344 0.023438 0.025391 0.015625