0 0.778320 0.635742 0.774414 0.639648 0.774414 0.645508 0.779297 0.641602
0 0.275391 0.626953 0.277344 0.631836 0.284180 0.633789 0.280273 0.626953
0 0.358398 0.466797 0.361328 0.469727 0.371094 0.468750 0.370117 0.464844
0 0.902344 0.370117 0.894531 0.370117 0.889648 0.375977 0.898438 0.375977
0 0.927734 0.435547 0.929688 0.440430 0.936523 0.441406 0.934570 0.436523
0 0.638672 0.142578 0.632812 0.143555 0.629883 0.148438 0.635742 0.147461
0 0.557617 0.454102 0.551758 0.457031 0.550781 0.464844 0.557617 0.459961
0 0.090820 0.755859 0.084961 0.756836 0.082031 0.763672 0.083984 0.764648 0.088867 0.760742
0 0.969727 0.217773 0.971680 0.220703 0.978516 0.220703 0.977539 0.217773
0 0.428711 0.660156 0.436523 0.661133 0.437500 0.657227 0.431641 0.657227
0 0.339844 0.026367 0.333008 0.028320 0.331055 0.034180 0.335938 0.034180
0 0.499023 0.688477 0.494141 0.690430 0.493164 0.697266 0.499023 0.693359
0 0.346680 0.118164 0.341797 0.121094 0.341797 0.128906 0.346680 0.125000
0 0.269531 0.708984 0.263672 0.710938 0.260742 0.716797 0.266602 0.715820
0 0.713867 0.301758 0.712891 0.311523 0.715820 0.316406 0.718750 0.316406 0.719727 0.309570
0 0.310547 0.619141 0.308594 0.621094 0.308594 0.629883 0.312500 0.630859 0.314453 0.623047
0 0.195312 0.329102 0.190430 0.330078 0.188477 0.335938 0.192383 0.335938
0 0.449219 0.343750 0.445312 0.346680 0.445312 0.355469 0.450195 0.351562
0 0.284180 0.481445 0.277344 0.482422 0.273438 0.487305 0.273438 0.491211 0.280273 0.489258 0.284180 0.485352
0 0.547852 0.518555 0.541992 0.517578 0.538086 0.522461 0.545898 0.521484
0 0.310547 0.114258 0.317383 0.119141 0.325195 0.117188 0.321289 0.113281
0 0.963867 0.231445 0.964844 0.237305 0.969727 0.239258 0.969727 0.233398
0 0.213867 0.940430 0.205078 0.940430 0.201172 0.945312 0.209961 0.946289
0 0.306641 0.432617 0.299805 0.434570 0.296875 0.440430 0.304688 0.438477
0 0.463867 0.315430 0.467773 0.323242 0.474609 0.324219 0.471680 0.317383
0 0.015625 0.923828 0.011719 0.926758 0.011719 0.934570 0.016602 0.929688