0 0.499023 0.337891 0.500977 0.340820 0.510742 0.338867 0.508789 0.335938
0 0.777344 0.768555 0.777344 0.773438 0.785156 0.777344 0.784180 0.771484
0 0.609375 0.147461 0.609375 0.151367 0.618164 0.156250 0.617188 0.151367
0 0.148438 0.188477 0.148438 0.190430 0.152344 0.191406 0.159180 0.190430 0.157227 0.187500
0 0.276367 0.849609 0.280273 0.855469 0.285156 0.856445 0.284180 0.851562
0 0.830078 0.853516 0.833984 0.859375 0.843750 0.860352 0.841797 0.855469 0.834961 0.852539
0 0.624023 0.487305 0.631836 0.487305 0.633789 0.483398 0.625977 0.483398
0 0.623047 0.904297 0.620117 0.904297 0.617188 0.909180 0.618164 0.916992 0.621094 0.916992 0.623047 0.914062
0 0.271484 0.436523 0.271484 0.443359 0.273438 0.447266 0.276367 0.447266 0.276367 0.439453 0.274414 0.436523
0 0.223633 0.877930 0.216797 0.881836 0.216797 0.886719 0.221680 0.884766
0 0.487305 0.156250 0.489258 0.160156 0.498047 0.158203 0.498047 0.156250 0.494141 0.155273
0 0.419922 0.626953 0.416016 0.628906 0.416016 0.636719 0.420898 0.631836
0 0.334961 0.291992 0.333984 0.298828 0.337891 0.303711 0.338867 0.293945
0 0.236328 0.567383 0.238281 0.574219 0.243164 0.576172 0.242188 0.570312
0 0.806641 0.672852 0.801758 0.674805 0.800781 0.681641 0.804688 0.680664
0 0.512695 0.711914 0.513672 0.721680 0.519531 0.722656 0.518555 0.715820
0 0.346680 0.059570 0.340820 0.059570 0.335938 0.064453 0.343750 0.064453
0 0.577148 0.590820 0.575195 0.594727 0.579102 0.602539 0.581055 0.594727
0 0.038086 0.226562 0.036133 0.236328 0.040039 0.241211 0.041992 0.234375
0 0.150391 0.726562 0.147461 0.726562 0.145508 0.729492 0.146484 0.736328 0.150391 0.731445
0 0.597656 0.575195 0.589844 0.579102 0.588867 0.586914 0.595703 0.583984 0.598633 0.579102
0 0.899414 0.769531 0.902344 0.777344 0.910156 0.778320 0.905273 0.770508
0 0.851562 0.943359 0.848633 0.943359 0.843750 0.948242 0.842773 0.952148 0.844727 0.954102 0.851562 0.949219
0 0.236328 0.044922 0.238281 0.047852 0.247070 0.045898 0.244141 0.042969
0 0.042969 0.915039 0.038086 0.915039 0.033203 0.921875 0.040039 0.920898
0 0.329102 0.162109 0.323242 0.162109 0.318359 0.168945 0.326172 0.166992
0 0.245117 0.377930 0.247070 0.386719 0.252930 0.388672 0.250977 0.380859
0 0.772461 0.518555 0.767578 0.519531 0.767578 0.527344 0.771484 0.524414
0 0.716797 0.098633 0.715820 0.106445 0.718750 0.109375 0.720703 0.100586
0 0.077148 0.328125 0.081055 0.333008 0.087891 0.333984 0.084961 0.328125
0 0.228516 0.646484 0.221680 0.647461 0.218750 0.655273 0.225586 0.653320
0 0.221680 0.036133 0.220703 0.041016 0.224609 0.045898 0.225586 0.040039
0 0.928711 0.097656 0.923828 0.102539 0.924805 0.108398 0.929688 0.104492
0 0.623047 0.206055 0.618164 0.210938 0.620117 0.218750 0.625000 0.211914
0 0.627930 0.849609 0.623047 0.853516 0.624023 0.862305 0.628906 0.858398
0 0.096680 0.097656 0.095703 0.105469 0.099609 0.107422 0.100586 0.101562
0 0.699219 0.067383 0.696289 0.066406 0.690430 0.069336 0.688477 0.075195 0.696289 0.073242
0 0.316406 0.608398 0.311523 0.610352 0.311523 0.618164 0.313477 0.620117 0.316406 0.615234
0 0.322266 0.356445 0.323242 0.359375 0.332031 0.358398 0.331055 0.355469
0 0.426758 0.522461 0.425781 0.529297 0.432617 0.535156 0.431641 0.526367
0 0.798828 0.292969 0.799805 0.295898 0.808594 0.293945 0.806641 0.291016
0 0.128906 0.064453 0.130859 0.067383 0.137695 0.067383 0.136719 0.064453
0 0.451172 0.321289 0.452148 0.328125 0.458008 0.330078 0.456055 0.323242
0 0.159180 0.664062 0.156250 0.666016 0.156250 0.673828 0.158203 0.675781 0.161133 0.670898
0 0.326172 0.421875 0.328125 0.427734 0.334961 0.429688 0.330078 0.421875
0 0.706055 0.057617 0.708984 0.060547 0.717773 0.058594 0.715820 0.055664
0 0.395508 0.911133 0.391602 0.916016 0.393555 0.921875 0.396484 0.918945
0 0.288086 0.960938 0.287109 0.968750 0.290039 0.968750 0.291016 0.960938
0 0.223633 0.335938 0.222656 0.340820 0.224609 0.344727 0.229492 0.346680 0.228516 0.338867
0 0.601562 0.603516 0.602539 0.606445 0.612305 0.607422 0.612305 0.604492 0.608398 0.602539
0 0.884766 0.084961 0.884766 0.086914 0.891602 0.087891 0.895508 0.085938 0.895508 0.083008 0.889648 0.082031