0 0.295898 0.250000 0.293945 0.249023 0.288086 0.253906 0.287109 0.259766 0.294922 0.255859
0 0.848633 0.952148 0.849609 0.957031 0.858398 0.959961 0.854492 0.953125
0 0.707031 0.295898 0.706055 0.303711 0.709961 0.306641 0.710938 0.299805
0 0.023438 0.040039 0.028320 0.042969 0.034180 0.041016 0.031250 0.038086
0 0.330078 0.748047 0.328125 0.749023 0.328125 0.754883 0.333008 0.758789 0.333984 0.752930
0 0.333008 0.826172 0.325195 0.827148 0.324219 0.831055 0.331055 0.830078
0 0.726562 0.502930 0.721680 0.503906 0.719727 0.512695 0.725586 0.507812
0 0.363281 0.097656 0.355469 0.099609 0.354492 0.102539 0.362305 0.102539 0.364258 0.100586
0 0.533203 0.475586 0.533203 0.481445 0.538086 0.486328 0.539062 0.478516
0 0.889648 0.422852 0.886719 0.422852 0.884766 0.426758 0.885742 0.433594 0.889648 0.430664
0 0.500977 0.375000 0.503906 0.379883 0.511719 0.379883 0.509766 0.375977
0 0.360352 0.917969 0.362305 0.923828 0.368164 0.925781 0.368164 0.921875 0.364258 0.917969
0 0.271484 0.610352 0.266602 0.613281 0.265625 0.620117 0.271484 0.617188
0 0.966797 0.555664 0.964844 0.554688 0.959961 0.557617 0.958008 0.562500 0.962891 0.562500
0 0.528320 0.218750 0.530273 0.228516 0.531250 0.219727
0 0.814453 0.737305 0.810547 0.739258 0.809570 0.746094 0.813477 0.744141
0 0.265625 0.845703 0.266602 0.852539 0.269531 0.856445 0.272461 0.856445 0.270508 0.846680
0 0.791016 0.228516 0.782227 0.228516 0.780273 0.231445 0.781250 0.233398 0.787109 0.233398
0 0.410156 0.305664 0.410156 0.307617 0.420898 0.306641 0.419922 0.303711
0 0.197266 0.569336 0.200195 0.573242 0.208984 0.573242 0.208984 0.570312 0.206055 0.568359
0 0.375977 0.164062 0.370117 0.166992 0.368164 0.175781 0.375977 0.169922
0 0.599609 0.019531 0.591797 0.023438 0.589844 0.026367 0.590820 0.031250 0.598633 0.027344
0 0.929688 0.041016 0.931641 0.051758 0.936523 0.053711 0.934570 0.041992
0 0.654297 0.575195 0.654297 0.581055 0.658203 0.583008 0.658203 0.578125
0 0.263672 0.919922 0.260742 0.921875 0.262695 0.932617 0.265625 0.928711
0 0.750000 0.412109 0.745117 0.416016 0.746094 0.424805 0.750977 0.417969
0 0.523438 0.842773 0.531250 0.843750 0.535156 0.840820 0.535156 0.837891 0.528320 0.837891
0 0.095703 0.889648 0.093750 0.891602 0.094727 0.896484 0.098633 0.900391 0.100586 0.899414 0.099609 0.893555
0 0.802734 0.218750 0.802734 0.222656 0.809570 0.226562 0.809570 0.221680 0.804688 0.217773
0 0.330078 0.434570 0.334961 0.440430 0.340820 0.439453 0.336914 0.434570
0 0.753906 0.041992 0.750000 0.044922 0.750977 0.053711 0.752930 0.053711 0.755859 0.047852
0 0.552734 0.185547 0.552734 0.190430 0.560547 0.195312 0.559570 0.189453
0 0.619141 0.812500 0.615234 0.814453 0.616211 0.823242 0.619141 0.820312
0 0.822266 0.300781 0.818359 0.304688 0.818359 0.311523 0.821289 0.311523 0.823242 0.308594
0 0.365234 0.741211 0.367188 0.746094 0.375000 0.747070 0.372070 0.742188
0 0.860352 0.673828 0.856445 0.677734 0.857422 0.687500 0.859375 0.687500 0.862305 0.680664
0 0.643555 0.041992 0.642578 0.044922 0.645508 0.049805 0.651367 0.051758 0.651367 0.046875
0 0.658203 0.907227 0.653320 0.909180 0.651367 0.916016 0.657227 0.913086
0 0.821289 0.715820 0.826172 0.717773 0.831055 0.715820 0.831055 0.713867 0.824219 0.712891
0 0.988281 0.441406 0.979492 0.442383 0.975586 0.447266 0.982422 0.448242 0.988281 0.444336
0 0.894531 0.193359 0.889648 0.195312 0.888672 0.202148 0.893555 0.200195
0 0.333008 0.526367 0.333984 0.530273 0.339844 0.534180 0.339844 0.529297
0 0.367188 0.683594 0.372070 0.691406 0.376953 0.691406 0.374023 0.684570
0 0.532227 0.300781 0.531250 0.305664 0.536133 0.309570 0.536133 0.303711
0 0.893555 0.185547 0.900391 0.190430 0.906250 0.189453 0.906250 0.186523 0.901367 0.183594
0 0.365234 0.971680 0.369141 0.975586 0.374023 0.975586 0.372070 0.971680
0 0.268555 0.268555 0.266602 0.269531 0.266602 0.275391 0.271484 0.280273 0.271484 0.272461
0 0.329102 0.402344 0.330078 0.411133 0.335938 0.415039 0.334961 0.405273
0 0.544922 0.555664 0.545898 0.558594 0.549805 0.559570 0.554688 0.557617 0.552734 0.554688
0 0.732422 0.011719 0.726562 0.012695 0.723633 0.018555 0.731445 0.016602
0 0.804688 0.302734 0.800781 0.304688 0.801758 0.312500 0.805664 0.307617
0 0.773438 0.427734 0.773438 0.430664 0.777344 0.432617 0.786133 0.430664 0.779297 0.426758
0 0.690430 0.341797 0.692383 0.351562 0.698242 0.352539 0.696289 0.344727
0 0.494141 0.035156 0.490234 0.036133 0.489258 0.043945 0.493164 0.041992