0 0.778320 0.866211 0.767578 0.869141 0.766602 0.873047 0.775391 0.872070 0.778320 0.870117
0 0.315430 0.882812 0.321289 0.885742 0.328125 0.884766 0.325195 0.880859
0 0.329102 0.680664 0.330078 0.685547 0.335938 0.689453 0.334961 0.683594
0 0.578125 0.497070 0.579102 0.501953 0.583008 0.505859 0.587891 0.505859 0.582031 0.497070
0 0.091797 0.985352 0.084961 0.985352 0.083008 0.989258 0.088867 0.989258
0 0.719727 0.525391 0.725586 0.529297 0.730469 0.528320 0.724609 0.523438
0 0.942383 0.157227 0.933594 0.162109 0.933594 0.167969 0.941406 0.163086
0 0.748047 0.342773 0.742188 0.345703 0.739258 0.356445 0.747070 0.352539
0 0.015625 0.194336 0.010742 0.194336 0.006836 0.200195 0.014648 0.198242
0 0.826172 0.564453 0.827148 0.567383 0.833984 0.568359 0.833008 0.565430
0 0.142578 0.936523 0.143555 0.939453 0.151367 0.938477 0.148438 0.935547
0 0.908203 0.721680 0.911133 0.725586 0.919922 0.723633 0.918945 0.720703 0.915039 0.719727
0 0.707031 0.801758 0.708984 0.807617 0.714844 0.810547 0.714844 0.805664
0 0.079102 0.625977 0.080078 0.633789 0.086914 0.637695 0.084961 0.627930
0 0.767578 0.672852 0.774414 0.673828 0.779297 0.671875 0.780273 0.668945 0.772461 0.666992 0.767578 0.669922
0 0.223633 0.583984 0.223633 0.586914 0.226562 0.587891 0.234375 0.585938 0.234375 0.583984 0.230469 0.583008
0 0.007812 0.877930 0.007812 0.887695 0.011719 0.889648 0.012695 0.881836 0.010742 0.877930
0 0.940430 0.521484 0.941406 0.527344 0.947266 0.530273 0.946289 0.524414
0 0.720703 0.949219 0.713867 0.953125 0.713867 0.959961 0.719727 0.956055
0 0.533203 0.041992 0.532227 0.047852 0.536133 0.052734 0.537109 0.044922
0 0.848633 0.775391 0.849609 0.779297 0.853516 0.781250 0.860352 0.780273 0.857422 0.776367
0 0.560547 0.812500 0.554688 0.818359 0.555664 0.823242 0.561523 0.818359
0 0.655273 0.297852 0.651367 0.299805 0.651367 0.308594 0.655273 0.305664
0 0.240234 0.720703 0.240234 0.723633 0.243164 0.724609 0.250977 0.722656 0.250000 0.719727 0.246094 0.718750
0 0.907227 0.114258 0.902344 0.118164 0.903320 0.125977 0.906250 0.125977 0.908203 0.121094
0 0.468750 0.606445 0.469727 0.610352 0.478516 0.609375 0.475586 0.606445
0 0.978516 0.953125 0.981445 0.958008 0.989258 0.958008 0.987305 0.954102
0 0.641602 0.321289 0.635742 0.323242 0.634766 0.332031 0.638672 0.330078
0 0.726562 0.017578 0.730469 0.023438 0.738281 0.024414 0.738281 0.020508 0.734375 0.017578
0 0.507812 0.872070 0.509766 0.874023 0.518555 0.873047 0.518555 0.871094 0.512695 0.869141
0 0.120117 0.978516 0.119141 0.987305 0.124023 0.992188 0.125000 0.982422
0 0.177734 0.890625 0.170898 0.894531 0.168945 0.898438 0.170898 0.901367 0.176758 0.897461
0 0.026367 0.750000 0.034180 0.751953 0.037109 0.750977 0.037109 0.748047 0.031250 0.747070
0 0.916992 0.459961 0.913086 0.459961 0.910156 0.462891 0.909180 0.471680 0.912109 0.471680 0.916016 0.466797
0 0.262695 0.642578 0.257812 0.643555 0.254883 0.649414 0.259766 0.649414
0 0.070312 0.939453 0.065430 0.940430 0.062500 0.946289 0.068359 0.945312
0 0.025391 0.033203 0.021484 0.034180 0.020508 0.040039 0.025391 0.037109
0 0.910156 0.285156 0.910156 0.291016 0.913086 0.293945 0.914062 0.286133
0 0.832031 0.606445 0.832031 0.609375 0.835938 0.611328 0.841797 0.611328 0.842773 0.609375 0.838867 0.606445
0 0.317383 0.189453 0.308594 0.190430 0.306641 0.194336 0.312500 0.195312 0.317383 0.192383
0 0.944336 0.948242 0.947266 0.952148 0.952148 0.953125 0.951172 0.949219
0 0.584961 0.403320 0.588867 0.408203 0.597656 0.408203 0.593750 0.403320
0 0.500000 0.713867 0.502930 0.717773 0.512695 0.715820 0.508789 0.712891
0 0.588867 0.473633 0.581055 0.474609 0.578125 0.480469 0.585938 0.479492