0 0.860352 0.846680 0.862305 0.854492 0.867188 0.856445 0.866211 0.849609
0 0.497070 0.204102 0.498047 0.211914 0.502930 0.213867 0.502930 0.208008
0 0.724609 0.484375 0.719727 0.487305 0.717773 0.494141 0.724609 0.491211
0 0.005859 0.733398 0.005859 0.736328 0.008789 0.738281 0.016602 0.738281 0.011719 0.733398
0 0.607422 0.884766 0.602539 0.887695 0.603516 0.897461 0.605469 0.897461 0.607422 0.892578
0 0.708008 0.139648 0.708984 0.144531 0.712891 0.148438 0.717773 0.149414 0.715820 0.142578
0 0.843750 0.155273 0.838867 0.159180 0.839844 0.167969 0.844727 0.163086
0 0.777344 0.333008 0.776367 0.340820 0.778320 0.343750 0.781250 0.343750 0.781250 0.336914
0 0.200195 0.278320 0.195312 0.279297 0.193359 0.285156 0.197266 0.284180
0 0.481445 0.263672 0.483398 0.268555 0.492188 0.269531 0.489258 0.264648
0 0.562500 0.121094 0.561523 0.126953 0.566406 0.132812 0.566406 0.124023
0 0.260742 0.414062 0.255859 0.416992 0.255859 0.422852 0.259766 0.420898
0 0.410156 0.743164 0.410156 0.750000 0.412109 0.752930 0.415039 0.752930 0.415039 0.747070
0 0.413086 0.693359 0.416016 0.699219 0.421875 0.701172 0.417969 0.694336
0 0.890625 0.247070 0.891602 0.250000 0.896484 0.251953 0.902344 0.250000 0.900391 0.247070
0 0.635742 0.540039 0.638672 0.546875 0.646484 0.547852 0.640625 0.540039
0 0.302734 0.820312 0.297852 0.821289 0.294922 0.827148 0.300781 0.826172
0 0.357422 0.866211 0.352539 0.864258 0.348633 0.865234 0.347656 0.868164 0.355469 0.869141
0 0.829102 0.105469 0.832031 0.109375 0.838867 0.107422 0.834961 0.104492
0 0.972656 0.248047 0.971680 0.253906 0.973633 0.258789 0.975586 0.258789 0.976562 0.250977
0 0.051758 0.191406 0.054688 0.195312 0.061523 0.195312 0.059570 0.191406
0 0.538086 0.716797 0.533203 0.716797 0.529297 0.723633 0.535156 0.722656
0 0.538086 0.486328 0.537109 0.492188 0.543945 0.498047 0.543945 0.491211
0 0.105469 0.501953 0.099609 0.503906 0.098633 0.509766 0.104492 0.505859
0 0.482422 0.101562 0.481445 0.109375 0.484375 0.111328 0.486328 0.102539
0 0.744141 0.287109 0.738281 0.286133 0.733398 0.291016 0.740234 0.291016
0 0.277344 0.883789 0.281250 0.888672 0.288086 0.887695 0.286133 0.883789
0 0.811523 0.730469 0.808594 0.728516 0.801758 0.729492 0.798828 0.733398 0.802734 0.735352
0 0.419922 0.186523 0.412109 0.186523 0.409180 0.191406 0.417969 0.190430
0 0.801758 0.702148 0.794922 0.705078 0.791992 0.712891 0.800781 0.708984
0 0.875000 0.712891 0.876953 0.719727 0.881836 0.722656 0.882812 0.718750 0.879883 0.713867
0 0.931641 0.748047 0.927734 0.749023 0.924805 0.754883 0.929688 0.752930
0 0.694336 0.593750 0.694336 0.596680 0.697266 0.597656 0.704102 0.596680 0.702148 0.592773
0 0.035156 0.191406 0.031250 0.195312 0.031250 0.202148 0.034180 0.202148 0.036133 0.199219
0 0.294922 0.357422 0.295898 0.363281 0.301758 0.367188 0.300781 0.360352
0 0.821289 0.171875 0.814453 0.172852 0.811523 0.177734 0.819336 0.176758
0 0.574219 0.508789 0.576172 0.511719 0.583008 0.509766 0.582031 0.506836
0 0.488281 0.754883 0.487305 0.759766 0.492188 0.764648 0.491211 0.756836
0 0.908203 0.986328 0.914062 0.992188 0.920898 0.992188 0.920898 0.989258 0.916016 0.985352
0 0.512695 0.590820 0.509766 0.590820 0.507812 0.593750 0.507812 0.601562 0.512695 0.596680
0 0.613281 0.721680 0.617188 0.727539 0.624023 0.728516 0.625000 0.726562 0.622070 0.722656
0 0.531250 0.851562 0.530273 0.856445 0.533203 0.861328 0.534180 0.852539
0 0.568359 0.833008 0.563477 0.836914 0.563477 0.843750 0.569336 0.838867
0 0.503906 0.329102 0.498047 0.329102 0.494141 0.335938 0.501953 0.333008
0 0.866211 0.875000 0.866211 0.883789 0.871094 0.887695 0.871094 0.878906
0 0.069336 0.140625 0.058594 0.142578 0.054688 0.145508 0.054688 0.148438 0.065430 0.147461
0 0.911133 0.650391 0.907227 0.652344 0.908203 0.661133 0.912109 0.654297
0 0.802734 0.314453 0.805664 0.320312 0.811523 0.321289 0.808594 0.315430
0 0.285156 0.791016 0.286133 0.793945 0.294922 0.793945 0.294922 0.791016 0.291992 0.790039
0 0.055664 0.319336 0.050781 0.317383 0.043945 0.322266 0.052734 0.323242
0 0.384766 0.875000 0.383789 0.883789 0.387695 0.887695 0.388672 0.875977
0 0.377930 0.143555 0.374023 0.146484 0.373047 0.154297 0.375977 0.157227 0.378906 0.152344
0 0.223633 0.399414 0.224609 0.403320 0.232422 0.405273 0.232422 0.402344
0 0.628906 0.229492 0.636719 0.229492 0.638672 0.225586 0.630859 0.225586
0 0.934570 0.059570 0.938477 0.064453 0.946289 0.063477 0.943359 0.059570
0 0.965820 0.413086 0.968750 0.416992 0.978516 0.414062 0.972656 0.411133
0 0.798828 0.503906 0.793945 0.509766 0.794922 0.515625 0.799805 0.512695 0.800781 0.506836
0 0.380859 0.917969 0.374023 0.920898 0.372070 0.926758 0.377930 0.925781
0 0.634766 0.153320 0.636719 0.161133 0.643555 0.164062 0.641602 0.157227
0 0.618164 0.091797 0.612305 0.093750 0.609375 0.098633 0.615234 0.098633
0 0.083008 0.525391 0.082031 0.532227 0.085938 0.537109 0.086914 0.528320