0 0.685547 0.316406 0.679688 0.316406 0.674805 0.321289 0.676758 0.323242 0.681641 0.322266
0 0.429688 0.294922 0.423828 0.294922 0.417969 0.299805 0.424805 0.300781 0.429688 0.297852
0 0.629883 0.450195 0.627930 0.457031 0.631836 0.461914 0.633789 0.454102
0 0.584961 0.145508 0.583984 0.150391 0.587891 0.156250 0.588867 0.148438 0.587891 0.145508
0 0.326172 0.666016 0.327148 0.668945 0.336914 0.666992 0.333984 0.664062
0 0.737305 0.539062 0.738281 0.543945 0.744141 0.546875 0.744141 0.541992
0 0.985352 0.619141 0.981445 0.622070 0.983398 0.631836 0.986328 0.625977
0 0.567383 0.750977 0.569336 0.755859 0.576172 0.756836 0.572266 0.750977
0 0.281250 0.876953 0.282227 0.887695 0.286133 0.889648 0.286133 0.879883 0.284180 0.876953
0 0.829102 0.190430 0.829102 0.197266 0.832031 0.199219 0.833008 0.192383
0 0.691406 0.521484 0.686523 0.524414 0.685547 0.531250 0.689453 0.530273
0 0.342773 0.154297 0.342773 0.160156 0.349609 0.165039 0.347656 0.157227
0 0.747070 0.809570 0.749023 0.812500 0.755859 0.813477 0.755859 0.810547 0.752930 0.808594
0 0.469727 0.481445 0.462891 0.480469 0.458008 0.487305 0.465820 0.486328
0 0.286133 0.616211 0.282227 0.618164 0.282227 0.625000 0.286133 0.624023
0 0.273438 0.898438 0.275391 0.902344 0.281250 0.904297 0.279297 0.899414
0 0.690430 0.113281 0.687500 0.117188 0.687500 0.124023 0.690430 0.124023 0.692383 0.120117
0 0.666016 0.024414 0.665039 0.033203 0.667969 0.034180 0.669922 0.026367
0 0.005859 0.364258 0.005859 0.371094 0.009766 0.375000 0.011719 0.372070 0.010742 0.368164
0 0.278320 0.150391 0.271484 0.153320 0.270508 0.159180 0.276367 0.157227
0 0.299805 0.157227 0.295898 0.157227 0.292969 0.164062
0 0.875977 0.441406 0.877930 0.450195 0.883789 0.452148 0.881836 0.444336
0 0.561523 0.773438 0.563477 0.780273 0.568359 0.784180 0.568359 0.776367
0 0.220703 0.543945 0.212891 0.543945 0.208984 0.550781 0.216797 0.548828
0 0.926758 0.052734 0.921875 0.052734 0.917969 0.058594 0.924805 0.057617
0 0.299805 0.194336 0.297852 0.192383 0.292969 0.194336 0.290039 0.202148 0.296875 0.200195
0 0.788086 0.732422 0.792969 0.736328 0.797852 0.736328 0.795898 0.731445 0.790039 0.730469
0 0.881836 0.923828 0.876953 0.925781 0.875977 0.931641 0.880859 0.928711
0 0.949219 0.395508 0.948242 0.403320 0.953125 0.408203 0.954102 0.400391