0 0.107422 0.949219 0.104492 0.949219 0.102539 0.952148 0.102539 0.959961 0.105469 0.962891 0.108398 0.958008
0 0.644531 0.918945 0.635742 0.918945 0.632812 0.923828 0.641602 0.922852
0 0.630859 0.099609 0.631836 0.106445 0.635742 0.109375 0.635742 0.102539 0.633789 0.099609
0 0.289062 0.876953 0.281250 0.877930 0.278320 0.882812 0.285156 0.882812
0 0.641602 0.169922 0.647461 0.174805 0.655273 0.173828 0.652344 0.169922
0 0.666016 0.396484 0.666992 0.404297 0.670898 0.405273 0.669922 0.397461
0 0.972656 0.386719 0.975586 0.392578 0.979492 0.393555 0.981445 0.391602 0.978516 0.387695
0 0.668945 0.323242 0.666992 0.333984 0.671875 0.335938 0.672852 0.325195
0 0.533203 0.284180 0.535156 0.292969 0.539062 0.293945 0.539062 0.287109
0 0.163086 0.423828 0.165039 0.427734 0.171875 0.426758 0.167969 0.422852
0 0.967773 0.088867 0.968750 0.095703 0.972656 0.097656 0.972656 0.090820
0 0.682617 0.441406 0.676758 0.448242 0.677734 0.453125 0.683594 0.447266
0 0.333008 0.196289 0.342773 0.197266 0.345703 0.193359 0.337891 0.192383
0 0.747070 0.723633 0.752930 0.730469 0.758789 0.730469 0.756836 0.724609
0 0.510742 0.317383 0.512695 0.319336 0.519531 0.319336 0.523438 0.316406 0.523438 0.313477 0.514648 0.313477
0 0.744141 0.016602 0.736328 0.016602 0.732422 0.024414 0.740234 0.022461
0 0.405273 0.674805 0.398438 0.675781 0.394531 0.680664 0.394531 0.684570 0.403320 0.681641 0.406250 0.676758
0 0.828125 0.510742 0.827148 0.517578 0.829102 0.521484 0.832031 0.521484 0.832031 0.513672
0 0.579102 0.546875 0.583984 0.553711 0.587891 0.553711 0.583984 0.546875
0 0.524414 0.456055 0.518555 0.456055 0.514648 0.462891 0.522461 0.460938
0 0.876953 0.755859 0.880859 0.760742 0.885742 0.759766 0.883789 0.755859
0 0.360352 0.716797 0.358398 0.718750 0.359375 0.723633 0.365234 0.728516 0.365234 0.720703
0 0.407227 0.117188 0.406250 0.122070 0.409180 0.127930 0.412109 0.123047 0.410156 0.118164
0 0.834961 0.799805 0.834961 0.808594 0.837891 0.810547 0.838867 0.801758
0 0.407227 0.783203 0.399414 0.784180 0.398438 0.788086 0.406250 0.786133
0 0.930664 0.496094 0.927734 0.496094 0.925781 0.499023 0.926758 0.506836 0.928711 0.506836
0 0.598633 0.720703 0.591797 0.720703 0.589844 0.724609 0.595703 0.724609
0 0.634766 0.629883 0.629883 0.631836 0.628906 0.641602 0.633789 0.638672
0 0.448242 0.286133 0.447266 0.291016 0.452148 0.295898 0.452148 0.288086
0 0.693359 0.139648 0.698242 0.144531 0.706055 0.143555 0.706055 0.140625 0.701172 0.138672
0 0.756836 0.858398 0.751953 0.856445 0.746094 0.857422 0.746094 0.860352 0.751953 0.862305 0.755859 0.861328
0 0.949219 0.332031 0.955078 0.337891 0.959961 0.335938 0.959961 0.333008 0.957031 0.331055
0 0.376953 0.450195 0.379883 0.454102 0.388672 0.453125 0.386719 0.449219
0 0.396484 0.904297 0.394531 0.912109 0.398438 0.917969 0.400391 0.907227
0 0.387695 0.489258 0.389648 0.498047 0.393555 0.499023 0.392578 0.491211
0 0.796875 0.587891 0.805664 0.587891 0.809570 0.583984 0.799805 0.583008 0.796875 0.584961
0 0.655273 0.676758 0.654297 0.682617 0.657227 0.686523 0.659180 0.678711
0 0.949219 0.027344 0.956055 0.034180 0.956055 0.030273
0 0.605469 0.949219 0.608398 0.953125 0.615234 0.953125 0.611328 0.948242
0 0.586914 0.841797 0.584961 0.843750 0.585938 0.846680 0.593750 0.850586 0.591797 0.844727
0 0.771484 0.567383 0.779297 0.567383 0.784180 0.563477 0.776367 0.562500
0 0.255859 0.022461 0.256836 0.028320 0.262695 0.030273 0.261719 0.025391
0 0.014648 0.080078 0.009766 0.078125 0.003906 0.082031 0.009766 0.083984 0.014648 0.082031
0 0.232422 0.332031 0.227539 0.333008 0.225586 0.338867 0.230469 0.337891
0 0.446289 0.399414 0.448242 0.405273 0.457031 0.407227 0.453125 0.400391
0 0.824219 0.079102 0.825195 0.083984 0.832031 0.086914 0.830078 0.081055
0 0.110352 0.741211 0.110352 0.744141 0.114258 0.746094 0.120117 0.744141 0.116211 0.741211
0 0.766602 0.973633 0.767578 0.984375 0.774414 0.988281 0.773438 0.979492 0.769531 0.973633
0 0.614258 0.699219 0.606445 0.700195 0.603516 0.706055 0.614258 0.702148
0 0.159180 0.785156 0.156250 0.787109 0.157227 0.795898 0.161133 0.791992
0 0.770508 0.619141 0.769531 0.627930 0.773438 0.631836 0.774414 0.621094
0 0.500000 0.338867 0.499023 0.345703 0.502930 0.349609 0.503906 0.341797
0 0.931641 0.165039 0.925781 0.167969 0.924805 0.172852 0.931641 0.169922
0 0.847656 0.985352 0.844727 0.986328 0.843750 0.995117 0.846680 0.995117 0.848633 0.991211
0 0.028320 0.820312 0.022461 0.823242 0.021484 0.831055 0.027344 0.828125
0 0.046875 0.152344 0.038086 0.153320 0.036133 0.158203 0.041992 0.158203
0 0.791016 0.971680 0.791016 0.974609 0.793945 0.976562 0.803711 0.974609 0.798828 0.970703
0 0.698242 0.856445 0.697266 0.863281 0.701172 0.867188 0.701172 0.859375
0 0.844727 0.116211 0.852539 0.117188 0.855469 0.113281 0.849609 0.112305
0 0.885742 0.677734 0.880859 0.676758 0.877930 0.680664 0.880859 0.681641
0 0.806641 0.236328 0.807617 0.240234 0.813477 0.244141 0.813477 0.239258
0 0.088867 0.271484 0.080078 0.272461 0.078125 0.276367 0.083984 0.276367
0 0.957031 0.886719 0.957031 0.893555 0.961914 0.896484 0.960938 0.888672
0 0.821289 0.181641 0.824219 0.187500 0.833008 0.188477 0.831055 0.183594
0 0.231445 0.965820 0.233398 0.969727 0.241211 0.969727 0.239258 0.965820
0 0.359375 0.057617 0.366211 0.057617 0.369141 0.053711 0.363281 0.052734
0 0.207031 0.007812 0.200195 0.011719 0.199219 0.019531 0.206055 0.016602