0 0.637695 0.557617 0.635742 0.561523 0.639648 0.567383 0.640625 0.560547
0 0.515625 0.128906 0.513672 0.131836 0.514648 0.136719 0.519531 0.139648 0.519531 0.132812
0 0.866211 0.299805 0.866211 0.302734 0.869141 0.303711 0.876953 0.301758 0.875000 0.297852
0 0.904297 0.696289 0.905273 0.704102 0.911133 0.707031 0.909180 0.697266
0 0.330078 0.978516 0.326172 0.978516 0.322266 0.982422 0.322266 0.986328 0.327148 0.985352 0.330078 0.982422
0 0.466797 0.072266 0.468750 0.081055 0.472656 0.082031 0.472656 0.075195
0 0.892578 0.609375 0.891602 0.618164 0.893555 0.620117 0.895508 0.614258
0 0.314453 0.304688 0.311523 0.306641 0.313477 0.314453 0.315430 0.312500
0 0.417969 0.219727 0.412109 0.223633 0.411133 0.233398 0.416992 0.228516
0 0.700195 0.092773 0.695312 0.096680 0.695312 0.100586 0.700195 0.098633
0 0.589844 0.429688 0.582031 0.430664 0.580078 0.436523 0.585938 0.435547
0 0.139648 0.230469 0.144531 0.234375 0.148438 0.234375 0.145508 0.229492
0 0.620117 0.585938 0.616211 0.585938 0.612305 0.592773 0.618164 0.591797
0 0.866211 0.869141 0.866211 0.875000 0.871094 0.879883 0.874023 0.879883 0.872070 0.872070
0 0.498047 0.720703 0.493164 0.725586 0.492188 0.729492 0.494141 0.731445 0.497070 0.729492
0 0.663086 0.447266 0.663086 0.453125 0.668945 0.456055 0.668945 0.452148
0 0.700195 0.708984 0.706055 0.708984 0.709961 0.705078 0.704102 0.704102
0 0.664062 0.028320 0.663086 0.034180 0.666992 0.041992 0.668945 0.033203 0.666992 0.028320
0 0.267578 0.676758 0.272461 0.676758 0.277344 0.671875 0.269531 0.671875
0 0.916016 0.480469 0.907227 0.482422 0.906250 0.486328 0.914062 0.485352
0 0.047852 0.102539 0.051758 0.107422 0.059570 0.107422 0.054688 0.102539
0 0.371094 0.791016 0.370117 0.798828 0.374023 0.801758 0.375000 0.794922
0 0.849609 0.305664 0.851562 0.310547 0.859375 0.311523 0.855469 0.306641
0 0.335938 0.259766 0.332031 0.261719 0.332031 0.268555 0.335938 0.266602
0 0.726562 0.934570 0.723633 0.934570 0.721680 0.937500 0.722656 0.944336 0.725586 0.941406
0 0.657227 0.472656 0.657227 0.477539 0.664062 0.480469 0.662109 0.474609
0 0.472656 0.806641 0.467773 0.809570 0.466797 0.818359 0.472656 0.813477
0 0.287109 0.149414 0.280273 0.149414 0.275391 0.156250 0.285156 0.154297
0 0.294922 0.514648 0.296875 0.521484 0.303711 0.523438 0.302734 0.518555
0 0.760742 0.041016 0.758789 0.043945 0.759766 0.048828 0.764648 0.051758 0.764648 0.044922
0 0.797852 0.296875 0.802734 0.302734 0.809570 0.303711 0.805664 0.296875
0 0.765625 0.130859 0.761719 0.130859 0.757812 0.137695 0.761719 0.137695
0 0.498047 0.300781 0.494141 0.302734 0.494141 0.311523 0.499023 0.306641
0 0.584961 0.122070 0.584961 0.125977 0.592773 0.129883 0.590820 0.124023
0 0.957031 0.624023 0.951172 0.625000 0.948242 0.632812 0.953125 0.630859
0 0.535156 0.494141 0.536133 0.499023 0.540039 0.500977 0.540039 0.496094
0 0.210938 0.482422 0.213867 0.487305 0.221680 0.487305 0.214844 0.481445
0 0.047852 0.726562 0.047852 0.734375 0.050781 0.736328 0.051758 0.728516
0 0.378906 0.466797 0.378906 0.472656 0.384766 0.475586 0.383789 0.469727
0 0.218750 0.899414 0.211914 0.903320 0.210938 0.909180 0.216797 0.907227
0 0.585938 0.678711 0.587891 0.684570 0.593750 0.686523 0.592773 0.681641
0 0.981445 0.348633 0.977539 0.350586 0.979492 0.361328 0.982422 0.358398
0 0.834961 0.851562 0.829102 0.852539 0.827148 0.857422 0.834961 0.855469
0 0.293945 0.757812 0.295898 0.760742 0.303711 0.759766 0.301758 0.755859
0 0.437500 0.599609 0.432617 0.603516 0.432617 0.607422 0.436523 0.606445
0 0.299805 0.496094 0.291992 0.497070 0.290039 0.501953 0.296875 0.500977
0 0.871094 0.587891 0.865234 0.588867 0.863281 0.592773 0.869141 0.592773
0 0.466797 0.233398 0.467773 0.238281 0.471680 0.242188 0.476562 0.241211 0.473633 0.235352
0 0.276367 0.425781 0.277344 0.430664 0.283203 0.433594 0.281250 0.426758
0 0.086914 0.549805 0.085938 0.556641 0.088867 0.560547 0.091797 0.560547 0.090820 0.552734
0 0.963867 0.450195 0.966797 0.457031 0.972656 0.459961 0.972656 0.455078
0 0.857422 0.162109 0.856445 0.171875 0.860352 0.173828 0.862305 0.168945 0.860352 0.163086
0 0.538086 0.104492 0.533203 0.108398 0.533203 0.113281 0.537109 0.111328
0 0.108398 0.744141 0.101562 0.744141 0.096680 0.751953 0.105469 0.750000
0 0.975586 0.748047 0.970703 0.755859 0.972656 0.762695 0.978516 0.754883 0.978516 0.750000
0 0.579102 0.186523 0.572266 0.184570 0.566406 0.191406 0.576172 0.190430
0 0.786133 0.309570 0.781250 0.311523 0.780273 0.320312 0.786133 0.316406
0 0.055664 0.353516 0.059570 0.359375 0.065430 0.360352 0.064453 0.355469
0 0.738281 0.663086 0.730469 0.663086 0.729492 0.666016 0.737305 0.666992
0 0.361328 0.681641 0.357422 0.681641 0.353516 0.687500 0.359375 0.685547
0 0.195312 0.276367 0.186523 0.279297 0.185547 0.283203 0.194336 0.281250
0 0.905273 0.655273 0.900391 0.660156 0.902344 0.668945 0.907227 0.664062
0 0.366211 0.021484 0.361328 0.024414 0.360352 0.030273 0.365234 0.028320
0 0.403320 0.519531 0.404297 0.528320 0.409180 0.530273 0.408203 0.522461 0.406250 0.519531