0 0.274414 0.555664 0.270508 0.556641 0.269531 0.565430 0.273438 0.563477
0 0.827148 0.229492 0.825195 0.237305 0.826172 0.240234 0.829102 0.240234 0.830078 0.232422
0 0.480469 0.388672 0.482422 0.392578 0.490234 0.393555 0.487305 0.388672
0 0.561523 0.251953 0.559570 0.252930 0.558594 0.259766 0.562500 0.264648 0.564453 0.263672 0.564453 0.255859
0 0.290039 0.850586 0.285156 0.854492 0.285156 0.864258 0.288086 0.864258 0.291016 0.860352
0 0.422852 0.339844 0.417969 0.341797 0.416992 0.347656 0.422852 0.343750
0 0.446289 0.542969 0.445312 0.544922 0.448242 0.549805 0.453125 0.551758 0.453125 0.546875
0 0.272461 0.714844 0.265625 0.715820 0.263672 0.720703 0.269531 0.719727
0 0.515625 0.219727 0.518555 0.224609 0.525391 0.224609 0.523438 0.220703
0 0.679688 0.244141 0.679688 0.247070 0.683594 0.250000 0.690430 0.250000 0.688477 0.245117
0 0.360352 0.325195 0.353516 0.326172 0.351562 0.331055 0.357422 0.330078
0 0.100586 0.467773 0.093750 0.468750 0.089844 0.475586 0.097656 0.474609 0.101562 0.470703
0 0.548828 0.204102 0.547852 0.208984 0.550781 0.213867 0.551758 0.206055
0 0.083984 0.856445 0.083008 0.861328 0.088867 0.866211 0.087891 0.858398
0 0.629883 0.881836 0.623047 0.884766 0.623047 0.890625 0.628906 0.886719
0 0.472656 0.296875 0.473633 0.299805 0.482422 0.298828 0.482422 0.294922
0 0.360352 0.362305 0.355469 0.365234 0.354492 0.375000 0.361328 0.369141
0 0.479492 0.245117 0.478516 0.250000 0.483398 0.253906 0.483398 0.249023
0 0.409180 0.496094 0.413086 0.502930 0.419922 0.502930 0.416016 0.497070
0 0.286133 0.549805 0.283203 0.549805 0.281250 0.553711 0.282227 0.559570 0.286133 0.555664
0 0.190430 0.151367 0.188477 0.149414 0.182617 0.150391 0.179688 0.155273 0.184570 0.156250
0 0.640625 0.349609 0.635742 0.353516 0.636719 0.359375 0.640625 0.354492
0 0.066406 0.427734 0.066406 0.436523 0.069336 0.437500 0.070312 0.427734
0 0.356445 0.702148 0.353516 0.703125 0.352539 0.707031 0.354492 0.713867 0.358398 0.707031
0 0.256836 0.857422 0.252930 0.860352 0.253906 0.867188 0.257812 0.863281
0 0.397461 0.578125 0.392578 0.580078 0.392578 0.587891 0.397461 0.583008
0 0.589844 0.269531 0.593750 0.273438 0.599609 0.272461 0.594727 0.268555
0 0.778320 0.605469 0.779297 0.612305 0.784180 0.616211 0.784180 0.609375
0 0.091797 0.783203 0.094727 0.787109 0.102539 0.787109 0.099609 0.783203
0 0.094727 0.955078 0.095703 0.960938 0.101562 0.964844 0.102539 0.961914 0.099609 0.956055
0 0.546875 0.855469 0.547852 0.860352 0.555664 0.862305 0.551758 0.856445
0 0.681641 0.796875 0.679688 0.796875 0.676758 0.802734 0.678711 0.808594 0.682617 0.805664
0 0.940430 0.131836 0.943359 0.137695 0.950195 0.138672 0.952148 0.136719 0.946289 0.131836
0 0.069336 0.835938 0.070312 0.841797 0.076172 0.844727 0.075195 0.838867
0 0.183594 0.913086 0.185547 0.916992 0.193359 0.916992 0.190430 0.913086
0 0.866211 0.175781 0.860352 0.176758 0.857422 0.182617 0.863281 0.181641
0 0.808594 0.428711 0.802734 0.431641 0.801758 0.436523 0.807617 0.434570
0 0.100586 0.212891 0.104492 0.219727 0.108398 0.219727 0.105469 0.213867
0 0.708984 0.515625 0.705078 0.516602 0.704102 0.525391 0.708008 0.523438
0 0.319336 0.102539 0.319336 0.105469 0.323242 0.107422 0.332031 0.106445 0.332031 0.103516 0.327148 0.101562
0 0.934570 0.506836 0.935547 0.509766 0.942383 0.507812 0.942383 0.505859
0 0.334961 0.024414 0.332031 0.024414 0.330078 0.027344 0.331055 0.035156 0.334961 0.031250
0 0.870117 0.237305 0.872070 0.243164 0.879883 0.247070 0.877930 0.240234
0 0.212891 0.667969 0.208984 0.670898 0.209961 0.678711 0.213867 0.671875
0 0.718750 0.583984 0.720703 0.591797 0.723633 0.594727 0.729492 0.595703 0.728516 0.589844
0 0.874023 0.223633 0.875000 0.229492 0.880859 0.232422 0.881836 0.228516 0.879883 0.225586
0 0.494141 0.047852 0.494141 0.050781 0.497070 0.052734 0.503906 0.052734 0.501953 0.048828
0 0.714844 0.572266 0.713867 0.578125 0.716797 0.583008 0.718750 0.575195
0 0.091797 0.680664 0.086914 0.684570 0.086914 0.692383 0.091797 0.687500
0 0.081055 0.592773 0.076172 0.593750 0.074219 0.605469 0.077148 0.605469 0.080078 0.601562
0 0.296875 0.100586 0.290039 0.100586 0.286133 0.107422 0.293945 0.105469
0 0.854492 0.553711 0.855469 0.557617 0.865234 0.556641
0 0.324219 0.832031 0.325195 0.837891 0.330078 0.840820 0.328125 0.833008
0 0.243164 0.534180 0.242188 0.536133 0.247070 0.541992 0.250977 0.542969 0.252930 0.541016 0.250977 0.537109
0 0.100586 0.702148 0.094727 0.702148 0.090820 0.707031 0.095703 0.708008
0 0.632812 0.761719 0.636719 0.766602 0.644531 0.766602 0.639648 0.761719