0 0.875977 0.625000 0.869141 0.625000 0.864258 0.630859 0.872070 0.630859 0.875977 0.627930
0 0.124023 0.125977 0.123047 0.130859 0.128906 0.136719 0.127930 0.127930
0 0.456055 0.525391 0.460938 0.529297 0.464844 0.529297 0.461914 0.524414
0 0.127930 0.744141 0.131836 0.748047 0.140625 0.746094 0.140625 0.744141 0.135742 0.742188
0 0.267578 0.563477 0.272461 0.568359 0.281250 0.567383 0.278320 0.563477
0 0.182617 0.755859 0.184570 0.761719 0.191406 0.763672 0.187500 0.755859
0 0.364258 0.465820 0.365234 0.471680 0.371094 0.475586 0.370117 0.467773
0 0.963867 0.054688 0.962891 0.063477 0.965820 0.065430 0.966797 0.056641
0 0.193359 0.429688 0.184570 0.431641 0.182617 0.435547 0.189453 0.435547
0 0.525391 0.739258 0.527344 0.749023 0.531250 0.750000 0.531250 0.743164
0 0.305664 0.191406 0.304688 0.198242 0.309570 0.202148 0.309570 0.195312
0 0.966797 0.908203 0.968750 0.916992 0.975586 0.919922 0.973633 0.912109
0 0.444336 0.892578 0.439453 0.893555 0.437500 0.902344 0.443359 0.898438
0 0.575195 0.667969 0.575195 0.674805 0.581055 0.679688 0.581055 0.671875 0.578125 0.667969
0 0.163086 0.125977 0.158203 0.128906 0.157227 0.132812 0.161133 0.132812
0 0.541016 0.904297 0.533203 0.906250 0.532227 0.909180 0.540039 0.909180
0 0.031250 0.042969 0.025391 0.045898 0.024414 0.050781 0.029297 0.049805 0.032227 0.044922
0 0.168945 0.908203 0.172852 0.913086 0.178711 0.914062 0.177734 0.909180
0 0.486328 0.792969 0.481445 0.792969 0.477539 0.799805 0.484375 0.797852
0 0.299805 0.731445 0.303711 0.734375 0.311523 0.733398 0.309570 0.729492
0 0.209961 0.701172 0.210938 0.706055 0.215820 0.708984 0.215820 0.704102
0 0.922852 0.820312 0.923828 0.822266 0.932617 0.821289 0.930664 0.818359
0 0.809570 0.368164 0.813477 0.375000 0.818359 0.374023 0.817383 0.370117
0 0.232422 0.400391 0.229492 0.400391 0.227539 0.403320 0.227539 0.411133 0.232422 0.407227
0 0.182617 0.204102 0.184570 0.208008 0.190430 0.208008 0.196289 0.204102 0.189453 0.201172
0 0.230469 0.337891 0.224609 0.337891 0.221680 0.342773 0.228516 0.341797
0 0.291992 0.488281 0.292969 0.494141 0.297852 0.497070 0.295898 0.489258
0 0.076172 0.835938 0.071289 0.839844 0.071289 0.846680 0.074219 0.846680 0.076172 0.843750
0 0.449219 0.050781 0.451172 0.055664 0.458008 0.055664 0.457031 0.051758
0 0.348633 0.786133 0.349609 0.792969 0.355469 0.795898 0.355469 0.791016
0 0.126953 0.052734 0.119141 0.051758 0.116211 0.056641 0.123047 0.056641
0 0.126953 0.367188 0.129883 0.371094 0.136719 0.371094 0.135742 0.367188
0 0.108398 0.640625 0.110352 0.646484 0.116211 0.646484 0.113281 0.641602
0 0.426758 0.787109 0.420898 0.787109 0.415039 0.792969 0.422852 0.793945 0.426758 0.791016
0 0.820312 0.604492 0.819336 0.611328 0.822266 0.614258 0.824219 0.608398
0 0.833008 0.813477 0.835938 0.820312 0.843750 0.822266 0.838867 0.814453
0 0.633789 0.750000 0.641602 0.749023 0.644531 0.744141 0.637695 0.744141 0.633789 0.747070
0 0.954102 0.629883 0.947266 0.629883 0.942383 0.636719 0.952148 0.634766
0 0.385742 0.533203 0.379883 0.535156 0.377930 0.541016 0.382812 0.540039
0 0.240234 0.073242 0.233398 0.073242 0.228516 0.081055 0.230469 0.082031 0.238281 0.078125
0 0.191406 0.320312 0.187500 0.323242 0.188477 0.331055 0.192383 0.327148
0 0.073242 0.624023 0.065430 0.625000 0.062500 0.630859 0.071289 0.628906
0 0.683594 0.679688 0.682617 0.687500 0.684570 0.690430 0.687500 0.690430 0.687500 0.683594
0 0.658203 0.438477 0.658203 0.441406 0.662109 0.443359 0.670898 0.442383 0.666016 0.437500
0 0.154297 0.399414 0.152344 0.401367 0.153320 0.405273 0.160156 0.410156 0.159180 0.402344
0 0.893555 0.668945 0.892578 0.672852 0.894531 0.677734 0.896484 0.677734 0.897461 0.671875
0 0.756836 0.054688 0.750977 0.056641 0.749023 0.061523 0.754883 0.060547
0 0.083008 0.246094 0.084961 0.250977 0.090820 0.251953 0.088867 0.247070
0 0.955078 0.867188 0.958008 0.870117 0.964844 0.869141 0.960938 0.865234
0 0.182617 0.649414 0.183594 0.657227 0.187500 0.660156 0.188477 0.654297
0 0.848633 0.514648 0.848633 0.521484 0.853516 0.524414 0.852539 0.516602
0 0.152344 0.008789 0.148438 0.011719 0.147461 0.018555 0.152344 0.016602