0 0.835938 0.469727 0.835938 0.474609 0.845703 0.479492 0.843750 0.472656
0 0.257812 0.508789 0.253906 0.510742 0.252930 0.518555 0.257812 0.514648
0 0.851562 0.300781 0.851562 0.306641 0.854492 0.310547 0.857422 0.310547 0.855469 0.300781
0 0.306641 0.833008 0.310547 0.838867 0.317383 0.840820 0.312500 0.833008
0 0.066406 0.816406 0.067383 0.822266 0.074219 0.826172 0.073242 0.819336
0 0.173828 0.844727 0.170898 0.844727 0.167969 0.848633 0.166992 0.855469 0.171875 0.853516
0 0.084961 0.786133 0.087891 0.789062 0.097656 0.788086 0.095703 0.784180
0 0.363281 0.903320 0.366211 0.910156 0.371094 0.912109 0.370117 0.906250
0 0.903320 0.584961 0.897461 0.584961 0.893555 0.591797 0.901367 0.589844
0 0.582031 0.096680 0.580078 0.104492 0.582031 0.108398 0.584961 0.108398 0.585938 0.099609
0 0.566406 0.175781 0.574219 0.174805 0.577148 0.170898 0.570312 0.169922 0.566406 0.172852
0 0.160156 0.561523 0.163086 0.567383 0.170898 0.568359 0.168945 0.563477
0 0.650391 0.249023 0.651367 0.254883 0.656250 0.256836 0.655273 0.250977
0 0.065430 0.724609 0.061523 0.725586 0.060547 0.734375 0.063477 0.732422
0 0.487305 0.544922 0.485352 0.550781 0.489258 0.554688 0.490234 0.545898
0 0.665039 0.108398 0.665039 0.114258 0.671875 0.118164 0.670898 0.110352
0 0.695312 0.937500 0.688477 0.938477 0.686523 0.944336 0.693359 0.942383
0 0.627930 0.415039 0.628906 0.420898 0.633789 0.424805 0.633789 0.417969
0 0.437500 0.208984 0.439453 0.214844 0.448242 0.215820 0.446289 0.210938
0 0.497070 0.733398 0.495117 0.737305 0.499023 0.744141 0.500000 0.735352
0 0.733398 0.676758 0.727539 0.678711 0.724609 0.684570 0.730469 0.683594
0 0.416992 0.284180 0.415039 0.293945 0.418945 0.297852 0.420898 0.288086
0 0.844727 0.833984 0.842773 0.835938 0.842773 0.845703 0.846680 0.843750 0.846680 0.835938
0 0.641602 0.012695 0.646484 0.020508 0.650391 0.021484 0.652344 0.019531 0.648438 0.013672
0 0.723633 0.299805 0.722656 0.306641 0.726562 0.312500 0.728516 0.304688
0 0.352539 0.865234 0.354492 0.869141 0.362305 0.869141 0.364258 0.867188 0.358398 0.864258
0 0.958984 0.011719 0.958984 0.017578 0.962891 0.021484 0.963867 0.015625
0 0.794922 0.624023 0.796875 0.631836 0.801758 0.633789 0.800781 0.625977 0.796875 0.623047
0 0.310547 0.135742 0.306641 0.137695 0.306641 0.145508 0.310547 0.142578
0 0.694336 0.523438 0.698242 0.528320 0.707031 0.527344 0.703125 0.522461
0 0.451172 0.351562 0.455078 0.359375 0.460938 0.360352 0.458008 0.353516
0 0.104492 0.297852 0.103516 0.306641 0.106445 0.306641 0.108398 0.299805
0 0.615234 0.717773 0.607422 0.719727 0.604492 0.725586 0.613281 0.723633
0 0.301758 0.927734 0.303711 0.931641 0.311523 0.931641 0.311523 0.928711
0 0.210938 0.490234 0.206055 0.491211 0.204102 0.499023 0.209961 0.495117
0 0.666992 0.882812 0.660156 0.883789 0.656250 0.891602 0.664062 0.888672
0 0.427734 0.500000 0.435547 0.502930 0.438477 0.501953 0.439453 0.497070 0.433594 0.496094
0 0.603516 0.044922 0.607422 0.049805 0.614258 0.050781 0.612305 0.045898
0 0.082031 0.112305 0.083984 0.116211 0.090820 0.117188 0.093750 0.115234 0.089844 0.111328
0 0.016602 0.293945 0.016602 0.301758 0.018555 0.304688 0.021484 0.304688 0.021484 0.297852
0 0.165039 0.979492 0.157227 0.981445 0.156250 0.985352 0.164062 0.983398
0 0.550781 0.039062 0.543945 0.040039 0.541016 0.044922 0.548828 0.043945
0 0.109375 0.824219 0.109375 0.829102 0.118164 0.833008 0.116211 0.827148
0 0.870117 0.981445 0.862305 0.982422 0.859375 0.987305 0.866211 0.987305
0 0.361328 0.120117 0.361328 0.126953 0.366211 0.129883 0.365234 0.122070
0 0.034180 0.219727 0.041016 0.219727 0.044922 0.215820 0.037109 0.214844
0 0.016602 0.150391 0.019531 0.156250 0.027344 0.157227 0.023438 0.151367
0 0.431641 0.299805 0.430664 0.308594 0.431641 0.311523 0.434570 0.311523 0.436523 0.306641 0.435547 0.302734
0 0.847656 0.283203 0.846680 0.288086 0.850586 0.292969 0.852539 0.288086
0 0.204102 0.853516 0.205078 0.856445 0.212891 0.856445 0.211914 0.853516
0 0.321289 0.316406 0.317383 0.319336 0.317383 0.326172 0.319336 0.328125 0.322266 0.324219
0 0.058594 0.713867 0.060547 0.717773 0.069336 0.718750 0.069336 0.715820 0.064453 0.712891
0 0.942383 0.782227 0.936523 0.783203 0.934570 0.788086 0.938477 0.788086
0 0.574219 0.834961 0.569336 0.834961 0.564453 0.839844 0.564453 0.842773 0.570312 0.841797
0 0.102539 0.626953 0.111328 0.627930 0.115234 0.624023 0.106445 0.622070 0.102539 0.624023
0 0.875000 0.049805 0.881836 0.049805 0.885742 0.047852 0.885742 0.044922 0.878906 0.044922
0 0.821289 0.654297 0.824219 0.658203 0.831055 0.658203 0.831055 0.655273 0.828125 0.653320
0 0.166016 0.352539 0.158203 0.353516 0.155273 0.358398 0.160156 0.359375 0.164062 0.357422
0 0.240234 0.441406 0.234375 0.444336 0.233398 0.452148 0.238281 0.450195