0 0.377930 0.095703 0.372070 0.098633 0.371094 0.104492 0.375977 0.103516
0 0.718750 0.874023 0.717773 0.878906 0.720703 0.881836 0.721680 0.875000
0 0.274414 0.212891 0.269531 0.212891 0.265625 0.218750 0.272461 0.217773
0 0.079102 0.914062 0.080078 0.920898 0.084961 0.922852 0.083984 0.916016
0 0.592773 0.066406 0.592773 0.074219 0.594727 0.078125 0.598633 0.079102 0.599609 0.074219
0 0.746094 0.815430 0.749023 0.821289 0.754883 0.822266 0.753906 0.817383
0 0.463867 0.891602 0.455078 0.896484 0.455078 0.902344 0.462891 0.897461
0 0.536133 0.190430 0.538086 0.198242 0.543945 0.200195 0.542969 0.194336
0 0.885742 0.186523 0.893555 0.190430 0.898438 0.188477 0.894531 0.184570
0 0.143555 0.491211 0.144531 0.499023 0.149414 0.501953 0.148438 0.493164
0 0.559570 0.369141 0.559570 0.373047 0.569336 0.375000 0.566406 0.370117
0 0.408203 0.674805 0.408203 0.682617 0.412109 0.684570 0.412109 0.677734
0 0.463867 0.194336 0.463867 0.202148 0.468750 0.204102 0.468750 0.199219
0 0.444336 0.945312 0.439453 0.947266 0.437500 0.956055 0.444336 0.952148
0 0.619141 0.319336 0.618164 0.327148 0.623047 0.332031 0.624023 0.325195
0 0.905273 0.886719 0.907227 0.890625 0.916016 0.891602 0.911133 0.885742
0 0.639648 0.403320 0.639648 0.409180 0.642578 0.414062 0.643555 0.405273
0 0.027344 0.851562 0.027344 0.858398 0.030273 0.861328 0.032227 0.860352 0.032227 0.855469
0 0.840820 0.232422 0.834961 0.233398 0.833008 0.239258 0.836914 0.238281
0 0.221680 0.161133 0.229492 0.161133 0.233398 0.158203 0.232422 0.156250 0.226562 0.156250
0 0.850586 0.400391 0.854492 0.407227 0.860352 0.408203 0.857422 0.401367
0 0.882812 0.410156 0.884766 0.416992 0.889648 0.418945 0.889648 0.414062
0 0.107422 0.682617 0.101562 0.685547 0.098633 0.696289 0.106445 0.692383 0.108398 0.688477
0 0.394531 0.500977 0.391602 0.500977 0.390625 0.503906 0.391602 0.510742 0.395508 0.505859
0 0.457031 0.075195 0.456055 0.081055 0.458984 0.085938 0.460938 0.077148
0 0.057617 0.907227 0.052734 0.910156 0.052734 0.914062 0.057617 0.911133
0 0.623047 0.081055 0.618164 0.083984 0.617188 0.092773 0.622070 0.089844
0 0.724609 0.303711 0.720703 0.304688 0.719727 0.312500 0.723633 0.309570
0 0.653320 0.254883 0.654297 0.262695 0.660156 0.265625 0.658203 0.255859
0 0.362305 0.229492 0.354492 0.231445 0.351562 0.237305 0.357422 0.237305 0.362305 0.232422
0 0.417969 0.470703 0.416992 0.475586 0.424805 0.479492 0.423828 0.474609
0 0.816406 0.636719 0.808594 0.637695 0.805664 0.642578 0.815430 0.640625
0 0.551758 0.590820 0.554688 0.594727 0.564453 0.592773 0.559570 0.588867
0 0.680664 0.329102 0.678711 0.331055 0.678711 0.337891 0.682617 0.342773 0.684570 0.332031
0 0.274414 0.102539 0.274414 0.112305 0.277344 0.116211 0.280273 0.116211 0.280273 0.108398
0 0.362305 0.513672 0.364258 0.520508 0.369141 0.522461 0.369141 0.516602 0.366211 0.513672
0 0.931641 0.201172 0.929688 0.208008 0.934570 0.211914 0.934570 0.204102
0 0.967773 0.462891 0.966797 0.469727 0.970703 0.474609 0.971680 0.465820
0 0.119141 0.507812 0.125977 0.506836 0.127930 0.502930 0.120117 0.503906
0 0.243164 0.705078 0.241211 0.707031 0.243164 0.713867 0.250977 0.717773 0.249023 0.709961
0 0.824219 0.110352 0.819336 0.110352 0.817383 0.116211 0.820312 0.116211