0 0.616211 0.706055 0.615234 0.716797 0.619141 0.721680 0.621094 0.711914 0.619141 0.707031
0 0.085938 0.035156 0.092773 0.035156 0.097656 0.030273 0.088867 0.029297 0.085938 0.031250
0 0.128906 0.003906 0.127930 0.013672 0.131836 0.015625 0.133789 0.010742 0.131836 0.004883
0 0.728516 0.230469 0.727539 0.236328 0.729492 0.241211 0.732422 0.242188 0.733398 0.234375 0.731445 0.230469
0 0.858398 0.362305 0.858398 0.368164 0.865234 0.373047 0.863281 0.365234
0 0.264648 0.343750 0.259766 0.343750 0.255859 0.347656 0.255859 0.351562 0.259766 0.351562
0 0.408203 0.750977 0.410156 0.758789 0.416016 0.760742 0.415039 0.753906
0 0.547852 0.021484 0.549805 0.026367 0.559570 0.027344 0.555664 0.022461
0 0.348633 0.449219 0.350586 0.454102 0.357422 0.455078 0.353516 0.449219
0 0.113281 0.648438 0.106445 0.651367 0.105469 0.657227 0.111328 0.654297
0 0.789062 0.217773 0.783203 0.223633 0.785156 0.229492 0.788086 0.226562
0 0.052734 0.610352 0.049805 0.609375 0.045898 0.616211 0.049805 0.616211
0 0.218750 0.977539 0.212891 0.976562 0.208008 0.982422 0.216797 0.981445
0 0.752930 0.968750 0.753906 0.974609 0.761719 0.977539 0.759766 0.972656
0 0.641602 0.696289 0.638672 0.696289 0.633789 0.701172 0.632812 0.705078 0.634766 0.707031 0.640625 0.703125
0 0.896484 0.503906 0.896484 0.510742 0.901367 0.513672 0.900391 0.505859
0 0.754883 0.198242 0.756836 0.202148 0.764648 0.204102 0.760742 0.198242
0 0.436523 0.867188 0.437500 0.873047 0.446289 0.875977 0.441406 0.868164
0 0.663086 0.234375 0.665039 0.237305 0.670898 0.238281 0.668945 0.234375
0 0.276367 0.245117 0.277344 0.250000 0.285156 0.253906 0.283203 0.247070
0 0.196289 0.264648 0.199219 0.270508 0.205078 0.271484 0.202148 0.265625
0 0.665039 0.535156 0.666992 0.538086 0.671875 0.538086 0.673828 0.533203
0 0.177734 0.656250 0.173828 0.659180 0.175781 0.666992 0.178711 0.665039
0 0.954102 0.244141 0.962891 0.245117 0.965820 0.243164 0.965820 0.240234 0.958984 0.240234
0 0.094727 0.212891 0.094727 0.215820 0.097656 0.217773 0.104492 0.216797 0.099609 0.212891
0 0.162109 0.758789 0.156250 0.758789 0.151367 0.763672 0.159180 0.763672 0.162109 0.761719
0 0.853516 0.126953 0.848633 0.125000 0.843750 0.126953 0.842773 0.129883 0.850586 0.130859
0 0.072266 0.638672 0.067383 0.639648 0.063477 0.647461 0.070312 0.644531
0 0.738281 0.064453 0.741211 0.068359 0.746094 0.069336 0.745117 0.065430
0 0.406250 0.690430 0.402344 0.693359 0.403320 0.702148 0.408203 0.697266
0 0.353516 0.909180 0.349609 0.911133 0.348633 0.919922 0.353516 0.916992