0 0.681641 0.578125 0.681641 0.581055 0.684570 0.582031 0.693359 0.580078 0.693359 0.578125 0.687500 0.576172
0 0.090820 0.078125 0.093750 0.083984 0.099609 0.084961 0.098633 0.080078
0 0.871094 0.460938 0.865234 0.464844 0.865234 0.472656 0.871094 0.468750
0 0.467773 0.494141 0.461914 0.495117 0.458008 0.500977 0.463867 0.500977
0 0.954102 0.513672 0.955078 0.521484 0.962891 0.525391 0.959961 0.515625
0 0.875977 0.492188 0.875977 0.503906 0.878906 0.503906 0.880859 0.500000 0.879883 0.494141
0 0.232422 0.389648 0.233398 0.395508 0.238281 0.397461 0.237305 0.391602
0 0.217773 0.103516 0.218750 0.106445 0.228516 0.108398 0.228516 0.105469 0.225586 0.103516
0 0.757812 0.983398 0.758789 0.990234 0.764648 0.994141 0.764648 0.988281 0.760742 0.983398
0 0.934570 0.984375 0.940430 0.986328 0.947266 0.981445 0.936523 0.980469
0 0.332031 0.899414 0.328125 0.902344 0.329102 0.909180 0.333984 0.904297
0 0.231445 0.606445 0.233398 0.610352 0.240234 0.612305 0.236328 0.606445
0 0.961914 0.617188 0.963867 0.625000 0.968750 0.626953 0.967773 0.619141 0.963867 0.616211
0 0.458008 0.141602 0.455078 0.144531 0.454102 0.153320 0.459961 0.150391 0.459961 0.143555
0 0.197266 0.575195 0.200195 0.581055 0.208008 0.583008 0.204102 0.575195
0 0.261719 0.329102 0.261719 0.332031 0.265625 0.333008 0.272461 0.331055 0.272461 0.328125 0.269531 0.327148
0 0.371094 0.963867 0.373047 0.966797 0.381836 0.965820 0.377930 0.961914
0 0.096680 0.824219 0.098633 0.830078 0.103516 0.832031 0.102539 0.826172
0 0.305664 0.540039 0.306641 0.544922 0.312500 0.548828 0.311523 0.542969
0 0.371094 0.939453 0.370117 0.943359 0.375977 0.950195 0.375977 0.943359
0 0.062500 0.640625 0.064453 0.649414 0.069336 0.652344 0.068359 0.643555
0 0.175781 0.612305 0.171875 0.614258 0.170898 0.621094 0.175781 0.618164
0 0.077148 0.798828 0.078125 0.801758 0.087891 0.802734 0.087891 0.799805 0.084961 0.797852
0 0.713867 0.802734 0.717773 0.806641 0.724609 0.805664 0.721680 0.801758
0 0.990234 0.555664 0.986328 0.557617 0.985352 0.562500 0.989258 0.561523
0 0.459961 0.569336 0.456055 0.575195 0.457031 0.579102 0.461914 0.575195
0 0.555664 0.393555 0.549805 0.394531 0.547852 0.398438 0.554688 0.397461
0 0.333008 0.114258 0.333008 0.123047 0.334961 0.125977 0.337891 0.125977 0.338867 0.120117
0 0.677734 0.407227 0.678711 0.409180 0.687500 0.408203 0.686523 0.405273 0.679688 0.405273
0 0.451172 0.554688 0.452148 0.559570 0.458008 0.563477 0.458008 0.557617
0 0.863281 0.510742 0.865234 0.514648 0.873047 0.514648 0.870117 0.510742
0 0.366211 0.979492 0.359375 0.983398 0.359375 0.988281 0.366211 0.983398
0 0.631836 0.557617 0.626953 0.557617 0.624023 0.565430 0.629883 0.563477
0 0.352539 0.806641 0.350586 0.815430 0.354492 0.819336 0.355469 0.808594
0 0.262695 0.610352 0.267578 0.614258 0.274414 0.613281 0.267578 0.608398
0 0.252930 0.128906 0.253906 0.131836 0.261719 0.131836 0.260742 0.127930
0 0.338867 0.691406 0.331055 0.693359 0.331055 0.696289 0.337891 0.695312
0 0.268555 0.709961 0.261719 0.710938 0.258789 0.715820 0.267578 0.713867
0 0.273438 0.857422 0.277344 0.863281 0.284180 0.864258 0.279297 0.857422
0 0.273438 0.339844 0.279297 0.340820 0.284180 0.337891 0.274414 0.336914
0 0.531250 0.900391 0.531250 0.903320 0.534180 0.904297 0.541992 0.903320 0.540039 0.900391
0 0.552734 0.727539 0.552734 0.733398 0.558594 0.737305 0.556641 0.729492
0 0.636719 0.171875 0.631836 0.174805 0.629883 0.181641 0.634766 0.180664
0 0.663086 0.195312 0.661133 0.203125 0.662109 0.206055 0.666016 0.206055 0.666992 0.200195 0.665039 0.195312
0 0.152344 0.486328 0.147461 0.487305 0.144531 0.492188 0.150391 0.491211
0 0.067383 0.056641 0.070312 0.059570 0.079102 0.057617 0.077148 0.054688
0 0.926758 0.290039 0.926758 0.291992 0.934570 0.291992 0.936523 0.288086
0 0.786133 0.737305 0.785156 0.743164 0.788086 0.746094 0.789062 0.738281
0 0.748047 0.378906 0.742188 0.381836 0.741211 0.388672 0.747070 0.385742
0 0.625000 0.158203 0.621094 0.161133 0.621094 0.169922 0.625977 0.166016 0.626953 0.160156
0 0.745117 0.014648 0.739258 0.015625 0.737305 0.021484 0.741211 0.021484
0 0.337891 0.597656 0.336914 0.602539 0.342773 0.606445 0.343750 0.602539
0 0.179688 0.441406 0.175781 0.440430 0.168945 0.444336 0.177734 0.445312
0 0.937500 0.850586 0.933594 0.852539 0.934570 0.860352
0 0.889648 0.146484 0.884766 0.151367 0.886719 0.158203 0.889648 0.153320
0 0.156250 0.307617 0.158203 0.315430 0.164062 0.318359 0.164062 0.311523
0 0.816406 0.357422 0.815430 0.362305 0.817383 0.367188 0.819336 0.367188 0.821289 0.360352
0 0.720703 0.977539 0.719727 0.981445 0.721680 0.984375 0.728516 0.987305 0.729492 0.985352 0.725586 0.979492
0 0.198242 0.079102 0.198242 0.085938 0.202148 0.087891 0.202148 0.082031
0 0.440430 0.617188 0.436523 0.621094 0.439453 0.630859 0.442383 0.623047
0 0.336914 0.376953 0.336914 0.383789 0.342773 0.388672 0.342773 0.380859 0.339844 0.376953
0 0.763672 0.675781 0.757812 0.678711 0.756836 0.686523 0.762695 0.683594