0 0.281250 0.252930 0.283203 0.257812 0.293945 0.259766 0.291016 0.253906 0.287109 0.251953
0 0.530273 0.642578 0.534180 0.647461 0.541016 0.647461 0.536133 0.641602
0 0.045898 0.814453 0.040039 0.818359 0.039062 0.823242 0.044922 0.822266
0 0.106445 0.728516 0.098633 0.730469 0.095703 0.736328 0.104492 0.734375
0 0.883789 0.471680 0.878906 0.470703 0.873047 0.476562 0.879883 0.476562
0 0.314453 0.716797 0.316406 0.719727 0.326172 0.717773 0.325195 0.714844 0.321289 0.713867
0 0.006836 0.570312 0.016602 0.571289 0.021484 0.566406 0.012695 0.565430 0.006836 0.568359
0 0.266602 0.618164 0.274414 0.625977 0.279297 0.624023 0.275391 0.619141
0 0.586914 0.628906 0.583008 0.629883 0.583984 0.641602 0.587891 0.637695
0 0.970703 0.982422 0.973633 0.990234 0.981445 0.992188 0.976562 0.983398
0 0.527344 0.580078 0.527344 0.585938 0.534180 0.589844 0.532227 0.583008
0 0.171875 0.821289 0.171875 0.823242 0.178711 0.824219 0.182617 0.822266 0.182617 0.819336 0.176758 0.818359
0 0.865234 0.364258 0.858398 0.363281 0.853516 0.366211 0.853516 0.369141 0.863281 0.368164
0 0.576172 0.772461 0.570312 0.772461 0.567383 0.776367 0.574219 0.776367
0 0.878906 0.851562 0.874023 0.854492 0.874023 0.861328 0.878906 0.857422
0 0.345703 0.695312 0.337891 0.697266 0.333984 0.703125 0.343750 0.701172 0.346680 0.697266
0 0.484375 0.692383 0.481445 0.695312 0.481445 0.702148 0.483398 0.704102 0.486328 0.700195
0 0.161133 0.988281 0.163086 0.993164 0.171875 0.992188 0.167969 0.988281
0 0.651367 0.533203 0.659180 0.536133 0.662109 0.535156 0.663086 0.530273 0.657227 0.529297
0 0.065430 0.682617 0.064453 0.689453 0.068359 0.692383 0.068359 0.683594
0 0.850586 0.802734 0.854492 0.807617 0.861328 0.806641 0.858398 0.802734
0 0.750000 0.442383 0.752930 0.450195 0.757812 0.452148 0.756836 0.446289
0 0.804688 0.540039 0.805664 0.544922 0.812500 0.547852 0.812500 0.543945
0 0.745117 0.238281 0.741211 0.244141 0.742188 0.248047 0.747070 0.244141
0 0.550781 0.086914 0.546875 0.088867 0.545898 0.097656 0.551758 0.092773
0 0.780273 0.270508 0.780273 0.277344 0.784180 0.279297 0.783203 0.271484