0 0.425781 0.258789 0.424805 0.266602 0.427734 0.269531 0.428711 0.258789
0 0.429688 0.135742 0.423828 0.135742 0.419922 0.140625 0.427734 0.139648
0 0.245117 0.247070 0.241211 0.249023 0.240234 0.255859 0.244141 0.253906
0 0.250000 0.441406 0.250000 0.449219 0.253906 0.453125 0.253906 0.443359
0 0.406250 0.099609 0.398438 0.100586 0.394531 0.106445 0.403320 0.105469
0 0.758789 0.274414 0.758789 0.280273 0.763672 0.286133 0.764648 0.278320 0.761719 0.274414
0 0.013672 0.896484 0.007812 0.899414 0.006836 0.905273 0.012695 0.902344
0 0.761719 0.290039 0.766602 0.294922 0.774414 0.294922 0.776367 0.292969 0.770508 0.289062
0 0.113281 0.679688 0.110352 0.683594 0.110352 0.690430 0.115234 0.688477 0.115234 0.681641
0 0.879883 0.816406 0.879883 0.825195 0.883789 0.828125 0.883789 0.817383
0 0.937500 0.253906 0.933594 0.255859 0.933594 0.263672 0.937500 0.260742
0 0.393555 0.724609 0.394531 0.732422 0.399414 0.734375 0.397461 0.726562
0 0.101562 0.455078 0.103516 0.461914 0.108398 0.463867 0.108398 0.458984
0 0.379883 0.471680 0.373047 0.473633 0.370117 0.478516 0.375977 0.478516
0 0.230469 0.842773 0.230469 0.847656 0.236328 0.852539 0.236328 0.845703
0 0.669922 0.335938 0.670898 0.338867 0.682617 0.336914 0.680664 0.333984 0.671875 0.333984
0 0.132812 0.246094 0.132812 0.249023 0.142578 0.249023 0.141602 0.245117
0 0.871094 0.831055 0.865234 0.833984 0.864258 0.839844 0.870117 0.837891
0 0.785156 0.357422 0.784180 0.366211 0.788086 0.367188 0.788086 0.358398
0 0.105469 0.011719 0.099609 0.012695 0.097656 0.018555 0.102539 0.017578
0 0.100586 0.472656 0.100586 0.480469 0.103516 0.484375 0.106445 0.484375 0.106445 0.478516
0 0.875000 0.133789 0.875000 0.138672 0.882812 0.142578 0.880859 0.134766
0 0.245117 0.586914 0.239258 0.588867 0.236328 0.596680 0.244141 0.593750
0 0.470703 0.250977 0.465820 0.250977 0.461914 0.256836 0.469727 0.254883
0 0.183594 0.789062 0.180664 0.794922 0.182617 0.801758 0.185547 0.801758 0.186523 0.792969
0 0.294922 0.701172 0.296875 0.706055 0.306641 0.706055 0.302734 0.702148
0 0.750000 0.406250 0.750977 0.413086 0.758789 0.416992 0.756836 0.409180
0 0.612305 0.537109 0.611328 0.541992 0.616211 0.545898 0.616211 0.540039
0 0.909180 0.968750 0.903320 0.971680 0.901367 0.979492 0.909180 0.974609
0 0.475586 0.398438 0.476562 0.401367 0.483398 0.402344 0.482422 0.399414
0 0.724609 0.083008 0.726562 0.086914 0.733398 0.084961 0.731445 0.082031
0 0.372070 0.026367 0.372070 0.030273 0.375977 0.034180 0.380859 0.035156 0.379883 0.029297
0 0.221680 0.376953 0.223633 0.381836 0.231445 0.382812 0.228516 0.377930
0 0.173828 0.662109 0.174805 0.665039 0.184570 0.663086 0.180664 0.661133
0 0.500000 0.165039 0.496094 0.165039 0.492188 0.171875 0.498047 0.169922
0 0.441406 0.145508 0.442383 0.151367 0.449219 0.154297 0.447266 0.147461
0 0.413086 0.056641 0.407227 0.063477 0.408203 0.067383 0.412109 0.065430
0 0.682617 0.300781 0.675781 0.301758 0.674805 0.305664 0.678711 0.305664
0 0.286133 0.638672 0.286133 0.648438 0.289062 0.651367 0.291016 0.649414 0.291016 0.642578
0 0.734375 0.801758 0.737305 0.804688 0.745117 0.804688 0.744141 0.800781
0 0.695312 0.393555 0.691406 0.395508 0.690430 0.403320 0.695312 0.399414
0 0.378906 0.340820 0.380859 0.348633 0.385742 0.351562 0.384766 0.343750
0 0.375000 0.009766 0.369141 0.008789 0.363281 0.014648 0.372070 0.014648 0.375000 0.012695
0 0.088867 0.245117 0.085938 0.245117 0.083984 0.248047 0.084961 0.256836 0.089844 0.251953
0 0.865234 0.029297 0.870117 0.029297 0.873047 0.026367 0.868164 0.025391
0 0.410156 0.023438 0.406250 0.025391 0.405273 0.030273 0.407227 0.034180 0.411133 0.027344
0 0.331055 0.818359 0.325195 0.817383 0.319336 0.824219 0.327148 0.824219
0 0.559570 0.916016 0.552734 0.916016 0.547852 0.921875 0.555664 0.921875 0.559570 0.918945
0 0.637695 0.621094 0.636719 0.629883 0.639648 0.629883 0.640625 0.623047
0 0.506836 0.575195 0.507812 0.581055 0.513672 0.584961 0.512695 0.577148
0 0.117188 0.532227 0.112305 0.535156 0.112305 0.541992 0.117188 0.538086
0 0.910156 0.342773 0.912109 0.346680 0.919922 0.345703 0.914062 0.341797
0 0.655273 0.697266 0.651367 0.701172 0.652344 0.709961 0.657227 0.706055
0 0.138672 0.016602 0.143555 0.020508 0.148438 0.019531 0.145508 0.015625
0 0.819336 0.874023 0.814453 0.875000 0.812500 0.877930 0.812500 0.884766 0.819336 0.877930
0 0.484375 0.766602 0.475586 0.767578 0.471680 0.771484 0.472656 0.774414 0.481445 0.772461
0 0.393555 0.370117 0.389648 0.372070 0.389648 0.381836 0.391602 0.382812 0.395508 0.374023
0 0.508789 0.099609 0.510742 0.107422 0.515625 0.109375 0.513672 0.100586
0 0.315430 0.967773 0.314453 0.975586 0.317383 0.978516 0.319336 0.969727
0 0.441406 0.422852 0.436523 0.422852 0.433594 0.429688 0.437500 0.428711
0 0.199219 0.966797 0.203125 0.970703 0.208008 0.970703 0.205078 0.966797
0 0.500977 0.553711 0.495117 0.555664 0.494141 0.561523 0.500000 0.557617
0 0.962891 0.531250 0.958008 0.533203 0.957031 0.542969 0.961914 0.539062
0 0.539062 0.961914 0.539062 0.966797 0.546875 0.970703 0.547852 0.968750 0.544922 0.963867
0 0.642578 0.899414 0.642578 0.906250 0.646484 0.910156 0.647461 0.902344
0 0.232422 0.775391 0.228516 0.776367 0.226562 0.784180 0.231445 0.782227