0 0.114258 0.243164 0.108398 0.243164 0.106445 0.249023 0.112305 0.247070
0 0.735352 0.687500 0.738281 0.692383 0.749023 0.692383 0.743164 0.686523
0 0.276367 0.310547 0.275391 0.316406 0.280273 0.322266 0.281250 0.315430
0 0.432617 0.212891 0.425781 0.215820 0.423828 0.223633 0.429688 0.221680
0 0.207031 0.915039 0.207031 0.919922 0.211914 0.923828 0.211914 0.917969 0.209961 0.915039
0 0.622070 0.607422 0.625000 0.611328 0.632812 0.610352 0.630859 0.607422
0 0.338867 0.209961 0.340820 0.213867 0.347656 0.211914 0.345703 0.208984
0 0.847656 0.005859 0.842773 0.007812 0.840820 0.015625 0.844727 0.014648 0.848633 0.009766
0 0.892578 0.961914 0.888672 0.963867 0.889648 0.973633 0.893555 0.965820
0 0.052734 0.857422 0.049805 0.857422 0.048828 0.860352 0.049805 0.867188 0.053711 0.862305
0 0.935547 0.180664 0.934570 0.185547 0.938477 0.193359 0.940430 0.191406 0.940430 0.184570
0 0.601562 0.907227 0.596680 0.911133 0.595703 0.916016 0.597656 0.919922 0.602539 0.913086
0 0.720703 0.397461 0.716797 0.399414 0.716797 0.407227 0.718750 0.409180 0.721680 0.403320
0 0.040039 0.075195 0.035156 0.078125 0.033203 0.084961 0.038086 0.083984
0 0.904297 0.623047 0.902344 0.629883 0.904297 0.634766 0.906250 0.634766 0.907227 0.626953
0 0.055664 0.123047 0.056641 0.128906 0.063477 0.132812 0.062500 0.125977
0 0.332031 0.983398 0.330078 0.985352 0.330078 0.992188 0.333008 0.995117 0.335938 0.986328
0 0.986328 0.871094 0.981445 0.873047 0.981445 0.881836 0.985352 0.878906
0 0.083008 0.395508 0.078125 0.398438 0.078125 0.408203 0.083008 0.404297
0 0.866211 0.381836 0.866211 0.384766 0.877930 0.385742 0.874023 0.380859
0 0.742188 0.491211 0.750000 0.493164 0.752930 0.489258 0.746094 0.488281
0 0.746094 0.895508 0.741211 0.895508 0.738281 0.901367 0.743164 0.900391
0 0.212891 0.972656 0.215820 0.975586 0.225586 0.973633 0.224609 0.970703 0.220703 0.969727
0 0.697266 0.211914 0.697266 0.217773 0.702148 0.221680 0.702148 0.214844
0 0.344727 0.907227 0.352539 0.908203 0.356445 0.904297 0.349609 0.903320
0 0.097656 0.292969 0.091797 0.297852 0.091797 0.303711 0.096680 0.302734
0 0.943359 0.674805 0.945312 0.679688 0.953125 0.682617 0.949219 0.674805
0 0.179688 0.477539 0.178711 0.485352 0.181641 0.488281 0.183594 0.480469 0.182617 0.477539
0 0.378906 0.860352 0.372070 0.863281 0.372070 0.871094 0.377930 0.867188
0 0.934570 0.063477 0.929688 0.066406 0.929688 0.075195 0.935547 0.068359
0 0.029297 0.396484 0.031250 0.400391 0.040039 0.400391 0.035156 0.395508
0 0.389648 0.822266 0.383789 0.822266 0.379883 0.829102 0.387695 0.827148
0 0.376953 0.258789 0.379883 0.265625 0.384766 0.265625 0.382812 0.260742
0 0.169922 0.809570 0.168945 0.818359 0.173828 0.822266 0.174805 0.816406
0 0.828125 0.259766 0.824219 0.263672 0.825195 0.270508 0.829102 0.266602
0 0.923828 0.853516 0.926758 0.857422 0.936523 0.855469 0.936523 0.853516 0.931641 0.851562
0 0.673828 0.356445 0.680664 0.357422 0.684570 0.354492 0.684570 0.351562 0.677734 0.351562
0 0.981445 0.122070 0.981445 0.127930 0.986328 0.131836 0.986328 0.125977
0 0.444336 0.616211 0.440430 0.615234 0.435547 0.619141 0.442383 0.620117
0 0.889648 0.326172 0.889648 0.334961 0.892578 0.336914 0.894531 0.331055 0.892578 0.326172
0 0.739258 0.578125 0.740234 0.582031 0.748047 0.583008 0.746094 0.579102
0 0.685547 0.976562 0.685547 0.983398 0.687500 0.987305 0.690430 0.987305 0.690430 0.980469
0 0.358398 0.352539 0.354492 0.354492 0.355469 0.364258 0.359375 0.356445
0 0.937500 0.011719 0.941406 0.015625 0.949219 0.014648 0.946289 0.010742
0 0.198242 0.482422 0.191406 0.483398 0.188477 0.490234 0.195312 0.488281
0 0.561523 0.708008 0.561523 0.710938 0.571289 0.709961 0.571289 0.707031
0 0.838867 0.592773 0.833984 0.593750 0.830078 0.599609 0.837891 0.597656
0 0.624023 0.589844 0.619141 0.591797 0.618164 0.600586 0.623047 0.597656
0 0.589844 0.794922 0.597656 0.795898 0.600586 0.791992 0.594727 0.791016