0 0.321289 0.072266 0.328125 0.073242 0.332031 0.069336 0.324219 0.068359
0 0.549805 0.549805 0.548828 0.556641 0.552734 0.563477 0.554688 0.553711 0.552734 0.549805
0 0.907227 0.602539 0.916016 0.603516 0.919922 0.599609 0.912109 0.597656
0 0.027344 0.921875 0.029297 0.925781 0.037109 0.925781 0.034180 0.921875
0 0.868164 0.278320 0.860352 0.278320 0.857422 0.283203 0.866211 0.282227
0 0.082031 0.304688 0.088867 0.308594 0.094727 0.307617 0.094727 0.303711 0.089844 0.301758 0.083008 0.302734
0 0.183594 0.589844 0.177734 0.591797 0.176758 0.598633 0.182617 0.595703
0 0.657227 0.778320 0.654297 0.778320 0.652344 0.781250 0.653320 0.790039 0.657227 0.787109
0 0.482422 0.647461 0.490234 0.648438 0.492188 0.644531 0.485352 0.644531
0 0.202148 0.966797 0.202148 0.970703 0.209961 0.975586 0.209961 0.970703 0.206055 0.966797
0 0.161133 0.889648 0.167969 0.890625 0.172852 0.885742 0.166016 0.884766
0 0.333984 0.569336 0.337891 0.576172 0.343750 0.577148 0.340820 0.571289
0 0.091797 0.453125 0.087891 0.454102 0.085938 0.462891 0.091797 0.458984
0 0.174805 0.668945 0.177734 0.671875 0.184570 0.670898 0.180664 0.667969
0 0.362305 0.864258 0.363281 0.868164 0.368164 0.872070 0.368164 0.866211
0 0.925781 0.465820 0.920898 0.465820 0.916992 0.469727 0.916992 0.473633 0.923828 0.471680
0 0.432617 0.339844 0.432617 0.346680 0.435547 0.350586 0.436523 0.341797
0 0.776367 0.393555 0.778320 0.396484 0.786133 0.396484 0.788086 0.394531 0.783203 0.391602
0 0.590820 0.703125 0.590820 0.708008 0.599609 0.711914 0.597656 0.706055
0 0.705078 0.228516 0.700195 0.229492 0.697266 0.235352 0.702148 0.235352
0 0.425781 0.125000 0.428711 0.128906 0.436523 0.128906 0.435547 0.125000
0 0.968750 0.833008 0.962891 0.833008 0.958984 0.838867 0.965820 0.837891
0 0.683594 0.080078 0.680664 0.081055 0.682617 0.091797 0.684570 0.088867
0 0.815430 0.514648 0.815430 0.520508 0.819336 0.522461 0.819336 0.516602
0 0.576172 0.455078 0.571289 0.455078 0.566406 0.461914 0.575195 0.460938
0 0.355469 0.086914 0.355469 0.088867 0.360352 0.090820 0.367188 0.089844 0.364258 0.085938 0.358398 0.084961
0 0.651367 0.070312 0.646484 0.072266 0.646484 0.079102 0.650391 0.077148
0 0.762695 0.718750 0.765625 0.721680 0.772461 0.719727 0.771484 0.717773
0 0.249023 0.221680 0.245117 0.224609 0.244141 0.232422 0.250000 0.227539 0.250977 0.223633
0 0.138672 0.166992 0.130859 0.168945 0.129883 0.173828 0.135742 0.172852
0 0.693359 0.983398 0.693359 0.989258 0.697266 0.993164 0.698242 0.986328
0 0.324219 0.607422 0.318359 0.611328 0.317383 0.617188 0.323242 0.615234
0 0.646484 0.735352 0.649414 0.739258 0.656250 0.738281 0.652344 0.734375
0 0.834961 0.095703 0.831055 0.096680 0.830078 0.104492 0.833984 0.101562
0 0.013672 0.230469 0.017578 0.237305 0.022461 0.236328 0.019531 0.231445
0 0.384766 0.069336 0.385742 0.076172 0.391602 0.079102 0.388672 0.070312
0 0.906250 0.866211 0.907227 0.869141 0.916016 0.868164 0.915039 0.864258
0 0.176758 0.059570 0.177734 0.062500 0.186523 0.062500 0.185547 0.058594
0 0.562500 0.797852 0.566406 0.802734 0.575195 0.802734 0.572266 0.797852
0 0.715820 0.385742 0.717773 0.389648 0.724609 0.390625 0.721680 0.385742
0 0.952148 0.155273 0.944336 0.156250 0.941406 0.159180 0.941406 0.163086 0.951172 0.160156
0 0.358398 0.359375 0.355469 0.357422 0.348633 0.358398 0.345703 0.362305 0.349609 0.364258
0 0.125977 0.387695 0.127930 0.391602 0.135742 0.391602 0.133789 0.387695
0 0.112305 0.114258 0.112305 0.124023 0.116211 0.125000 0.117188 0.118164 0.115234 0.114258
0 0.739258 0.868164 0.746094 0.870117 0.750000 0.866211 0.744141 0.865234
0 0.703125 0.827148 0.707031 0.831055 0.713867 0.831055 0.713867 0.828125 0.709961 0.826172
0 0.170898 0.142578 0.166016 0.144531 0.164062 0.153320 0.169922 0.150391
0 0.640625 0.360352 0.635742 0.362305 0.633789 0.371094 0.640625 0.367188
0 0.666016 0.840820 0.659180 0.840820 0.655273 0.846680 0.665039 0.844727
0 0.135742 0.948242 0.130859 0.951172 0.130859 0.960938 0.135742 0.956055
0 0.801758 0.950195 0.798828 0.950195 0.795898 0.956055 0.797852 0.962891 0.801758 0.958984
0 0.403320 0.266602 0.397461 0.267578 0.393555 0.272461 0.401367 0.271484
0 0.582031 0.222656 0.575195 0.224609 0.573242 0.229492 0.579102 0.228516
0 0.171875 0.841797 0.171875 0.845703 0.174805 0.848633 0.181641 0.849609 0.178711 0.843750
0 0.793945 0.883789 0.795898 0.887695 0.802734 0.888672 0.800781 0.884766
0 0.944336 0.691406 0.942383 0.699219 0.946289 0.701172 0.947266 0.692383
0 0.465820 0.298828 0.459961 0.300781 0.458008 0.308594 0.464844 0.304688
0 0.891602 0.277344 0.886719 0.282227 0.887695 0.288086 0.891602 0.283203
0 0.283203 0.185547 0.284180 0.189453 0.291992 0.190430 0.290039 0.186523