0 0.495117 0.045898 0.503906 0.044922 0.505859 0.041992 0.498047 0.041016 0.495117 0.042969
0 0.268555 0.726562 0.270508 0.731445 0.277344 0.733398 0.273438 0.726562
0 0.292969 0.043945 0.290039 0.043945 0.288086 0.046875 0.289062 0.055664 0.292969 0.052734
0 0.977539 0.041992 0.982422 0.045898 0.989258 0.044922 0.989258 0.042969 0.982422 0.040039
0 0.723633 0.623047 0.723633 0.625000 0.729492 0.627930 0.735352 0.625977 0.732422 0.622070
0 0.256836 0.930664 0.251953 0.929688 0.245117 0.938477 0.247070 0.939453 0.254883 0.935547
0 0.537109 0.720703 0.537109 0.727539 0.542969 0.730469 0.541016 0.723633
0 0.172852 0.652344 0.175781 0.656250 0.182617 0.655273 0.179688 0.652344
0 0.493164 0.963867 0.492188 0.969727 0.494141 0.974609 0.497070 0.975586 0.497070 0.965820
0 0.554688 0.283203 0.549805 0.285156 0.548828 0.291016 0.552734 0.290039
0 0.094727 0.305664 0.094727 0.313477 0.098633 0.315430 0.098633 0.308594
0 0.494141 0.380859 0.486328 0.382812 0.484375 0.387695 0.490234 0.387695
0 0.510742 0.641602 0.509766 0.647461 0.512695 0.652344 0.513672 0.644531
0 0.942383 0.855469 0.937500 0.856445 0.935547 0.864258 0.941406 0.860352
0 0.418945 0.083984 0.417969 0.091797 0.420898 0.093750 0.422852 0.086914 0.421875 0.083984
0 0.140625 0.833008 0.141602 0.839844 0.146484 0.841797 0.146484 0.836914
0 0.975586 0.126953 0.975586 0.132812 0.980469 0.135742 0.980469 0.130859
0 0.873047 0.202148 0.873047 0.209961 0.875977 0.213867 0.878906 0.213867 0.879883 0.208984
0 0.055664 0.386719 0.055664 0.390625 0.059570 0.394531 0.065430 0.395508 0.060547 0.386719
0 0.464844 0.963867 0.463867 0.970703 0.467773 0.976562 0.469727 0.966797 0.468750 0.963867
0 0.465820 0.080078 0.458984 0.083984 0.458008 0.091797 0.464844 0.088867
0 0.958984 0.618164 0.955078 0.617188 0.950195 0.621094 0.955078 0.622070
0 0.746094 0.719727 0.743164 0.719727 0.741211 0.722656 0.741211 0.730469 0.746094 0.726562
0 0.750000 0.157227 0.759766 0.158203 0.763672 0.155273 0.750977 0.153320
0 0.843750 0.836914 0.836914 0.836914 0.833984 0.842773 0.841797 0.840820
0 0.511719 0.704102 0.513672 0.708008 0.520508 0.708984 0.518555 0.705078
0 0.991211 0.132812 0.987305 0.134766 0.987305 0.143555 0.991211 0.140625
0 0.794922 0.734375 0.795898 0.740234 0.800781 0.742188 0.800781 0.736328
0 0.737305 0.638672 0.737305 0.646484 0.740234 0.649414 0.742188 0.642578 0.740234 0.638672
0 0.875977 0.489258 0.875977 0.496094 0.880859 0.499023 0.879883 0.491211
0 0.505859 0.666016 0.500000 0.668945 0.499023 0.674805 0.505859 0.670898
0 0.117188 0.383789 0.122070 0.387695 0.127930 0.387695 0.123047 0.382812
0 0.283203 0.028320 0.277344 0.029297 0.275391 0.035156 0.280273 0.034180
0 0.324219 0.266602 0.320312 0.267578 0.319336 0.273438 0.321289 0.276367 0.325195 0.270508
0 0.927734 0.175781 0.926758 0.181641 0.932617 0.186523 0.931641 0.177734
0 0.675781 0.531250 0.667969 0.531250 0.664062 0.538086 0.672852 0.536133
0 0.013672 0.742188 0.017578 0.747070 0.024414 0.747070 0.021484 0.742188
0 0.499023 0.726562 0.500000 0.732422 0.505859 0.735352 0.504883 0.728516
0 0.916992 0.962891 0.916992 0.965820 0.920898 0.967773 0.927734 0.966797 0.924805 0.962891
0 0.887695 0.273438 0.882812 0.276367 0.881836 0.283203 0.886719 0.281250
0 0.215820 0.581055 0.209961 0.583984 0.208984 0.588867 0.215820 0.584961
0 0.986328 0.784180 0.985352 0.791992 0.988281 0.793945 0.990234 0.785156
0 0.623047 0.855469 0.626953 0.859375 0.634766 0.856445 0.628906 0.853516
0 0.109375 0.628906 0.105469 0.630859 0.103516 0.636719 0.105469 0.638672 0.109375 0.635742
0 0.287109 0.366211 0.289062 0.371094 0.295898 0.374023 0.294922 0.368164
0 0.860352 0.093750 0.859375 0.101562 0.863281 0.104492 0.864258 0.096680
0 0.646484 0.736328 0.642578 0.740234 0.644531 0.749023 0.648438 0.744141
0 0.893555 0.388672 0.895508 0.391602 0.903320 0.390625 0.902344 0.387695 0.898438 0.386719
0 0.580078 0.360352 0.575195 0.361328 0.572266 0.365234 0.579102 0.364258
0 0.656250 0.878906 0.654297 0.886719 0.658203 0.889648 0.660156 0.884766 0.658203 0.878906
0 0.188477 0.959961 0.182617 0.965820 0.184570 0.971680 0.187500 0.968750
0 0.092773 0.465820 0.087891 0.468750 0.086914 0.475586 0.092773 0.470703
0 0.476562 0.574219 0.477539 0.582031 0.483398 0.585938 0.483398 0.578125
0 0.293945 0.948242 0.298828 0.949219 0.303711 0.944336 0.297852 0.943359 0.293945 0.945312