0 0.435547 0.041016 0.440430 0.046875 0.446289 0.045898 0.442383 0.041016
0 0.105469 0.865234 0.105469 0.869141 0.111328 0.872070 0.110352 0.867188
0 0.374023 0.947266 0.368164 0.948242 0.365234 0.954102 0.370117 0.954102
0 0.944336 0.947266 0.945312 0.954102 0.950195 0.957031 0.951172 0.952148 0.949219 0.948242
0 0.376953 0.984375 0.371094 0.986328 0.367188 0.991211 0.373047 0.992188
0 0.361328 0.476562 0.362305 0.485352 0.366211 0.488281 0.366211 0.479492
0 0.250000 0.594727 0.251953 0.597656 0.261719 0.597656 0.260742 0.593750 0.254883 0.592773
0 0.698242 0.845703 0.707031 0.848633 0.713867 0.844727 0.704102 0.842773
0 0.941406 0.807617 0.940430 0.811523 0.946289 0.817383 0.946289 0.808594
0 0.724609 0.732422 0.719727 0.732422 0.715820 0.737305 0.715820 0.741211 0.721680 0.739258
0 0.918945 0.497070 0.921875 0.500000 0.928711 0.500000 0.924805 0.496094
0 0.151367 0.802734 0.153320 0.805664 0.164062 0.803711 0.160156 0.799805 0.155273 0.799805
0 0.941406 0.217773 0.946289 0.221680 0.951172 0.220703 0.949219 0.216797
0 0.526367 0.919922 0.530273 0.924805 0.535156 0.924805 0.533203 0.919922
0 0.564453 0.586914 0.565430 0.591797 0.570312 0.594727 0.570312 0.589844
0 0.290039 0.949219 0.287109 0.949219 0.282227 0.954102 0.282227 0.958984 0.288086 0.957031
0 0.874023 0.247070 0.871094 0.247070 0.869141 0.250000 0.869141 0.257812 0.875000 0.251953
0 0.081055 0.300781 0.080078 0.309570 0.083008 0.311523 0.084961 0.301758
0 0.431641 0.244141 0.425781 0.247070 0.423828 0.253906 0.430664 0.250000
0 0.588867 0.828125 0.585938 0.830078 0.587891 0.838867 0.589844 0.833984
0 0.359375 0.861328 0.353516 0.864258 0.352539 0.870117 0.358398 0.868164
0 0.840820 0.052734 0.843750 0.055664 0.851562 0.054688 0.848633 0.050781
0 0.595703 0.934570 0.597656 0.940430 0.602539 0.942383 0.602539 0.937500
0 0.865234 0.315430 0.858398 0.317383 0.855469 0.325195 0.862305 0.322266
0 0.317383 0.301758 0.324219 0.302734 0.328125 0.297852 0.321289 0.297852
0 0.769531 0.650391 0.765625 0.651367 0.766602 0.661133 0.769531 0.658203
0 0.594727 0.626953 0.590820 0.627930 0.588867 0.634766 0.593750 0.631836
0 0.833008 0.083984 0.825195 0.085938 0.823242 0.091797 0.830078 0.090820
0 0.973633 0.302734 0.969727 0.304688 0.969727 0.313477 0.974609 0.308594
0 0.381836 0.249023 0.385742 0.252930 0.393555 0.251953 0.393555 0.249023 0.390625 0.248047
0 0.420898 0.313477 0.420898 0.315430 0.426758 0.318359 0.435547 0.317383 0.436523 0.315430 0.432617 0.312500
0 0.441406 0.789062 0.442383 0.795898 0.447266 0.797852 0.447266 0.792969
0 0.659180 0.928711 0.655273 0.929688 0.653320 0.936523 0.659180 0.932617
0 0.649414 0.369141 0.652344 0.372070 0.661133 0.372070 0.659180 0.368164