0 0.903320 0.828125 0.898438 0.828125 0.894531 0.835938 0.901367 0.833984
0 0.301758 0.954102 0.295898 0.955078 0.292969 0.962891 0.297852 0.961914
0 0.335938 0.041992 0.336914 0.045898 0.344727 0.046875 0.342773 0.042969
0 0.409180 0.039062 0.404297 0.041016 0.403320 0.050781 0.408203 0.047852
0 0.503906 0.807617 0.506836 0.811523 0.513672 0.811523 0.509766 0.806641
0 0.688477 0.916992 0.680664 0.917969 0.677734 0.923828 0.682617 0.924805 0.687500 0.920898
0 0.932617 0.214844 0.932617 0.216797 0.943359 0.218750 0.943359 0.215820 0.940430 0.213867
0 0.972656 0.515625 0.974609 0.521484 0.983398 0.522461 0.978516 0.516602
0 0.181641 0.291992 0.179688 0.295898 0.183594 0.302734 0.184570 0.293945
0 0.407227 0.608398 0.401367 0.611328 0.400391 0.618164 0.406250 0.615234
0 0.081055 0.925781 0.084961 0.930664 0.091797 0.929688 0.087891 0.925781
0 0.296875 0.576172 0.290039 0.579102 0.288086 0.584961 0.293945 0.583984
0 0.521484 0.983398 0.517578 0.987305 0.517578 0.993164 0.522461 0.988281
0 0.041016 0.216797 0.045898 0.221680 0.051758 0.221680 0.051758 0.218750 0.048828 0.216797
0 0.059570 0.027344 0.058594 0.036133 0.062500 0.039062 0.064453 0.032227
0 0.251953 0.214844 0.247070 0.215820 0.244141 0.222656 0.249023 0.221680
0 0.502930 0.096680 0.497070 0.099609 0.496094 0.107422 0.501953 0.103516
0 0.199219 0.512695 0.198242 0.516602 0.205078 0.521484 0.204102 0.515625
0 0.747070 0.041016 0.749023 0.043945 0.755859 0.042969 0.754883 0.040039
0 0.881836 0.738281 0.880859 0.743164 0.883789 0.750000 0.885742 0.750000 0.886719 0.742188 0.884766 0.738281
0 0.843750 0.579102 0.850586 0.580078 0.853516 0.576172 0.846680 0.575195
0 0.337891 0.294922 0.341797 0.298828 0.348633 0.298828 0.341797 0.292969
0 0.457031 0.171875 0.458008 0.177734 0.463867 0.181641 0.463867 0.175781
0 0.286133 0.705078 0.280273 0.704102 0.276367 0.706055 0.276367 0.708984 0.281250 0.709961
0 0.038086 0.655273 0.032227 0.657227 0.029297 0.666016 0.032227 0.666016 0.037109 0.661133
0 0.698242 0.580078 0.699219 0.585938 0.703125 0.588867 0.702148 0.581055
0 0.833984 0.499023 0.832031 0.503906 0.836914 0.510742 0.837891 0.504883
0 0.515625 0.479492 0.517578 0.485352 0.524414 0.487305 0.519531 0.479492
0 0.510742 0.897461 0.510742 0.903320 0.517578 0.906250 0.515625 0.898438
0 0.276367 0.500977 0.272461 0.501953 0.270508 0.509766 0.277344 0.505859
0 0.511719 0.024414 0.508789 0.024414 0.506836 0.027344 0.506836 0.035156 0.511719 0.031250
0 0.100586 0.357422 0.102539 0.363281 0.109375 0.364258 0.106445 0.358398
0 0.175781 0.653320 0.174805 0.659180 0.179688 0.665039 0.180664 0.657227
0 0.762695 0.883789 0.761719 0.887695 0.763672 0.892578 0.765625 0.892578 0.766602 0.886719
0 0.500000 0.777344 0.495117 0.779297 0.494141 0.788086 0.500000 0.784180
0 0.934570 0.873047 0.933594 0.877930 0.935547 0.881836 0.940430 0.885742 0.942383 0.884766 0.940430 0.875977
0 0.562500 0.833984 0.558594 0.835938 0.557617 0.843750 0.561523 0.840820
0 0.085938 0.250000 0.080078 0.250977 0.075195 0.259766 0.083984 0.256836
0 0.055664 0.512695 0.060547 0.517578 0.064453 0.516602 0.060547 0.512695
0 0.161133 0.362305 0.156250 0.362305 0.154297 0.368164 0.158203 0.367188
0 0.774414 0.135742 0.781250 0.136719 0.783203 0.132812 0.776367 0.132812
0 0.181641 0.968750 0.185547 0.975586 0.190430 0.975586 0.189453 0.970703
0 0.526367 0.653320 0.528320 0.656250 0.538086 0.654297 0.537109 0.651367
0 0.281250 0.384766 0.274414 0.386719 0.270508 0.392578 0.271484 0.394531 0.277344 0.393555 0.280273 0.390625
0 0.110352 0.912109 0.105469 0.914062 0.104492 0.921875 0.109375 0.918945
0 0.976562 0.958008 0.973633 0.958984 0.973633 0.966797 0.976562 0.964844
0 0.327148 0.752930 0.331055 0.758789 0.336914 0.758789 0.334961 0.753906
0 0.851562 0.007812 0.851562 0.011719 0.854492 0.012695 0.863281 0.010742 0.861328 0.007812
0 0.611328 0.168945 0.611328 0.175781 0.615234 0.179688 0.616211 0.172852 0.614258 0.168945
0 0.034180 0.114258 0.039062 0.118164 0.043945 0.117188 0.041992 0.113281
0 0.150391 0.953125 0.152344 0.956055 0.159180 0.956055 0.157227 0.953125
0 0.742188 0.686523 0.739258 0.690430 0.740234 0.699219 0.744141 0.696289
0 0.383789 0.717773 0.382812 0.722656 0.385742 0.728516 0.387695 0.720703
0 0.205078 0.944336 0.201172 0.946289 0.201172 0.955078 0.205078 0.952148
0 0.605469 0.760742 0.597656 0.764648 0.598633 0.769531 0.604492 0.765625
0 0.349609 0.392578 0.348633 0.397461 0.351562 0.403320 0.354492 0.398438 0.352539 0.393555
0 0.063477 0.641602 0.057617 0.643555 0.054688 0.652344 0.062500 0.647461
0 0.970703 0.184570 0.965820 0.186523 0.963867 0.193359 0.970703 0.189453
0 0.589844 0.169922 0.586914 0.171875 0.587891 0.178711 0.590820 0.175781
0 0.433594 0.888672 0.436523 0.893555 0.444336 0.894531 0.442383 0.889648 0.438477 0.887695
0 0.417969 0.400391 0.422852 0.405273 0.427734 0.403320 0.424805 0.399414