0 0.413086 0.023438 0.419922 0.023438 0.422852 0.019531 0.416992 0.019531
0 0.465820 0.610352 0.461914 0.612305 0.461914 0.619141 0.465820 0.616211
0 0.266602 0.046875 0.268555 0.051758 0.277344 0.053711 0.275391 0.048828
0 0.296875 0.876953 0.298828 0.886719 0.303711 0.888672 0.304688 0.884766 0.301758 0.878906
0 0.579102 0.314453 0.573242 0.316406 0.571289 0.321289 0.576172 0.321289
0 0.105469 0.605469 0.098633 0.606445 0.094727 0.614258 0.102539 0.611328
0 0.180664 0.684570 0.173828 0.684570 0.169922 0.689453 0.177734 0.689453 0.180664 0.687500
0 0.995117 0.880859 0.989258 0.881836 0.986328 0.888672 0.993164 0.886719
0 0.785156 0.155273 0.787109 0.159180 0.796875 0.158203 0.793945 0.154297
0 0.148438 0.006836 0.144531 0.007812 0.143555 0.015625 0.147461 0.012695
0 0.354492 0.685547 0.348633 0.686523 0.346680 0.692383 0.351562 0.691406
0 0.233398 0.194336 0.233398 0.199219 0.237305 0.203125 0.238281 0.199219
0 0.169922 0.960938 0.164062 0.961914 0.159180 0.970703 0.167969 0.967773
0 0.420898 0.858398 0.419922 0.865234 0.425781 0.872070 0.425781 0.861328 0.423828 0.858398
0 0.687500 0.688477 0.682617 0.690430 0.680664 0.697266 0.686523 0.694336
0 0.574219 0.371094 0.569336 0.370117 0.565430 0.372070 0.561523 0.377930 0.571289 0.376953
0 0.738281 0.594727 0.740234 0.597656 0.748047 0.596680 0.747070 0.593750
0 0.011719 0.979492 0.013672 0.987305 0.019531 0.989258 0.019531 0.983398
0 0.022461 0.186523 0.014648 0.188477 0.010742 0.195312 0.019531 0.193359
0 0.462891 0.502930 0.458984 0.506836 0.459961 0.512695 0.463867 0.509766
0 0.075195 0.568359 0.072266 0.568359 0.070312 0.571289 0.070312 0.579102 0.075195 0.574219
0 0.436523 0.350586 0.438477 0.354492 0.447266 0.353516 0.446289 0.350586
0 0.897461 0.153320 0.899414 0.157227 0.906250 0.158203 0.905273 0.155273
0 0.039062 0.234375 0.033203 0.235352 0.031250 0.240234 0.036133 0.240234
0 0.827148 0.235352 0.831055 0.241211 0.836914 0.242188 0.833984 0.236328
0 0.288086 0.391602 0.287109 0.398438 0.290039 0.399414 0.291016 0.391602
0 0.641602 0.759766 0.633789 0.760742 0.628906 0.767578 0.637695 0.766602
0 0.444336 0.332031 0.438477 0.333008 0.436523 0.337891 0.441406 0.336914
0 0.556641 0.806641 0.559570 0.810547 0.564453 0.810547 0.568359 0.807617 0.562500 0.804688
0 0.601562 0.202148 0.598633 0.207031 0.600586 0.212891 0.603516 0.209961
0 0.467773 0.727539 0.460938 0.729492 0.458008 0.734375 0.461914 0.735352 0.466797 0.732422
0 0.141602 0.284180 0.141602 0.291992 0.147461 0.294922 0.146484 0.287109
0 0.269531 0.205078 0.269531 0.211914 0.273438 0.214844 0.273438 0.208984
0 0.274414 0.263672 0.277344 0.270508 0.284180 0.271484 0.280273 0.264648
0 0.128906 0.358398 0.125977 0.362305 0.127930 0.369141 0.130859 0.364258
0 0.411133 0.866211 0.409180 0.865234 0.404297 0.869141 0.402344 0.873047 0.404297 0.875977 0.408203 0.874023
0 0.131836 0.541016 0.132812 0.545898 0.139648 0.548828 0.139648 0.544922
0 0.506836 0.303711 0.504883 0.312500 0.508789 0.317383 0.510742 0.316406 0.510742 0.307617
0 0.145508 0.199219 0.144531 0.206055 0.149414 0.209961 0.150391 0.204102
0 0.542969 0.335938 0.539062 0.336914 0.538086 0.339844 0.539062 0.348633 0.542969 0.344727
0 0.050781 0.541016 0.045898 0.542969 0.043945 0.549805 0.050781 0.545898