0 0.388672 0.459961 0.390625 0.461914 0.398438 0.461914 0.394531 0.458008
0 0.226562 0.042969 0.228516 0.047852 0.232422 0.049805 0.237305 0.048828 0.233398 0.043945
0 0.487305 0.610352 0.480469 0.611328 0.476562 0.619141 0.482422 0.618164
0 0.295898 0.678711 0.294922 0.683594 0.300781 0.689453 0.300781 0.682617
0 0.916992 0.704102 0.920898 0.709961 0.929688 0.709961 0.924805 0.704102
0 0.338867 0.756836 0.339844 0.763672 0.343750 0.766602 0.344727 0.760742 0.341797 0.756836
0 0.169922 0.782227 0.172852 0.786133 0.180664 0.785156 0.179688 0.781250
0 0.185547 0.694336 0.180664 0.698242 0.179688 0.705078 0.184570 0.703125 0.186523 0.699219
0 0.191406 0.778320 0.194336 0.783203 0.204102 0.783203 0.200195 0.778320
0 0.849609 0.343750 0.855469 0.346680 0.861328 0.344727 0.857422 0.341797
0 0.432617 0.770508 0.426758 0.771484 0.423828 0.778320 0.430664 0.776367
0 0.162109 0.811523 0.164062 0.814453 0.171875 0.814453 0.168945 0.810547
0 0.375000 0.087891 0.374023 0.095703 0.376953 0.099609 0.378906 0.088867
0 0.071289 0.724609 0.062500 0.725586 0.060547 0.730469 0.067383 0.729492
0 0.613281 0.128906 0.615234 0.137695 0.619141 0.139648 0.619141 0.132812
0 0.087891 0.090820 0.083984 0.095703 0.086914 0.105469 0.089844 0.099609
0 0.384766 0.845703 0.379883 0.847656 0.378906 0.853516 0.384766 0.849609
0 0.565430 0.707031 0.564453 0.714844 0.566406 0.718750 0.569336 0.718750 0.570312 0.711914
0 0.771484 0.044922 0.773438 0.053711 0.777344 0.055664 0.777344 0.048828
0 0.104492 0.870117 0.107422 0.874023 0.114258 0.874023 0.110352 0.869141
0 0.558594 0.421875 0.563477 0.427734 0.571289 0.427734 0.568359 0.421875
0 0.811523 0.596680 0.807617 0.596680 0.802734 0.603516 0.809570 0.602539
0 0.427734 0.850586 0.423828 0.852539 0.423828 0.860352 0.427734 0.857422
0 0.773438 0.191406 0.769531 0.195312 0.771484 0.201172 0.774414 0.196289
0 0.986328 0.690430 0.986328 0.699219 0.989258 0.700195 0.991211 0.693359 0.990234 0.690430
0 0.527344 0.921875 0.521484 0.922852 0.515625 0.932617 0.523438 0.930664
0 0.064453 0.236328 0.068359 0.240234 0.075195 0.239258 0.070312 0.235352
0 0.544922 0.135742 0.543945 0.143555 0.549805 0.149414 0.549805 0.140625
0 0.589844 0.481445 0.591797 0.484375 0.600586 0.483398 0.600586 0.479492
0 0.131836 0.447266 0.131836 0.456055 0.134766 0.459961 0.140625 0.460938 0.139648 0.454102
0 0.833008 0.327148 0.833008 0.333008 0.836914 0.336914 0.837891 0.331055
0 0.338867 0.816406 0.340820 0.821289 0.349609 0.822266 0.347656 0.818359
0 0.805664 0.562500 0.806641 0.564453 0.811523 0.564453 0.813477 0.560547
0 0.474609 0.522461 0.476562 0.525391 0.485352 0.523438 0.483398 0.520508
0 0.416016 0.164062 0.413086 0.163086 0.409180 0.166016 0.406250 0.172852 0.412109 0.171875
0 0.040039 0.892578 0.035156 0.895508 0.034180 0.901367 0.040039 0.898438
0 0.872070 0.299805 0.873047 0.305664 0.878906 0.307617 0.877930 0.301758
0 0.448242 0.771484 0.451172 0.777344 0.457031 0.778320 0.454102 0.772461
0 0.575195 0.185547 0.579102 0.189453 0.585938 0.188477 0.585938 0.185547 0.581055 0.183594
0 0.886719 0.899414 0.885742 0.906250 0.891602 0.911133 0.891602 0.903320
0 0.230469 0.135742 0.226562 0.139648 0.227539 0.146484 0.231445 0.141602
0 0.828125 0.290039 0.830078 0.294922 0.836914 0.295898 0.835938 0.291992
0 0.917969 0.599609 0.917969 0.604492 0.926758 0.610352 0.925781 0.603516
0 0.723633 0.190430 0.724609 0.198242 0.729492 0.200195 0.728516 0.193359
0 0.666016 0.328125 0.662109 0.331055 0.662109 0.339844 0.664062 0.339844 0.666992 0.333984
0 0.233398 0.318359 0.227539 0.320312 0.225586 0.330078 0.231445 0.326172
0 0.603516 0.470703 0.602539 0.475586 0.606445 0.480469 0.607422 0.473633
0 0.390625 0.910156 0.387695 0.910156 0.386719 0.913086 0.387695 0.919922 0.391602 0.913086
0 0.567383 0.219727 0.562500 0.224609 0.562500 0.231445 0.565430 0.231445 0.568359 0.227539
0 0.572266 0.397461 0.566406 0.399414 0.563477 0.404297 0.569336 0.404297
0 0.125977 0.130859 0.125977 0.140625 0.128906 0.142578 0.130859 0.141602 0.130859 0.133789 0.128906 0.130859