0 0.890625 0.747070 0.888672 0.745117 0.884766 0.746094 0.881836 0.751953 0.888672 0.750000
0 0.799805 0.653320 0.794922 0.655273 0.793945 0.661133 0.797852 0.660156
0 0.747070 0.567383 0.755859 0.567383 0.759766 0.562500 0.750977 0.562500
0 0.985352 0.265625 0.987305 0.271484 0.992188 0.273438 0.992188 0.268555
0 0.957031 0.969727 0.952148 0.972656 0.951172 0.981445 0.957031 0.977539
0 0.038086 0.458008 0.040039 0.467773 0.043945 0.468750 0.043945 0.461914 0.041016 0.458008
0 0.726562 0.861328 0.726562 0.868164 0.732422 0.872070 0.731445 0.864258
0 0.512695 0.503906 0.514648 0.505859 0.522461 0.502930 0.522461 0.500000 0.515625 0.500000
0 0.198242 0.127930 0.193359 0.132812 0.193359 0.139648 0.196289 0.139648 0.199219 0.135742
0 0.202148 0.161133 0.201172 0.167969 0.205078 0.173828 0.207031 0.165039
0 0.221680 0.931641 0.223633 0.937500 0.229492 0.940430 0.229492 0.935547
0 0.016602 0.458984 0.016602 0.464844 0.021484 0.469727 0.022461 0.463867
0 0.366211 0.127930 0.363281 0.127930 0.361328 0.131836 0.363281 0.140625 0.367188 0.133789
0 0.158203 0.602539 0.159180 0.608398 0.167969 0.611328 0.163086 0.603516
0 0.640625 0.449219 0.634766 0.452148 0.632812 0.459961 0.635742 0.459961 0.640625 0.455078
0 0.146484 0.930664 0.145508 0.932617 0.150391 0.938477 0.156250 0.939453 0.152344 0.931641
0 0.579102 0.770508 0.573242 0.771484 0.571289 0.776367 0.579102 0.775391
0 0.395508 0.615234 0.387695 0.618164 0.386719 0.624023 0.392578 0.623047
0 0.584961 0.203125 0.579102 0.206055 0.578125 0.211914 0.583984 0.208984
0 0.881836 0.456055 0.881836 0.460938 0.887695 0.465820 0.886719 0.458984
0 0.396484 0.825195 0.397461 0.827148 0.405273 0.827148 0.403320 0.824219
0 0.071289 0.170898 0.074219 0.176758 0.078125 0.177734 0.081055 0.175781 0.079102 0.171875
0 0.372070 0.028320 0.374023 0.034180 0.381836 0.036133 0.376953 0.028320
0 0.571289 0.291016 0.570312 0.297852 0.574219 0.302734 0.576172 0.297852 0.574219 0.291992
0 0.856445 0.345703 0.851562 0.350586 0.852539 0.354492 0.856445 0.351562
0 0.395508 0.909180 0.395508 0.916992 0.402344 0.920898 0.400391 0.912109
0 0.881836 0.366211 0.876953 0.364258 0.871094 0.366211 0.871094 0.368164 0.876953 0.370117 0.881836 0.368164
0 0.025391 0.713867 0.024414 0.718750 0.028320 0.722656 0.029297 0.718750 0.027344 0.713867
0 0.844727 0.168945 0.843750 0.174805 0.846680 0.179688 0.848633 0.171875
0 0.244141 0.684570 0.239258 0.687500 0.238281 0.693359 0.245117 0.689453
0 0.960938 0.443359 0.959961 0.453125 0.963867 0.456055 0.964844 0.447266
0 0.900391 0.865234 0.899414 0.875000 0.903320 0.875977 0.904297 0.868164
0 0.831055 0.554688 0.834961 0.561523 0.839844 0.561523 0.836914 0.555664
0 0.396484 0.236328 0.395508 0.246094 0.400391 0.248047 0.401367 0.241211 0.399414 0.236328
0 0.634766 0.123047 0.633789 0.125977 0.636719 0.131836 0.641602 0.133789 0.639648 0.124023
0 0.727539 0.328125 0.729492 0.333984 0.738281 0.334961 0.736328 0.330078
0 0.314453 0.669922 0.312500 0.671875 0.312500 0.678711 0.316406 0.682617 0.317383 0.671875
0 0.071289 0.763672 0.063477 0.764648 0.061523 0.769531 0.069336 0.768555
0 0.106445 0.408203 0.114258 0.409180 0.117188 0.405273 0.110352 0.404297
0 0.297852 0.329102 0.291016 0.330078 0.288086 0.333984 0.292969 0.334961
0 0.186523 0.061523 0.180664 0.063477 0.178711 0.067383 0.185547 0.066406
0 0.404297 0.736328 0.405273 0.741211 0.412109 0.745117 0.411133 0.739258 0.408203 0.736328
0 0.588867 0.127930 0.589844 0.131836 0.599609 0.130859 0.596680 0.126953
0 0.584961 0.273438 0.583984 0.279297 0.586914 0.283203 0.588867 0.275391
0 0.329102 0.500977 0.325195 0.503906 0.326172 0.511719 0.329102 0.509766
0 0.009766 0.911133 0.005859 0.914062 0.008789 0.922852 0.011719 0.916992
0 0.835938 0.415039 0.830078 0.421875 0.831055 0.426758 0.836914 0.420898