0 0.769531 0.017578 0.774414 0.022461 0.782227 0.022461 0.776367 0.016602
0 0.384766 0.854492 0.385742 0.857422 0.392578 0.858398 0.396484 0.856445 0.393555 0.852539
0 0.972656 0.988281 0.975586 0.993164 0.980469 0.993164 0.978516 0.989258
0 0.338867 0.146484 0.338867 0.148438 0.347656 0.150391 0.353516 0.148438 0.354492 0.144531 0.344727 0.143555
0 0.164062 0.953125 0.160156 0.956055 0.161133 0.963867 0.165039 0.959961
0 0.702148 0.059570 0.702148 0.064453 0.708008 0.069336 0.707031 0.061523
0 0.572266 0.169922 0.572266 0.178711 0.576172 0.179688 0.576172 0.171875
0 0.484375 0.158203 0.483398 0.166016 0.486328 0.168945 0.488281 0.161133
0 0.579102 0.361328 0.578125 0.367188 0.583008 0.372070 0.583008 0.365234
0 0.137695 0.808594 0.135742 0.814453 0.137695 0.819336 0.139648 0.819336 0.140625 0.811523
0 0.306641 0.370117 0.306641 0.375977 0.312500 0.380859 0.311523 0.372070
0 0.769531 0.430664 0.770508 0.434570 0.779297 0.435547 0.777344 0.432617
0 0.731445 0.960938 0.724609 0.961914 0.722656 0.965820 0.729492 0.965820
0 0.540039 0.337891 0.542969 0.341797 0.549805 0.340820 0.547852 0.336914
0 0.690430 0.669922 0.692383 0.677734 0.697266 0.680664 0.699219 0.678711 0.697266 0.672852
0 0.306641 0.007812 0.306641 0.010742 0.310547 0.012695 0.317383 0.011719 0.317383 0.008789 0.313477 0.006836
0 0.114258 0.583008 0.114258 0.587891 0.121094 0.590820 0.121094 0.586914
0 0.881836 0.339844 0.878906 0.337891 0.873047 0.338867 0.868164 0.342773 0.873047 0.344727 0.879883 0.343750
0 0.163086 0.430664 0.166992 0.438477 0.173828 0.439453 0.168945 0.431641
0 0.931641 0.735352 0.922852 0.736328 0.920898 0.740234 0.926758 0.741211
0 0.408203 0.084961 0.402344 0.086914 0.400391 0.094727 0.407227 0.090820
0 0.253906 0.765625 0.252930 0.772461 0.257812 0.778320 0.258789 0.769531 0.256836 0.765625
0 0.918945 0.432617 0.917969 0.437500 0.921875 0.440430 0.921875 0.433594
0 0.260742 0.737305 0.256836 0.739258 0.255859 0.747070 0.258789 0.747070 0.260742 0.744141
0 0.960938 0.525391 0.959961 0.532227 0.963867 0.535156 0.963867 0.527344
0 0.155273 0.210938 0.161133 0.212891 0.166016 0.208984 0.158203 0.208008
0 0.632812 0.114258 0.632812 0.118164 0.636719 0.120117 0.645508 0.119141 0.640625 0.114258
0 0.452148 0.622070 0.452148 0.631836 0.456055 0.632812 0.456055 0.624023
0 0.376953 0.379883 0.370117 0.379883 0.366211 0.381836 0.366211 0.384766 0.375000 0.384766
0 0.914062 0.981445 0.915039 0.986328 0.923828 0.988281 0.920898 0.982422
0 0.489258 0.773438 0.489258 0.776367 0.493164 0.779297 0.499023 0.780273 0.496094 0.774414
0 0.983398 0.833984 0.984375 0.838867 0.988281 0.842773 0.992188 0.842773 0.991211 0.836914
0 0.580078 0.553711 0.581055 0.559570 0.586914 0.562500 0.587891 0.558594 0.585938 0.555664
0 0.241211 0.316406 0.234375 0.317383 0.231445 0.321289 0.239258 0.321289
0 0.626953 0.747070 0.626953 0.753906 0.630859 0.758789 0.631836 0.750000 0.629883 0.747070
0 0.826172 0.561523 0.821289 0.562500 0.817383 0.570312 0.824219 0.568359
0 0.630859 0.782227 0.628906 0.789062 0.633789 0.794922 0.634766 0.787109
0 0.141602 0.696289 0.136719 0.697266 0.133789 0.704102 0.137695 0.704102
0 0.597656 0.916992 0.590820 0.917969 0.586914 0.923828 0.592773 0.923828 0.597656 0.919922
0 0.347656 0.665039 0.347656 0.673828 0.350586 0.676758 0.352539 0.668945
0 0.725586 0.439453 0.721680 0.442383 0.721680 0.449219 0.726562 0.445312