0 0.161133 0.253906 0.161133 0.258789 0.166992 0.261719 0.165039 0.255859
0 0.388672 0.343750 0.381836 0.348633 0.381836 0.354492 0.387695 0.351562
0 0.149414 0.399414 0.146484 0.399414 0.143555 0.403320 0.143555 0.410156 0.145508 0.411133 0.149414 0.405273
0 0.128906 0.458008 0.127930 0.462891 0.135742 0.466797 0.133789 0.460938
0 0.515625 0.983398 0.508789 0.987305 0.506836 0.995117 0.514648 0.991211
0 0.203125 0.666992 0.208984 0.670898 0.214844 0.669922 0.211914 0.666016 0.206055 0.665039
0 0.969727 0.188477 0.963867 0.189453 0.961914 0.194336 0.965820 0.194336
0 0.557617 0.776367 0.559570 0.780273 0.569336 0.779297 0.565430 0.775391
0 0.231445 0.099609 0.223633 0.101562 0.222656 0.106445 0.228516 0.105469
0 0.773438 0.220703 0.773438 0.226562 0.778320 0.231445 0.778320 0.223633 0.776367 0.220703
0 0.931641 0.368164 0.925781 0.368164 0.922852 0.374023 0.930664 0.372070
0 0.773438 0.431641 0.772461 0.442383 0.775391 0.444336 0.777344 0.432617
0 0.051758 0.834961 0.046875 0.837891 0.045898 0.842773 0.051758 0.838867
0 0.920898 0.713867 0.924805 0.718750 0.931641 0.718750 0.925781 0.712891
0 0.306641 0.681641 0.306641 0.687500 0.313477 0.691406 0.311523 0.682617
0 0.946289 0.813477 0.945312 0.818359 0.949219 0.823242 0.951172 0.818359
0 0.294922 0.127930 0.298828 0.132812 0.305664 0.133789 0.303711 0.128906
0 0.789062 0.743164 0.790039 0.746094 0.799805 0.744141 0.798828 0.741211
0 0.767578 0.816406 0.760742 0.817383 0.758789 0.823242 0.765625 0.821289
0 0.615234 0.153320 0.618164 0.159180 0.624023 0.160156 0.623047 0.155273
0 0.542969 0.248047 0.550781 0.248047 0.553711 0.244141 0.546875 0.243164 0.542969 0.245117
0 0.900391 0.352539 0.899414 0.363281 0.902344 0.365234 0.904297 0.353516
0 0.369141 0.048828 0.365234 0.047852 0.358398 0.051758 0.367188 0.052734
0 0.816406 0.642578 0.811523 0.644531 0.809570 0.651367 0.816406 0.647461
0 0.286133 0.300781 0.291016 0.302734 0.296875 0.299805 0.289062 0.297852
0 0.649414 0.478516 0.652344 0.482422 0.660156 0.481445 0.657227 0.477539
0 0.934570 0.446289 0.935547 0.453125 0.940430 0.455078 0.939453 0.449219
0 0.119141 0.822266 0.113281 0.823242 0.110352 0.828125 0.118164 0.827148
0 0.828125 0.011719 0.820312 0.013672 0.817383 0.020508 0.826172 0.018555
0 0.317383 0.348633 0.316406 0.357422 0.319336 0.359375 0.321289 0.353516 0.319336 0.348633
0 0.371094 0.467773 0.372070 0.471680 0.379883 0.472656 0.377930 0.468750
0 0.409180 0.445312 0.408203 0.452148 0.410156 0.456055 0.413086 0.456055 0.414062 0.449219 0.412109 0.445312
0 0.617188 0.017578 0.625000 0.017578 0.627930 0.014648 0.621094 0.013672
0 0.968750 0.945312 0.962891 0.945312 0.958984 0.950195 0.964844 0.950195
0 0.068359 0.407227 0.067383 0.413086 0.071289 0.416992 0.072266 0.410156
0 0.851562 0.686523 0.852539 0.692383 0.857422 0.695312 0.857422 0.690430
0 0.264648 0.540039 0.271484 0.539062 0.273438 0.535156 0.267578 0.535156
0 0.926758 0.570312 0.925781 0.575195 0.930664 0.580078 0.930664 0.572266
0 0.665039 0.748047 0.660156 0.749023 0.656250 0.755859 0.663086 0.754883
0 0.157227 0.905273 0.157227 0.912109 0.161133 0.916992 0.162109 0.908203 0.160156 0.905273
0 0.691406 0.516602 0.685547 0.517578 0.683594 0.523438 0.688477 0.522461
0 0.546875 0.148438 0.549805 0.156250 0.553711 0.158203 0.553711 0.152344
0 0.587891 0.952148 0.577148 0.953125 0.576172 0.958008 0.582031 0.958008 0.587891 0.955078
0 0.709961 0.095703 0.708984 0.103516 0.710938 0.108398 0.713867 0.109375 0.714844 0.101562
0 0.686523 0.958984 0.680664 0.958984 0.675781 0.966797 0.683594 0.964844
0 0.740234 0.004883 0.742188 0.014648 0.744141 0.005859
0 0.672852 0.896484 0.673828 0.905273 0.680664 0.909180 0.679688 0.901367
0 0.384766 0.776367 0.379883 0.778320 0.377930 0.785156 0.383789 0.782227
0 0.490234 0.083008 0.483398 0.085938 0.480469 0.093750 0.489258 0.089844
0 0.504883 0.473633 0.501953 0.473633 0.499023 0.478516 0.500000 0.486328 0.502930 0.486328 0.504883 0.482422
0 0.084961 0.382812 0.078125 0.381836 0.072266 0.387695 0.080078 0.387695
0 0.151367 0.572266 0.141602 0.575195 0.141602 0.579102 0.147461 0.578125
0 0.017578 0.648438 0.009766 0.648438 0.007812 0.652344 0.015625 0.651367
0 0.873047 0.877930 0.867188 0.878906 0.863281 0.885742 0.871094 0.883789
0 0.690430 0.203125 0.698242 0.208008 0.705078 0.206055 0.697266 0.201172