0 0.405273 0.545898 0.401367 0.546875 0.400391 0.553711 0.405273 0.549805
0 0.037109 0.518555 0.032227 0.520508 0.030273 0.528320 0.036133 0.525391
0 0.923828 0.750977 0.924805 0.757812 0.929688 0.760742 0.929688 0.753906
0 0.484375 0.292969 0.485352 0.298828 0.489258 0.301758 0.491211 0.300781 0.488281 0.292969
0 0.711914 0.752930 0.716797 0.757812 0.723633 0.757812 0.723633 0.754883 0.720703 0.752930
0 0.034180 0.023438 0.041016 0.028320 0.048828 0.026367 0.044922 0.022461
0 0.271484 0.400391 0.271484 0.406250 0.278320 0.411133 0.277344 0.403320
0 0.184570 0.918945 0.184570 0.921875 0.187500 0.923828 0.194336 0.922852 0.189453 0.918945
0 0.052734 0.256836 0.050781 0.263672 0.051758 0.266602 0.054688 0.266602 0.055664 0.259766
0 0.737305 0.783203 0.731445 0.783203 0.727539 0.788086 0.732422 0.789062 0.736328 0.787109
0 0.042969 0.458984 0.041992 0.465820 0.044922 0.470703 0.046875 0.461914
0 0.749023 0.326172 0.751953 0.329102 0.760742 0.329102 0.758789 0.325195
0 0.365234 0.068359 0.372070 0.073242 0.380859 0.070312 0.375977 0.067383
0 0.851562 0.256836 0.851562 0.264648 0.855469 0.266602 0.855469 0.260742
0 0.241211 0.550781 0.236328 0.548828 0.231445 0.550781 0.230469 0.553711 0.235352 0.554688
0 0.486328 0.660156 0.485352 0.670898 0.488281 0.673828 0.490234 0.663086
0 0.486328 0.886719 0.495117 0.886719 0.499023 0.881836 0.488281 0.881836
0 0.839844 0.776367 0.843750 0.783203 0.849609 0.784180 0.847656 0.778320
0 0.331055 0.108398 0.334961 0.116211 0.342773 0.117188 0.338867 0.110352
0 0.403320 0.827148 0.395508 0.827148 0.390625 0.832031 0.400391 0.832031 0.403320 0.830078
0 0.664062 0.299805 0.665039 0.305664 0.670898 0.308594 0.668945 0.301758
0 0.760742 0.635742 0.763672 0.642578 0.768555 0.645508 0.769531 0.640625 0.767578 0.637695
0 0.578125 0.567383 0.572266 0.567383 0.568359 0.573242 0.574219 0.573242
0 0.951172 0.736328 0.941406 0.738281 0.939453 0.743164 0.944336 0.744141 0.948242 0.742188
0 0.793945 0.708984 0.796875 0.715820 0.805664 0.717773 0.802734 0.710938 0.796875 0.708008
0 0.964844 0.797852 0.966797 0.806641 0.970703 0.807617 0.969727 0.799805
0 0.133789 0.861328 0.134766 0.871094 0.139648 0.874023 0.140625 0.866211 0.136719 0.861328