0 0.931641 0.968750 0.923828 0.969727 0.920898 0.974609 0.927734 0.974609
0 0.012695 0.565430 0.020508 0.565430 0.023438 0.561523 0.016602 0.560547 0.012695 0.562500
0 0.449219 0.444336 0.453125 0.450195 0.459961 0.450195 0.458008 0.446289
0 0.594727 0.300781 0.599609 0.308594 0.603516 0.309570 0.605469 0.307617 0.601562 0.301758
0 0.419922 0.402344 0.414062 0.402344 0.412109 0.406250 0.418945 0.406250
0 0.955078 0.657227 0.949219 0.664062 0.951172 0.669922 0.956055 0.663086
0 0.984375 0.307617 0.977539 0.306641 0.971680 0.312500 0.979492 0.312500
0 0.329102 0.420898 0.331055 0.423828 0.337891 0.423828 0.334961 0.419922
0 0.041992 0.199219 0.042969 0.203125 0.046875 0.205078 0.054688 0.203125 0.049805 0.198242
0 0.840820 0.132812 0.836914 0.133789 0.836914 0.143555 0.840820 0.139648
0 0.422852 0.140625 0.425781 0.145508 0.433594 0.145508 0.428711 0.140625
0 0.906250 0.828125 0.903320 0.829102 0.903320 0.836914 0.906250 0.834961
0 0.977539 0.490234 0.971680 0.491211 0.967773 0.498047 0.972656 0.498047
0 0.137695 0.263672 0.137695 0.269531 0.140625 0.273438 0.143555 0.273438 0.142578 0.264648
0 0.090820 0.277344 0.085938 0.280273 0.084961 0.289062 0.088867 0.288086 0.091797 0.284180
0 0.404297 0.344727 0.408203 0.348633 0.416016 0.348633 0.414062 0.344727
0 0.288086 0.789062 0.288086 0.791992 0.291016 0.793945 0.300781 0.791016 0.294922 0.788086
0 0.624023 0.107422 0.624023 0.116211 0.626953 0.117188 0.627930 0.108398
0 0.305664 0.266602 0.300781 0.269531 0.299805 0.279297 0.302734 0.279297 0.305664 0.274414
0 0.720703 0.521484 0.715820 0.526367 0.716797 0.532227 0.721680 0.528320
0 0.764648 0.545898 0.759766 0.546875 0.757812 0.553711 0.764648 0.549805
0 0.208008 0.369141 0.209961 0.373047 0.217773 0.373047 0.214844 0.369141
0 0.703125 0.337891 0.696289 0.341797 0.695312 0.347656 0.701172 0.345703
0 0.798828 0.729492 0.797852 0.739258 0.799805 0.742188 0.802734 0.742188 0.803711 0.735352 0.801758 0.730469
0 0.883789 0.866211 0.876953 0.866211 0.874023 0.872070 0.882812 0.870117
0 0.494141 0.785156 0.487305 0.786133 0.484375 0.791016 0.492188 0.790039
0 0.062500 0.595703 0.062500 0.597656 0.070312 0.597656 0.072266 0.593750
0 0.326172 0.404297 0.321289 0.405273 0.320312 0.411133 0.325195 0.408203
0 0.681641 0.820312 0.676758 0.826172 0.677734 0.833008 0.679688 0.833008 0.683594 0.825195
0 0.244141 0.487305 0.244141 0.490234 0.248047 0.492188 0.256836 0.490234 0.251953 0.486328
0 0.325195 0.826172 0.323242 0.828125 0.325195 0.833008 0.333008 0.835938 0.331055 0.829102
0 0.795898 0.034180 0.790039 0.033203 0.785156 0.037109 0.784180 0.041016 0.792969 0.039062
0 0.665039 0.751953 0.666016 0.757812 0.670898 0.759766 0.670898 0.754883
0 0.565430 0.525391 0.566406 0.535156 0.571289 0.538086 0.571289 0.528320
0 0.198242 0.416016 0.199219 0.423828 0.202148 0.425781 0.202148 0.417969
0 0.460938 0.328125 0.454102 0.332031 0.454102 0.337891 0.459961 0.333984
0 0.203125 0.121094 0.203125 0.130859 0.206055 0.131836 0.208008 0.125000 0.206055 0.121094
0 0.983398 0.549805 0.988281 0.550781 0.994141 0.546875 0.987305 0.545898
0 0.822266 0.030273 0.816406 0.031250 0.813477 0.037109 0.819336 0.036133
0 0.242188 0.193359 0.241211 0.201172 0.243164 0.204102 0.246094 0.204102 0.245117 0.195312
0 0.198242 0.898438 0.192383 0.898438 0.187500 0.903320 0.187500 0.906250 0.195312 0.904297
0 0.507812 0.701172 0.510742 0.704102 0.518555 0.703125 0.516602 0.699219
0 0.704102 0.482422 0.704102 0.487305 0.711914 0.491211 0.709961 0.483398
0 0.057617 0.375977 0.053711 0.376953 0.051758 0.382812 0.057617 0.380859
0 0.538086 0.390625 0.531250 0.390625 0.528320 0.396484 0.534180 0.395508
0 0.951172 0.400391 0.944336 0.404297 0.944336 0.409180 0.950195 0.407227
0 0.178711 0.542969 0.185547 0.551758 0.190430 0.551758 0.190430 0.547852 0.186523 0.543945
0 0.737305 0.338867 0.738281 0.345703 0.744141 0.347656 0.744141 0.343750
0 0.481445 0.935547 0.483398 0.943359 0.489258 0.947266 0.487305 0.937500
0 0.083008 0.495117 0.082031 0.501953 0.085938 0.505859 0.086914 0.497070
0 0.601562 0.126953 0.603516 0.134766 0.609375 0.136719 0.608398 0.129883
0 0.639648 0.854492 0.641602 0.860352 0.647461 0.861328 0.645508 0.856445
0 0.348633 0.671875 0.351562 0.674805 0.359375 0.673828 0.357422 0.670898
0 0.865234 0.773438 0.855469 0.775391 0.855469 0.779297 0.863281 0.778320
0 0.707031 0.444336 0.707031 0.450195 0.712891 0.456055 0.712891 0.448242 0.709961 0.444336
0 0.952148 0.521484 0.945312 0.525391 0.943359 0.533203 0.951172 0.529297
0 0.541016 0.232422 0.537109 0.233398 0.535156 0.242188 0.540039 0.239258
0 0.599609 0.906250 0.592773 0.906250 0.588867 0.912109 0.596680 0.911133
0 0.765625 0.862305 0.768555 0.865234 0.776367 0.863281 0.773438 0.860352
0 0.680664 0.031250 0.682617 0.034180 0.690430 0.032227 0.689453 0.029297
0 0.750977 0.518555 0.753906 0.523438 0.761719 0.523438 0.756836 0.518555
0 0.517578 0.500977 0.517578 0.505859 0.521484 0.508789 0.521484 0.503906
0 0.399414 0.778320 0.395508 0.781250 0.396484 0.788086 0.400391 0.784180