0 0.218750 0.177734 0.213867 0.178711 0.209961 0.186523 0.216797 0.183594
0 0.553711 0.750000 0.561523 0.749023 0.564453 0.744141 0.555664 0.745117
0 0.833008 0.536133 0.835938 0.539062 0.845703 0.538086 0.845703 0.536133 0.838867 0.533203
0 0.404297 0.089844 0.412109 0.090820 0.416016 0.085938 0.407227 0.084961 0.404297 0.086914
0 0.608398 0.809570 0.613281 0.815430 0.619141 0.815430 0.618164 0.810547 0.614258 0.808594
0 0.146484 0.930664 0.142578 0.930664 0.138672 0.937500 0.145508 0.935547
0 0.211914 0.576172 0.207031 0.578125 0.206055 0.583984 0.210938 0.582031
0 0.687500 0.015625 0.688477 0.020508 0.695312 0.023438 0.701172 0.022461 0.701172 0.019531 0.696289 0.015625
0 0.973633 0.125000 0.968750 0.123047 0.963867 0.127930 0.968750 0.128906
0 0.479492 0.688477 0.474609 0.692383 0.474609 0.700195 0.480469 0.694336
0 0.606445 0.597656 0.599609 0.598633 0.594727 0.605469 0.602539 0.604492
0 0.962891 0.939453 0.962891 0.942383 0.969727 0.943359 0.972656 0.941406 0.971680 0.938477
0 0.202148 0.735352 0.198242 0.736328 0.197266 0.742188 0.199219 0.745117 0.203125 0.739258
0 0.883789 0.972656 0.892578 0.974609 0.897461 0.969727 0.889648 0.967773
0 0.190430 0.852539 0.188477 0.855469 0.195312 0.862305 0.195312 0.856445
0 0.301758 0.591797 0.300781 0.599609 0.303711 0.602539 0.305664 0.593750
0 0.486328 0.769531 0.488281 0.777344 0.495117 0.779297 0.494141 0.773438
0 0.377930 0.614258 0.371094 0.615234 0.369141 0.619141 0.375000 0.619141
0 0.391602 0.715820 0.384766 0.719727 0.383789 0.725586 0.390625 0.722656
0 0.152344 0.205078 0.157227 0.209961 0.164062 0.208984 0.160156 0.204102
0 0.856445 0.559570 0.858398 0.562500 0.866211 0.562500 0.863281 0.558594
0 0.815430 0.090820 0.820312 0.095703 0.825195 0.093750 0.822266 0.089844
0 0.096680 0.760742 0.090820 0.762695 0.088867 0.766602 0.095703 0.765625
0 0.313477 0.172852 0.307617 0.173828 0.304688 0.177734 0.313477 0.177734
0 0.411133 0.134766 0.412109 0.139648 0.418945 0.142578 0.416992 0.136719
0 0.495117 0.864258 0.500977 0.867188 0.507812 0.866211 0.504883 0.862305
0 0.154297 0.511719 0.147461 0.512695 0.143555 0.517578 0.143555 0.521484 0.150391 0.519531 0.154297 0.515625
0 0.805664 0.529297 0.806641 0.537109 0.812500 0.541016 0.811523 0.532227
0 0.283203 0.094727 0.275391 0.095703 0.272461 0.100586 0.277344 0.101562 0.281250 0.099609
0 0.610352 0.680664 0.604492 0.680664 0.600586 0.688477 0.607422 0.686523
0 0.228516 0.708984 0.224609 0.710938 0.225586 0.718750 0.228516 0.715820