0 0.145508 0.085938 0.148438 0.088867 0.155273 0.086914 0.153320 0.083984
0 0.967773 0.016602 0.971680 0.020508 0.978516 0.020508 0.982422 0.017578 0.978516 0.014648
0 0.407227 0.679688 0.408203 0.686523 0.414062 0.689453 0.414062 0.683594
0 0.841797 0.321289 0.843750 0.327148 0.850586 0.329102 0.845703 0.321289
0 0.297852 0.151367 0.302734 0.151367 0.306641 0.147461 0.300781 0.146484 0.297852 0.148438
0 0.088867 0.155273 0.090820 0.159180 0.097656 0.161133 0.095703 0.156250
0 0.692383 0.341797 0.693359 0.350586 0.696289 0.351562 0.696289 0.343750
0 0.958008 0.986328 0.958008 0.989258 0.960938 0.990234 0.967773 0.989258 0.964844 0.985352
0 0.807617 0.762695 0.808594 0.768555 0.814453 0.771484 0.813477 0.763672
0 0.859375 0.211914 0.865234 0.215820 0.869141 0.214844 0.866211 0.210938
0 0.028320 0.557617 0.022461 0.557617 0.019531 0.563477 0.025391 0.562500
0 0.498047 0.186523 0.492188 0.188477 0.490234 0.198242 0.497070 0.192383
0 0.216797 0.113281 0.219727 0.118164 0.224609 0.118164 0.221680 0.113281
0 0.166992 0.795898 0.167969 0.800781 0.171875 0.804688 0.175781 0.804688 0.174805 0.798828
0 0.017578 0.284180 0.013672 0.286133 0.012695 0.292969 0.015625 0.292969 0.017578 0.290039
0 0.696289 0.159180 0.697266 0.165039 0.703125 0.167969 0.703125 0.163086
0 0.351562 0.693359 0.349609 0.693359 0.346680 0.699219 0.348633 0.705078 0.352539 0.702148
0 0.961914 0.541016 0.962891 0.546875 0.968750 0.548828 0.967773 0.543945
0 0.736328 0.558594 0.736328 0.564453 0.741211 0.569336 0.742188 0.563477
0 0.435547 0.716797 0.438477 0.723633 0.443359 0.723633 0.441406 0.718750
0 0.495117 0.419922 0.494141 0.426758 0.499023 0.431641 0.500000 0.423828
0 0.871094 0.332031 0.880859 0.332031 0.882812 0.329102 0.881836 0.327148 0.874023 0.327148 0.871094 0.329102
0 0.592773 0.324219 0.588867 0.325195 0.585938 0.331055 0.590820 0.330078
0 0.522461 0.655273 0.522461 0.662109 0.526367 0.666016 0.527344 0.658203 0.525391 0.655273
0 0.403320 0.507812 0.412109 0.506836 0.414062 0.502930 0.407227 0.501953 0.403320 0.504883
0 0.201172 0.500000 0.202148 0.502930 0.209961 0.503906 0.208984 0.500000
0 0.156250 0.412109 0.151367 0.412109 0.147461 0.418945 0.153320 0.417969
0 0.580078 0.569336 0.575195 0.569336 0.571289 0.577148 0.578125 0.575195
0 0.458008 0.390625 0.456055 0.396484 0.459961 0.402344 0.462891 0.393555 0.460938 0.390625
0 0.070312 0.947266 0.072266 0.954102 0.077148 0.956055 0.076172 0.950195
0 0.135742 0.685547 0.139648 0.692383 0.142578 0.694336 0.147461 0.693359 0.144531 0.686523
0 0.421875 0.880859 0.417969 0.882812 0.417969 0.890625 0.421875 0.886719
0 0.984375 0.453125 0.985352 0.459961 0.992188 0.463867 0.991211 0.456055
0 0.132812 0.894531 0.128906 0.895508 0.127930 0.903320 0.131836 0.901367
0 0.750000 0.617188 0.753906 0.618164 0.760742 0.615234 0.759766 0.613281 0.751953 0.613281
0 0.981445 0.256836 0.983398 0.263672 0.989258 0.265625 0.988281 0.259766 0.985352 0.256836
0 0.371094 0.399414 0.364258 0.400391 0.360352 0.409180 0.369141 0.405273
0 0.045898 0.789062 0.047852 0.794922 0.053711 0.796875 0.053711 0.792969
0 0.878906 0.062500 0.878906 0.069336 0.884766 0.072266 0.882812 0.064453
0 0.796875 0.572266 0.791992 0.576172 0.791016 0.581055 0.792969 0.584961 0.797852 0.579102
0 0.140625 0.155273 0.143555 0.159180 0.149414 0.160156 0.147461 0.155273
0 0.246094 0.668945 0.246094 0.676758 0.248047 0.677734 0.250000 0.670898
0 0.618164 0.941406 0.616211 0.948242 0.618164 0.953125 0.621094 0.953125 0.622070 0.945312
0 0.314453 0.639648 0.313477 0.644531 0.317383 0.647461 0.317383 0.640625
0 0.415039 0.251953 0.410156 0.251953 0.406250 0.257812 0.412109 0.256836
0 0.899414 0.007812 0.901367 0.012695 0.908203 0.014648 0.906250 0.008789
0 0.678711 0.191406 0.683594 0.194336 0.689453 0.192383 0.687500 0.189453 0.680664 0.189453
0 0.822266 0.711914 0.824219 0.715820 0.832031 0.714844 0.832031 0.712891 0.827148 0.710938
0 0.128906 0.153320 0.132812 0.157227 0.138672 0.155273 0.137695 0.152344
0 0.370117 0.688477 0.375000 0.692383 0.382812 0.692383 0.386719 0.689453 0.382812 0.685547
0 0.474609 0.036133 0.470703 0.037109 0.470703 0.047852 0.474609 0.044922
0 0.126953 0.416016 0.134766 0.416016 0.136719 0.413086 0.127930 0.412109
0 0.047852 0.548828 0.042969 0.551758 0.041016 0.560547 0.047852 0.556641
0 0.890625 0.418945 0.884766 0.419922 0.882812 0.424805 0.888672 0.422852
0 0.727539 0.702148 0.728516 0.707031 0.738281 0.708008 0.734375 0.703125
0 0.245117 0.130859 0.239258 0.131836 0.235352 0.136719 0.235352 0.140625 0.241211 0.139648
0 0.271484 0.661133 0.271484 0.664062 0.280273 0.666016 0.278320 0.662109
0 0.659180 0.680664 0.654297 0.679688 0.649414 0.681641 0.649414 0.683594 0.656250 0.685547
0 0.033203 0.192383 0.034180 0.198242 0.040039 0.201172 0.040039 0.196289