0 0.605469 0.425781 0.601562 0.428711 0.603516 0.437500 0.606445 0.433594
0 0.011719 0.637695 0.007812 0.640625 0.009766 0.649414 0.012695 0.645508
0 0.884766 0.707031 0.880859 0.708008 0.877930 0.713867 0.883789 0.711914
0 0.913086 0.317383 0.916016 0.321289 0.921875 0.321289 0.918945 0.317383
0 0.164062 0.375000 0.158203 0.375977 0.156250 0.379883 0.162109 0.378906
0 0.724609 0.134766 0.718750 0.137695 0.717773 0.144531 0.723633 0.141602
0 0.817383 0.795898 0.813477 0.798828 0.814453 0.805664 0.819336 0.800781
0 0.220703 0.073242 0.213867 0.073242 0.210938 0.075195 0.210938 0.078125 0.216797 0.078125
0 0.556641 0.412109 0.555664 0.417969 0.560547 0.422852 0.560547 0.416016
0 0.510742 0.661133 0.509766 0.667969 0.512695 0.671875 0.514648 0.664062
0 0.787109 0.670898 0.786133 0.676758 0.790039 0.681641 0.791992 0.675781
0 0.659180 0.281250 0.663086 0.285156 0.672852 0.282227 0.666992 0.279297
0 0.355469 0.666992 0.351562 0.667969 0.352539 0.677734 0.356445 0.671875
0 0.643555 0.173828 0.642578 0.181641 0.646484 0.185547 0.647461 0.176758 0.646484 0.173828
0 0.229492 0.688477 0.225586 0.688477 0.222656 0.700195 0.227539 0.698242
0 0.684570 0.047852 0.681641 0.050781 0.682617 0.057617 0.686523 0.053711
0 0.728516 0.610352 0.722656 0.613281 0.721680 0.619141 0.727539 0.615234
0 0.794922 0.509766 0.789062 0.508789 0.784180 0.513672 0.791992 0.514648
0 0.145508 0.718750 0.140625 0.719727 0.136719 0.726562 0.144531 0.723633
0 0.319336 0.135742 0.313477 0.135742 0.308594 0.142578 0.316406 0.140625
0 0.786133 0.209961 0.788086 0.213867 0.794922 0.214844 0.793945 0.211914
0 0.448242 0.968750 0.442383 0.971680 0.441406 0.976562 0.444336 0.977539 0.447266 0.974609
0 0.117188 0.662109 0.111328 0.662109 0.106445 0.666992 0.113281 0.667969 0.117188 0.665039
0 0.137695 0.608398 0.136719 0.615234 0.140625 0.618164 0.141602 0.613281
0 0.391602 0.174805 0.387695 0.177734 0.387695 0.184570 0.392578 0.180664
0 0.863281 0.333008 0.865234 0.336914 0.872070 0.336914 0.876953 0.333984 0.874023 0.331055
0 0.162109 0.736328 0.159180 0.740234 0.160156 0.746094 0.164062 0.742188 0.164062 0.737305
0 0.498047 0.677734 0.494141 0.680664 0.495117 0.689453 0.500000 0.683594
0 0.394531 0.721680 0.385742 0.722656 0.383789 0.726562 0.389648 0.727539
0 0.603516 0.796875 0.607422 0.800781 0.615234 0.799805 0.613281 0.795898
0 0.301758 0.380859 0.293945 0.382812 0.291992 0.389648 0.298828 0.387695
0 0.881836 0.533203 0.876953 0.534180 0.875000 0.539062 0.875977 0.544922 0.879883 0.541992
0 0.756836 0.877930 0.757812 0.880859 0.768555 0.878906 0.766602 0.875977
0 0.179688 0.486328 0.178711 0.494141 0.181641 0.497070 0.183594 0.489258 0.182617 0.486328
0 0.073242 0.980469 0.069336 0.981445 0.066406 0.989258 0.071289 0.988281
0 0.786133 0.980469 0.786133 0.984375 0.792969 0.987305 0.791016 0.981445
0 0.892578 0.088867 0.883789 0.090820 0.883789 0.093750 0.891602 0.092773
0 0.085938 0.503906 0.088867 0.506836 0.095703 0.505859 0.093750 0.502930
0 0.847656 0.416016 0.845703 0.423828 0.848633 0.426758 0.850586 0.419922
0 0.267578 0.272461 0.268555 0.278320 0.273438 0.281250 0.273438 0.275391
0 0.277344 0.865234 0.272461 0.866211 0.268555 0.873047 0.274414 0.872070 0.277344 0.869141
0 0.816406 0.184570 0.814453 0.186523 0.814453 0.193359 0.817383 0.196289 0.820312 0.187500
0 0.031250 0.755859 0.030273 0.760742 0.036133 0.765625 0.035156 0.757812