0 0.927734 0.332031 0.927734 0.336914 0.933594 0.339844 0.933594 0.335938
0 0.057617 0.875977 0.063477 0.876953 0.067383 0.872070 0.060547 0.872070
0 0.872070 0.880859 0.880859 0.881836 0.884766 0.878906 0.876953 0.876953 0.872070 0.878906
0 0.478516 0.373047 0.478516 0.376953 0.481445 0.377930 0.491211 0.375000 0.487305 0.372070
0 0.962891 0.201172 0.962891 0.207031 0.969727 0.209961 0.969727 0.206055
0 0.436523 0.620117 0.432617 0.620117 0.428711 0.627930 0.434570 0.625977
0 0.311523 0.986328 0.315430 0.992188 0.321289 0.993164 0.321289 0.988281
0 0.367188 0.933594 0.366211 0.944336 0.370117 0.949219 0.372070 0.939453 0.370117 0.934570
0 0.412109 0.705078 0.413086 0.711914 0.420898 0.714844 0.419922 0.708984
0 0.814453 0.910156 0.814453 0.916992 0.816406 0.920898 0.819336 0.920898 0.820312 0.915039
0 0.628906 0.416016 0.628906 0.422852 0.631836 0.427734 0.634766 0.427734 0.633789 0.417969
0 0.772461 0.916992 0.769531 0.916992 0.767578 0.919922 0.767578 0.928711 0.773438 0.921875
0 0.893555 0.734375 0.894531 0.740234 0.899414 0.742188 0.898438 0.736328
0 0.408203 0.464844 0.411133 0.470703 0.416992 0.471680 0.414062 0.465820
0 0.649414 0.698242 0.643555 0.700195 0.643555 0.706055 0.647461 0.704102
0 0.663086 0.479492 0.658203 0.478516 0.653320 0.486328 0.661133 0.484375
0 0.549805 0.762695 0.553711 0.767578 0.562500 0.766602 0.557617 0.761719
0 0.682617 0.375000 0.685547 0.378906 0.692383 0.378906 0.688477 0.374023
0 0.677734 0.738281 0.676758 0.744141 0.679688 0.748047 0.681641 0.740234
0 0.126953 0.310547 0.129883 0.323242 0.132812 0.323242 0.132812 0.313477
0 0.354492 0.759766 0.347656 0.765625 0.346680 0.770508 0.348633 0.773438 0.354492 0.768555
0 0.534180 0.471680 0.527344 0.475586 0.526367 0.485352 0.533203 0.479492
0 0.716797 0.241211 0.713867 0.240234 0.708008 0.245117 0.712891 0.246094
0 0.690430 0.089844 0.683594 0.092773 0.682617 0.099609 0.690430 0.094727
0 0.857422 0.145508 0.857422 0.149414 0.864258 0.153320 0.863281 0.147461
0 0.980469 0.083008 0.977539 0.093750 0.982422 0.098633 0.984375 0.088867 0.983398 0.083984
0 0.746094 0.977539 0.747070 0.981445 0.755859 0.982422 0.753906 0.978516
0 0.978516 0.762695 0.979492 0.765625 0.987305 0.763672 0.984375 0.760742
0 0.284180 0.664062 0.282227 0.672852 0.286133 0.676758 0.288086 0.666992 0.287109 0.664062
0 0.500977 0.782227 0.501953 0.790039 0.507812 0.792969 0.506836 0.785156
0 0.876953 0.207031 0.873047 0.208984 0.873047 0.215820 0.876953 0.214844
0 0.750000 0.465820 0.752930 0.471680 0.761719 0.472656 0.758789 0.467773
0 0.188477 0.476562 0.187500 0.481445 0.192383 0.487305 0.193359 0.480469
0 0.218750 0.752930 0.215820 0.752930 0.213867 0.755859 0.213867 0.764648 0.218750 0.759766
0 0.311523 0.858398 0.312500 0.861328 0.322266 0.860352 0.322266 0.856445
0 0.271484 0.719727 0.275391 0.723633 0.285156 0.721680 0.285156 0.718750 0.280273 0.716797
0 0.307617 0.116211 0.310547 0.122070 0.317383 0.123047 0.314453 0.117188
0 0.382812 0.866211 0.375000 0.866211 0.371094 0.872070 0.379883 0.871094
0 0.977539 0.264648 0.975586 0.270508 0.979492 0.275391 0.980469 0.267578
0 0.324219 0.601562 0.319336 0.601562 0.315430 0.608398 0.323242 0.605469
0 0.060547 0.548828 0.056641 0.549805 0.054688 0.556641 0.059570 0.554688
0 0.296875 0.286133 0.294922 0.291992 0.296875 0.297852 0.298828 0.297852 0.299805 0.287109
0 0.961914 0.091797 0.952148 0.091797 0.949219 0.093750 0.949219 0.097656 0.956055 0.097656
0 0.768555 0.216797 0.772461 0.224609 0.779297 0.225586 0.777344 0.219727
0 0.539062 0.904297 0.536133 0.906250 0.535156 0.914062 0.540039 0.911133
0 0.951172 0.271484 0.956055 0.274414 0.961914 0.272461 0.959961 0.269531 0.953125 0.269531
0 0.969727 0.410156 0.964844 0.410156 0.961914 0.416992 0.965820 0.416016
0 0.212891 0.531250 0.214844 0.535156 0.219727 0.536133 0.218750 0.532227
0 0.564453 0.894531 0.564453 0.900391 0.568359 0.904297 0.572266 0.904297 0.570312 0.897461
0 0.268555 0.926758 0.261719 0.927734 0.259766 0.933594 0.265625 0.931641
0 0.233398 0.828125 0.232422 0.836914 0.235352 0.839844 0.237305 0.832031
0 0.292969 0.895508 0.296875 0.901367 0.301758 0.902344 0.301758 0.898438 0.298828 0.895508
0 0.484375 0.302734 0.485352 0.310547 0.490234 0.312500 0.489258 0.306641
0 0.297852 0.253906 0.301758 0.260742 0.307617 0.260742 0.305664 0.254883
0 0.142578 0.498047 0.142578 0.500977 0.149414 0.504883 0.148438 0.500000
0 0.098633 0.800781 0.094727 0.802734 0.093750 0.810547 0.097656 0.808594
0 0.113281 0.753906 0.116211 0.758789 0.123047 0.758789 0.121094 0.754883
0 0.388672 0.309570 0.391602 0.315430 0.396484 0.315430 0.394531 0.310547
0 0.518555 0.813477 0.514648 0.815430 0.513672 0.822266 0.517578 0.821289
0 0.185547 0.189453 0.185547 0.192383 0.188477 0.194336 0.195312 0.193359 0.192383 0.190430
0 0.835938 0.572266 0.837891 0.580078 0.842773 0.582031 0.841797 0.575195