0 0.543945 0.559570 0.547852 0.564453 0.554688 0.563477 0.552734 0.559570
0 0.388672 0.793945 0.390625 0.798828 0.398438 0.799805 0.395508 0.794922
0 0.868164 0.871094 0.868164 0.875977 0.874023 0.878906 0.874023 0.875000
0 0.887695 0.871094 0.883789 0.877930 0.886719 0.885742 0.889648 0.882812
0 0.620117 0.977539 0.619141 0.984375 0.622070 0.987305 0.624023 0.980469
0 0.928711 0.130859 0.926758 0.128906 0.919922 0.129883 0.916016 0.132812 0.916016 0.135742 0.924805 0.135742
0 0.040039 0.265625 0.032227 0.270508 0.031250 0.275391 0.036133 0.274414 0.040039 0.270508
0 0.211914 0.010742 0.211914 0.015625 0.219727 0.019531 0.217773 0.012695
0 0.726562 0.234375 0.734375 0.235352 0.737305 0.231445 0.730469 0.230469
0 0.939453 0.699219 0.942383 0.702148 0.949219 0.701172 0.948242 0.698242
0 0.186523 0.578125 0.186523 0.586914 0.189453 0.588867 0.190430 0.580078
0 0.300781 0.887695 0.305664 0.893555 0.314453 0.893555 0.308594 0.886719
0 0.053711 0.074219 0.055664 0.081055 0.060547 0.083008 0.060547 0.078125
0 0.718750 0.695312 0.718750 0.698242 0.721680 0.700195 0.729492 0.698242 0.729492 0.696289 0.724609 0.694336
0 0.886719 0.386719 0.888672 0.390625 0.896484 0.391602 0.894531 0.387695
0 0.022461 0.421875 0.026367 0.426758 0.032227 0.426758 0.031250 0.422852
0 0.901367 0.400391 0.895508 0.401367 0.891602 0.406250 0.899414 0.405273
0 0.445312 0.277344 0.445312 0.280273 0.451172 0.283203 0.458008 0.281250 0.454102 0.277344
0 0.909180 0.826172 0.908203 0.833008 0.912109 0.835938 0.913086 0.831055
0 0.689453 0.657227 0.685547 0.660156 0.684570 0.666016 0.689453 0.662109
0 0.355469 0.490234 0.357422 0.495117 0.364258 0.495117 0.363281 0.491211
0 0.387695 0.017578 0.383789 0.021484 0.383789 0.028320 0.386719 0.028320 0.388672 0.025391
0 0.716797 0.706055 0.712891 0.709961 0.712891 0.714844 0.717773 0.709961
0 0.883789 0.265625 0.885742 0.269531 0.894531 0.270508 0.889648 0.264648
0 0.798828 0.586914 0.794922 0.587891 0.793945 0.599609 0.796875 0.599609 0.799805 0.594727
0 0.676758 0.123047 0.678711 0.126953 0.687500 0.128906 0.684570 0.123047
0 0.848633 0.150391 0.843750 0.152344 0.842773 0.158203 0.847656 0.156250
0 0.530273 0.743164 0.532227 0.746094 0.540039 0.744141 0.538086 0.741211
0 0.400391 0.336914 0.403320 0.341797 0.410156 0.341797 0.407227 0.336914
0 0.293945 0.980469 0.290039 0.977539 0.284180 0.979492 0.283203 0.982422 0.287109 0.983398
0 0.830078 0.496094 0.831055 0.499023 0.837891 0.499023 0.839844 0.494141
0 0.725586 0.422852 0.718750 0.426758 0.716797 0.434570 0.724609 0.430664
0 0.941406 0.147461 0.934570 0.147461 0.932617 0.150391 0.941406 0.150391
0 0.272461 0.415039 0.270508 0.418945 0.274414 0.424805 0.275391 0.417969
0 0.424805 0.072266 0.416992 0.073242 0.415039 0.077148 0.421875 0.077148
0 0.992188 0.268555 0.988281 0.270508 0.988281 0.279297 0.992188 0.276367
0 0.630859 0.288086 0.632812 0.292969 0.641602 0.293945 0.635742 0.288086
0 0.398438 0.360352 0.393555 0.358398 0.388672 0.361328 0.396484 0.363281
0 0.769531 0.496094 0.771484 0.502930 0.778320 0.504883 0.778320 0.500000
0 0.252930 0.394531 0.248047 0.394531 0.244141 0.398438 0.243164 0.403320 0.250977 0.400391
0 0.743164 0.210938 0.742188 0.220703 0.746094 0.223633 0.747070 0.214844
0 0.890625 0.832031 0.885742 0.833008 0.883789 0.838867 0.889648 0.836914
0 0.119141 0.724609 0.118164 0.731445 0.122070 0.734375 0.123047 0.727539
0 0.479492 0.585938 0.480469 0.589844 0.484375 0.592773 0.488281 0.591797 0.484375 0.585938
0 0.854492 0.938477 0.857422 0.942383 0.864258 0.942383 0.861328 0.938477
0 0.399414 0.019531 0.401367 0.025391 0.407227 0.028320 0.407227 0.023438
0 0.659180 0.254883 0.659180 0.259766 0.665039 0.262695 0.663086 0.255859
0 0.677734 0.969727 0.670898 0.970703 0.667969 0.977539 0.674805 0.975586
0 0.088867 0.071289 0.087891 0.078125 0.090820 0.080078 0.091797 0.073242
0 0.342773 0.982422 0.344727 0.990234 0.349609 0.992188 0.349609 0.986328
0 0.919922 0.254883 0.915039 0.255859 0.912109 0.261719 0.916992 0.260742
0 0.980469 0.926758 0.974609 0.926758 0.969727 0.933594 0.977539 0.931641
0 0.963867 0.413086 0.962891 0.417969 0.966797 0.423828 0.968750 0.418945
0 0.458008 0.974609 0.459961 0.979492 0.467773 0.980469 0.462891 0.974609
0 0.126953 0.281250 0.125977 0.289062 0.129883 0.291992 0.130859 0.286133
0 0.432617 0.601562 0.433594 0.607422 0.439453 0.609375 0.438477 0.604492