0 0.507812 0.086914 0.510742 0.093750 0.516602 0.094727 0.512695 0.087891
0 0.262695 0.325195 0.254883 0.326172 0.250000 0.333008 0.258789 0.332031
0 0.023438 0.674805 0.026367 0.679688 0.033203 0.681641 0.031250 0.675781
0 0.471680 0.278320 0.473633 0.283203 0.481445 0.284180 0.478516 0.279297
0 0.609375 0.610352 0.610352 0.614258 0.615234 0.617188 0.615234 0.613281
0 0.068359 0.879883 0.068359 0.882812 0.072266 0.885742 0.079102 0.885742 0.077148 0.880859
0 0.241211 0.700195 0.245117 0.707031 0.250000 0.707031 0.247070 0.701172
0 0.154297 0.772461 0.155273 0.780273 0.162109 0.783203 0.160156 0.775391
0 0.489258 0.629883 0.483398 0.630859 0.481445 0.636719 0.487305 0.635742
0 0.335938 0.340820 0.334961 0.346680 0.338867 0.350586 0.339844 0.344727
0 0.316406 0.065430 0.314453 0.071289 0.318359 0.075195 0.319336 0.068359
0 0.068359 0.734375 0.062500 0.738281 0.061523 0.747070 0.066406 0.745117
0 0.520508 0.360352 0.524414 0.366211 0.528320 0.367188 0.526367 0.361328
0 0.377930 0.027344 0.377930 0.033203 0.379883 0.037109 0.382812 0.037109 0.383789 0.032227 0.380859 0.027344
0 0.523438 0.949219 0.517578 0.950195 0.514648 0.959961 0.521484 0.956055
0 0.013672 0.924805 0.012695 0.930664 0.015625 0.935547 0.018555 0.935547 0.018555 0.925781
0 0.241211 0.113281 0.248047 0.115234 0.252930 0.111328 0.245117 0.109375
0 0.584961 0.533203 0.577148 0.534180 0.575195 0.538086 0.582031 0.538086
0 0.215820 0.258789 0.215820 0.261719 0.219727 0.264648 0.229492 0.264648 0.229492 0.261719 0.225586 0.258789
0 0.648438 0.631836 0.643555 0.632812 0.641602 0.641602 0.647461 0.637695
0 0.733398 0.270508 0.725586 0.271484 0.723633 0.276367 0.731445 0.274414
0 0.514648 0.749023 0.505859 0.749023 0.502930 0.753906 0.511719 0.752930
0 0.555664 0.292969 0.552734 0.293945 0.552734 0.301758 0.555664 0.299805
0 0.490234 0.735352 0.493164 0.742188 0.501953 0.743164 0.499023 0.737305
0 0.695312 0.555664 0.689453 0.553711 0.683594 0.556641 0.682617 0.560547 0.691406 0.559570
0 0.520508 0.748047 0.521484 0.755859 0.524414 0.758789 0.526367 0.756836 0.525391 0.750977
0 0.482422 0.847656 0.484375 0.853516 0.490234 0.855469 0.490234 0.851562
0 0.215820 0.878906 0.212891 0.878906 0.210938 0.881836 0.212891 0.890625 0.215820 0.885742
0 0.059570 0.397461 0.053711 0.398438 0.051758 0.403320 0.056641 0.403320
0 0.564453 0.516602 0.563477 0.522461 0.566406 0.524414 0.567383 0.518555
0 0.958984 0.918945 0.960938 0.921875 0.966797 0.921875 0.970703 0.919922 0.970703 0.916992 0.963867 0.916016
0 0.160156 0.641602 0.162109 0.646484 0.168945 0.648438 0.166016 0.642578
0 0.422852 0.717773 0.415039 0.718750 0.413086 0.723633 0.419922 0.722656
0 0.841797 0.655273 0.836914 0.657227 0.835938 0.666016 0.840820 0.662109
0 0.524414 0.933594 0.520508 0.931641 0.513672 0.936523 0.522461 0.937500
0 0.820312 0.090820 0.815430 0.092773 0.815430 0.099609 0.820312 0.095703
0 0.526367 0.709961 0.528320 0.712891 0.536133 0.712891 0.533203 0.708984
0 0.297852 0.407227 0.291992 0.408203 0.289062 0.415039 0.293945 0.414062
0 0.066406 0.050781 0.061523 0.052734 0.060547 0.058594 0.066406 0.054688
0 0.819336 0.820312 0.820312 0.831055 0.827148 0.834961 0.826172 0.826172
0 0.810547 0.658203 0.806641 0.661133 0.808594 0.668945 0.811523 0.665039
0 0.918945 0.141602 0.917969 0.150391 0.919922 0.153320 0.921875 0.144531
0 0.255859 0.037109 0.257812 0.046875 0.262695 0.048828 0.263672 0.044922 0.260742 0.039062
0 0.385742 0.726562 0.392578 0.733398 0.392578 0.729492
0 0.137695 0.389648 0.140625 0.392578 0.148438 0.391602 0.145508 0.387695
0 0.775391 0.188477 0.777344 0.195312 0.784180 0.199219 0.784180 0.192383 0.779297 0.188477
0 0.041992 0.330078 0.040039 0.337891 0.041016 0.341797 0.043945 0.342773 0.046875 0.333008 0.044922 0.330078
0 0.231445 0.402344 0.227539 0.401367 0.223633 0.407227 0.229492 0.406250
0 0.118164 0.354492 0.116211 0.354492 0.113281 0.360352 0.115234 0.366211 0.119141 0.363281
0 0.923828 0.871094 0.922852 0.878906 0.926758 0.880859 0.927734 0.875000
0 0.428711 0.184570 0.424805 0.183594 0.421875 0.190430 0.426758 0.189453
0 0.637695 0.516602 0.631836 0.518555 0.630859 0.526367 0.635742 0.523438
0 0.034180 0.107422 0.035156 0.111328 0.041016 0.114258 0.039062 0.108398
0 0.030273 0.365234 0.026367 0.366211 0.023438 0.371094 0.027344 0.371094
0 0.934570 0.417969 0.929688 0.421875 0.930664 0.430664 0.935547 0.424805