0 0.031250 0.100586 0.024414 0.101562 0.021484 0.105469 0.029297 0.105469
0 0.857422 0.662109 0.862305 0.666992 0.866211 0.666992 0.865234 0.663086
0 0.633789 0.136719 0.625977 0.136719 0.624023 0.140625 0.628906 0.141602
0 0.420898 0.445312 0.425781 0.446289 0.430664 0.442383 0.423828 0.441406
0 0.380859 0.128906 0.377930 0.130859 0.379883 0.139648 0.382812 0.137695
0 0.350586 0.974609 0.349609 0.977539 0.356445 0.983398 0.356445 0.977539
0 0.060547 0.304688 0.057617 0.308594 0.059570 0.316406 0.062500 0.310547
0 0.776367 0.456055 0.773438 0.459961 0.775391 0.466797 0.778320 0.464844
0 0.041016 0.752930 0.043945 0.755859 0.050781 0.754883 0.049805 0.751953
0 0.336914 0.295898 0.341797 0.298828 0.347656 0.296875 0.344727 0.293945
0 0.820312 0.636719 0.822266 0.641602 0.829102 0.642578 0.826172 0.637695
0 0.275391 0.562500 0.274414 0.571289 0.277344 0.573242 0.279297 0.563477
0 0.536133 0.920898 0.529297 0.919922 0.523438 0.922852 0.521484 0.926758 0.532227 0.926758
0 0.066406 0.733398 0.058594 0.735352 0.056641 0.739258 0.065430 0.738281
0 0.120117 0.532227 0.119141 0.537109 0.125000 0.541016 0.125977 0.537109
0 0.575195 0.250977 0.579102 0.256836 0.583008 0.256836 0.581055 0.251953
0 0.771484 0.747070 0.766602 0.750000 0.766602 0.755859 0.770508 0.753906
0 0.866211 0.562500 0.859375 0.562500 0.854492 0.565430 0.854492 0.568359 0.862305 0.568359 0.866211 0.565430
0 0.764648 0.181641 0.766602 0.186523 0.773438 0.187500 0.771484 0.183594
0 0.463867 0.931641 0.463867 0.937500 0.467773 0.941406 0.468750 0.935547 0.466797 0.931641
0 0.115234 0.779297 0.110352 0.778320 0.105469 0.783203 0.113281 0.782227
0 0.378906 0.880859 0.379883 0.887695 0.387695 0.891602 0.385742 0.884766
0 0.344727 0.803711 0.349609 0.807617 0.358398 0.807617 0.358398 0.804688 0.353516 0.801758
0 0.649414 0.882812 0.656250 0.883789 0.662109 0.878906 0.654297 0.877930
0 0.694336 0.005859 0.688477 0.007812 0.687500 0.015625 0.693359 0.011719
0 0.109375 0.626953 0.111328 0.635742 0.117188 0.638672 0.116211 0.630859
0 0.482422 0.130859 0.485352 0.134766 0.493164 0.134766 0.489258 0.129883 0.484375 0.128906
0 0.862305 0.815430 0.861328 0.820312 0.865234 0.825195 0.866211 0.817383
0 0.362305 0.744141 0.362305 0.750977 0.364258 0.753906 0.367188 0.753906 0.367188 0.748047