0 0.648438 0.646484 0.648438 0.652344 0.653320 0.657227 0.654297 0.651367
0 0.343750 0.208008 0.343750 0.209961 0.352539 0.210938 0.356445 0.208984 0.356445 0.206055 0.348633 0.205078
0 0.186523 0.252930 0.186523 0.261719 0.191406 0.265625 0.191406 0.257812
0 0.971680 0.545898 0.966797 0.546875 0.962891 0.553711 0.968750 0.552734
0 0.359375 0.412109 0.354492 0.413086 0.350586 0.419922 0.358398 0.418945
0 0.077148 0.470703 0.074219 0.470703 0.072266 0.473633 0.072266 0.481445 0.075195 0.481445 0.077148 0.477539
0 0.831055 0.490234 0.832031 0.497070 0.837891 0.500977 0.838867 0.498047 0.835938 0.491211
0 0.303711 0.808594 0.299805 0.810547 0.298828 0.818359 0.301758 0.818359 0.303711 0.815430
0 0.363281 0.659180 0.365234 0.666016 0.370117 0.666992 0.369141 0.662109
0 0.758789 0.374023 0.760742 0.379883 0.769531 0.380859 0.764648 0.375000
0 0.940430 0.613281 0.944336 0.618164 0.950195 0.617188 0.947266 0.613281
0 0.851562 0.769531 0.849609 0.767578 0.842773 0.768555 0.838867 0.771484 0.838867 0.774414 0.847656 0.774414
0 0.228516 0.286133 0.224609 0.288086 0.226562 0.298828 0.229492 0.294922
0 0.547852 0.130859 0.545898 0.138672 0.547852 0.143555 0.550781 0.144531 0.551758 0.135742
0 0.705078 0.489258 0.706055 0.494141 0.710938 0.496094 0.709961 0.491211
0 0.409180 0.670898 0.405273 0.670898 0.404297 0.680664 0.408203 0.677734
0 0.814453 0.446289 0.808594 0.449219 0.808594 0.457031 0.813477 0.453125
0 0.449219 0.786133 0.450195 0.789062 0.459961 0.788086 0.458984 0.784180
0 0.164062 0.564453 0.161133 0.566406 0.162109 0.576172 0.166016 0.572266 0.166016 0.565430
0 0.449219 0.133789 0.444336 0.137695 0.445312 0.146484 0.447266 0.146484 0.450195 0.140625
0 0.524414 0.399414 0.516602 0.400391 0.513672 0.406250 0.523438 0.403320
0 0.943359 0.229492 0.950195 0.230469 0.956055 0.226562 0.947266 0.224609 0.943359 0.226562
0 0.906250 0.624023 0.905273 0.628906 0.912109 0.635742 0.911133 0.627930
0 0.671875 0.250000 0.675781 0.256836 0.681641 0.257812 0.676758 0.250000
0 0.757812 0.515625 0.750000 0.515625 0.745117 0.522461 0.753906 0.521484
0 0.600586 0.400391 0.596680 0.402344 0.595703 0.409180 0.599609 0.407227
0 0.250977 0.496094 0.253906 0.501953 0.260742 0.501953 0.255859 0.496094
0 0.315430 0.344727 0.309570 0.346680 0.307617 0.351562 0.313477 0.350586
0 0.570312 0.422852 0.577148 0.422852 0.582031 0.417969 0.574219 0.416992 0.570312 0.419922
0 0.199219 0.093750 0.198242 0.099609 0.201172 0.101562 0.202148 0.093750
0 0.417969 0.979492 0.419922 0.982422 0.426758 0.982422 0.424805 0.978516
0 0.254883 0.348633 0.251953 0.349609 0.250000 0.356445 0.254883 0.354492
0 0.575195 0.645508 0.578125 0.648438 0.584961 0.646484 0.583008 0.643555
0 0.323242 0.901367 0.317383 0.901367 0.314453 0.907227 0.320312 0.906250
0 0.266602 0.666016 0.270508 0.670898 0.276367 0.669922 0.272461 0.666016
0 0.570312 0.915039 0.564453 0.915039 0.560547 0.917969 0.560547 0.920898 0.569336 0.919922
0 0.583008 0.690430 0.583008 0.695312 0.587891 0.700195 0.590820 0.700195 0.588867 0.693359
0 0.935547 0.846680 0.941406 0.851562 0.952148 0.849609 0.952148 0.847656 0.946289 0.844727
0 0.650391 0.580078 0.647461 0.580078 0.645508 0.583008 0.646484 0.590820 0.650391 0.585938
0 0.881836 0.926758 0.882812 0.930664 0.890625 0.931641 0.888672 0.927734
0 0.603516 0.852539 0.602539 0.860352 0.605469 0.863281 0.607422 0.854492
0 0.876953 0.777344 0.882812 0.778320 0.886719 0.773438 0.880859 0.773438
0 0.220703 0.041016 0.224609 0.047852 0.230469 0.048828 0.227539 0.041992
0 0.252930 0.744141 0.252930 0.750000 0.256836 0.751953 0.256836 0.747070
0 0.862305 0.759766 0.866211 0.763672 0.873047 0.763672 0.873047 0.760742 0.870117 0.758789
0 0.292969 0.424805 0.288086 0.425781 0.286133 0.432617 0.291016 0.430664
0 0.916992 0.675781 0.916016 0.682617 0.918945 0.685547 0.920898 0.679688
0 0.666016 0.748047 0.660156 0.749023 0.657227 0.756836 0.663086 0.754883