0 0.148438 0.446289 0.142578 0.449219 0.141602 0.456055 0.147461 0.452148
0 0.019531 0.812500 0.019531 0.815430 0.025391 0.819336 0.032227 0.819336 0.030273 0.814453
0 0.045898 0.678711 0.041992 0.681641 0.042969 0.688477 0.047852 0.683594
0 0.523438 0.498047 0.517578 0.500977 0.516602 0.506836 0.521484 0.504883
0 0.448242 0.746094 0.442383 0.749023 0.441406 0.754883 0.447266 0.751953
0 0.461914 0.589844 0.458984 0.589844 0.457031 0.593750 0.457031 0.600586 0.460938 0.599609
0 0.755859 0.307617 0.755859 0.313477 0.761719 0.318359 0.760742 0.309570
0 0.581055 0.384766 0.576172 0.384766 0.573242 0.391602 0.577148 0.390625
0 0.818359 0.950195 0.818359 0.956055 0.822266 0.958984 0.823242 0.953125 0.821289 0.950195
0 0.496094 0.199219 0.498047 0.203125 0.504883 0.205078 0.503906 0.200195
0 0.798828 0.880859 0.792969 0.882812 0.791016 0.891602 0.797852 0.887695
0 0.384766 0.833008 0.380859 0.834961 0.380859 0.842773 0.384766 0.839844
0 0.060547 0.085938 0.060547 0.095703 0.064453 0.097656 0.065430 0.089844 0.063477 0.085938
0 0.312500 0.528320 0.316406 0.529297 0.322266 0.526367 0.322266 0.523438 0.316406 0.523438 0.312500 0.525391
0 0.416016 0.804688 0.416016 0.810547 0.420898 0.815430 0.421875 0.809570
0 0.795898 0.589844 0.791016 0.589844 0.787109 0.596680 0.794922 0.593750
0 0.139648 0.416016 0.142578 0.422852 0.148438 0.423828 0.146484 0.417969
0 0.531250 0.212891 0.528320 0.213867 0.528320 0.221680 0.532227 0.217773
0 0.740234 0.421875 0.735352 0.425781 0.736328 0.434570 0.741211 0.430664
0 0.613281 0.792969 0.614258 0.799805 0.618164 0.801758 0.618164 0.795898
0 0.683594 0.029297 0.682617 0.036133 0.685547 0.039062 0.687500 0.033203
0 0.639648 0.676758 0.643555 0.680664 0.653320 0.678711 0.653320 0.675781 0.648438 0.673828
0 0.615234 0.538086 0.617188 0.543945 0.622070 0.544922 0.621094 0.540039
0 0.903320 0.072266 0.902344 0.077148 0.907227 0.082031 0.907227 0.074219
0 0.559570 0.567383 0.559570 0.574219 0.563477 0.578125 0.564453 0.570312 0.562500 0.567383
0 0.022461 0.031250 0.024414 0.036133 0.032227 0.038086 0.028320 0.031250
0 0.206055 0.153320 0.201172 0.156250 0.199219 0.164062 0.205078 0.160156
0 0.589844 0.478516 0.584961 0.480469 0.583984 0.487305 0.588867 0.484375
0 0.960938 0.546875 0.955078 0.552734 0.956055 0.558594 0.960938 0.555664
0 0.440430 0.798828 0.443359 0.806641 0.447266 0.807617 0.447266 0.802734
0 0.681641 0.047852 0.679688 0.049805 0.680664 0.054688 0.686523 0.059570 0.686523 0.051758
0 0.110352 0.965820 0.104492 0.966797 0.101562 0.971680 0.107422 0.971680
0 0.473633 0.700195 0.474609 0.704102 0.484375 0.705078 0.480469 0.700195
0 0.412109 0.782227 0.412109 0.788086 0.418945 0.792969 0.417969 0.785156
0 0.400391 0.931641 0.395508 0.933594 0.392578 0.938477 0.393555 0.940430 0.399414 0.937500
0 0.931641 0.492188 0.931641 0.498047 0.936523 0.500977 0.935547 0.495117
0 0.109375 0.943359 0.113281 0.947266 0.123047 0.944336 0.117188 0.941406
0 0.063477 0.660156 0.054688 0.661133 0.051758 0.666992 0.060547 0.666016
0 0.445312 0.167969 0.448242 0.172852 0.456055 0.172852 0.454102 0.168945
0 0.725586 0.867188 0.716797 0.867188 0.712891 0.870117 0.712891 0.873047 0.721680 0.873047 0.725586 0.870117
0 0.418945 0.290039 0.414062 0.293945 0.414062 0.297852 0.419922 0.294922
0 0.085938 0.461914 0.079102 0.462891 0.077148 0.466797 0.083984 0.466797
0 0.431641 0.540039 0.425781 0.542969 0.424805 0.547852 0.429688 0.546875
0 0.267578 0.833984 0.272461 0.837891 0.277344 0.836914 0.273438 0.833008
0 0.734375 0.560547 0.729492 0.561523 0.725586 0.565430 0.725586 0.569336 0.731445 0.568359
0 0.437500 0.228516 0.434570 0.225586 0.426758 0.227539 0.427734 0.230469 0.435547 0.230469
0 0.041016 0.212891 0.043945 0.217773 0.051758 0.217773 0.046875 0.212891
0 0.658203 0.388672 0.660156 0.394531 0.666016 0.396484 0.665039 0.391602
0 0.882812 0.600586 0.876953 0.604492 0.875977 0.609375 0.879883 0.609375 0.882812 0.606445
0 0.502930 0.096680 0.502930 0.103516 0.506836 0.106445 0.506836 0.100586
0 0.120117 0.853516 0.114258 0.856445 0.112305 0.865234 0.120117 0.859375
0 0.971680 0.814453 0.964844 0.813477 0.958008 0.819336 0.965820 0.820312
0 0.245117 0.182617 0.244141 0.190430 0.249023 0.194336 0.250000 0.185547 0.248047 0.182617
0 0.016602 0.394531 0.017578 0.397461 0.026367 0.396484 0.025391 0.392578
0 0.791992 0.746094 0.791992 0.750977 0.796875 0.753906 0.795898 0.748047
0 0.470703 0.745117 0.471680 0.750000 0.479492 0.753906 0.477539 0.747070