0 0.952148 0.962891 0.956055 0.968750 0.959961 0.968750 0.957031 0.963867
0 0.963867 0.501953 0.967773 0.508789 0.973633 0.509766 0.970703 0.502930
0 0.522461 0.321289 0.523438 0.331055 0.528320 0.333008 0.527344 0.325195
0 0.250977 0.437500 0.250977 0.440430 0.254883 0.442383 0.259766 0.441406 0.256836 0.437500
0 0.785156 0.974609 0.786133 0.980469 0.792969 0.984375 0.791016 0.976562
0 0.217773 0.834961 0.218750 0.837891 0.227539 0.836914 0.224609 0.833984
0 0.903320 0.212891 0.903320 0.217773 0.907227 0.222656 0.908203 0.216797
0 0.565430 0.405273 0.559570 0.407227 0.557617 0.416992 0.560547 0.416992 0.564453 0.412109
0 0.165039 0.892578 0.166016 0.898438 0.170898 0.901367 0.172852 0.898438
0 0.392578 0.487305 0.387695 0.488281 0.382812 0.497070 0.389648 0.494141
0 0.480469 0.669922 0.475586 0.667969 0.466797 0.672852 0.467773 0.674805 0.476562 0.674805
0 0.818359 0.492188 0.821289 0.499023 0.830078 0.500000 0.825195 0.493164
0 0.611328 0.179688 0.606445 0.180664 0.604492 0.185547 0.609375 0.184570
0 0.531250 0.461914 0.531250 0.468750 0.536133 0.471680 0.535156 0.463867
0 0.083008 0.316406 0.086914 0.322266 0.092773 0.323242 0.090820 0.317383
0 0.754883 0.420898 0.750977 0.427734 0.751953 0.433594 0.755859 0.433594 0.757812 0.428711 0.756836 0.421875
0 0.165039 0.587891 0.159180 0.588867 0.155273 0.597656 0.160156 0.596680 0.164062 0.592773
0 0.214844 0.092773 0.213867 0.097656 0.215820 0.101562 0.220703 0.103516 0.219727 0.095703
0 0.921875 0.341797 0.915039 0.339844 0.907227 0.343750 0.916992 0.345703
0 0.176758 0.832031 0.172852 0.833008 0.174805 0.842773 0.177734 0.834961
0 0.707031 0.426758 0.705078 0.426758 0.704102 0.430664 0.706055 0.436523 0.708984 0.432617
0 0.888672 0.234375 0.890625 0.240234 0.896484 0.243164 0.899414 0.242188 0.896484 0.236328
0 0.590820 0.926758 0.594727 0.931641 0.601562 0.931641 0.598633 0.926758
0 0.978516 0.056641 0.974609 0.060547 0.975586 0.067383 0.979492 0.062500
0 0.806641 0.591797 0.800781 0.590820 0.795898 0.596680 0.799805 0.597656
0 0.309570 0.228516 0.303711 0.231445 0.302734 0.238281 0.308594 0.235352
0 0.369141 0.052734 0.369141 0.057617 0.374023 0.061523 0.374023 0.054688
0 0.208984 0.618164 0.205078 0.621094 0.205078 0.627930 0.209961 0.623047
0 0.306641 0.281250 0.302734 0.283203 0.302734 0.291016 0.304688 0.292969 0.307617 0.288086
0 0.278320 0.604492 0.270508 0.605469 0.266602 0.610352 0.273438 0.610352
0 0.250977 0.023438 0.247070 0.026367 0.247070 0.031250 0.250000 0.035156 0.252930 0.029297
0 0.382812 0.136719 0.382812 0.138672 0.387695 0.140625 0.392578 0.138672 0.390625 0.134766
0 0.231445 0.077148 0.233398 0.083984 0.241211 0.087891 0.239258 0.080078
0 0.091797 0.695312 0.099609 0.697266 0.101562 0.693359
0 0.437500 0.142578 0.443359 0.146484 0.449219 0.145508 0.449219 0.141602 0.446289 0.140625
0 0.669922 0.264648 0.665039 0.266602 0.663086 0.276367 0.668945 0.272461
0 0.269531 0.134766 0.268555 0.139648 0.274414 0.145508 0.274414 0.138672
0 0.825195 0.807617 0.817383 0.808594 0.814453 0.814453 0.822266 0.812500
0 0.742188 0.628906 0.743164 0.636719 0.748047 0.639648 0.748047 0.631836
0 0.442383 0.969727 0.445312 0.973633 0.454102 0.973633 0.454102 0.970703 0.450195 0.968750
0 0.912109 0.094727 0.911133 0.100586 0.913086 0.105469 0.916016 0.106445 0.916016 0.096680
0 0.949219 0.755859 0.949219 0.763672 0.953125 0.767578 0.953125 0.757812
0 0.149414 0.688477 0.152344 0.692383 0.159180 0.692383 0.159180 0.689453 0.156250 0.687500
0 0.387695 0.453125 0.381836 0.454102 0.378906 0.458984 0.382812 0.459961
0 0.953125 0.739258 0.947266 0.743164 0.947266 0.751953 0.952148 0.748047
0 0.280273 0.930664 0.280273 0.938477 0.284180 0.941406 0.285156 0.934570
0 0.951172 0.982422 0.950195 0.991211 0.952148 0.994141 0.955078 0.994141 0.956055 0.987305
0 0.526367 0.343750 0.522461 0.345703 0.522461 0.353516 0.526367 0.350586
0 0.283203 0.609375 0.293945 0.607422 0.284180 0.605469
0 0.461914 0.509766 0.461914 0.517578 0.465820 0.519531 0.465820 0.511719
0 0.731445 0.604492 0.727539 0.609375 0.727539 0.616211 0.730469 0.619141 0.733398 0.613281
0 0.729492 0.297852 0.725586 0.297852 0.721680 0.304688 0.725586 0.304688
0 0.849609 0.674805 0.842773 0.673828 0.836914 0.679688 0.844727 0.679688
0 0.337891 0.533203 0.333984 0.536133 0.333984 0.542969 0.336914 0.546875 0.339844 0.541992 0.339844 0.535156
0 0.152344 0.510742 0.152344 0.515625 0.158203 0.519531 0.157227 0.512695
0 0.626953 0.125000 0.626953 0.127930 0.629883 0.128906 0.637695 0.126953 0.637695 0.125000 0.633789 0.124023
0 0.389648 0.697266 0.385742 0.702148 0.387695 0.711914 0.390625 0.708008
0 0.530273 0.226562 0.528320 0.232422 0.531250 0.239258 0.534180 0.240234 0.534180 0.230469
0 0.654297 0.471680 0.653320 0.476562 0.657227 0.482422 0.658203 0.472656
0 0.140625 0.543945 0.134766 0.543945 0.130859 0.547852 0.130859 0.551758 0.138672 0.548828