0 0.266602 0.589844 0.266602 0.595703 0.274414 0.598633 0.275391 0.595703 0.272461 0.591797
0 0.468750 0.792969 0.471680 0.796875 0.478516 0.796875 0.476562 0.792969
0 0.140625 0.416992 0.145508 0.422852 0.148438 0.423828 0.150391 0.421875 0.146484 0.416992
0 0.175781 0.239258 0.177734 0.244141 0.184570 0.245117 0.180664 0.239258
0 0.923828 0.932617 0.922852 0.939453 0.925781 0.943359 0.928711 0.943359 0.927734 0.935547
0 0.125977 0.375000 0.120117 0.375977 0.117188 0.381836 0.122070 0.381836
0 0.247070 0.546875 0.254883 0.547852 0.258789 0.542969 0.251953 0.541992
0 0.327148 0.076172 0.330078 0.083008 0.334961 0.083008 0.333008 0.078125
0 0.619141 0.957031 0.615234 0.958008 0.617188 0.967773
0 0.832031 0.783203 0.832031 0.792969 0.835938 0.793945 0.835938 0.785156
0 0.083984 0.828125 0.086914 0.833008 0.093750 0.834961 0.089844 0.828125
0 0.341797 0.735352 0.341797 0.738281 0.350586 0.739258 0.349609 0.735352
0 0.478516 0.931641 0.476562 0.943359 0.480469 0.945312 0.482422 0.943359 0.481445 0.931641
0 0.410156 0.317383 0.401367 0.317383 0.399414 0.321289 0.405273 0.322266
0 0.160156 0.111328 0.152344 0.115234 0.151367 0.122070 0.159180 0.117188
0 0.433594 0.593750 0.429688 0.594727 0.427734 0.603516 0.432617 0.600586
0 0.896484 0.519531 0.891602 0.518555 0.886719 0.523438 0.894531 0.522461
0 0.194336 0.454102 0.188477 0.452148 0.182617 0.455078 0.181641 0.458008 0.188477 0.458984 0.193359 0.457031
0 0.743164 0.578125 0.747070 0.581055 0.753906 0.581055 0.753906 0.578125 0.750000 0.576172
0 0.016602 0.160156 0.007812 0.160156 0.005859 0.165039 0.012695 0.165039
0 0.708984 0.338867 0.701172 0.339844 0.700195 0.343750 0.708984 0.342773
0 0.680664 0.322266 0.683594 0.326172 0.689453 0.327148 0.687500 0.322266
0 0.550781 0.799805 0.544922 0.799805 0.539062 0.805664 0.546875 0.806641 0.550781 0.803711
0 0.981445 0.286133 0.985352 0.291992 0.992188 0.292969 0.989258 0.288086
0 0.676758 0.148438 0.670898 0.152344 0.670898 0.157227 0.676758 0.154297
0 0.300781 0.703125 0.300781 0.711914 0.304688 0.712891 0.303711 0.703125
0 0.394531 0.427734 0.394531 0.435547 0.397461 0.439453 0.400391 0.439453 0.400391 0.431641
0 0.034180 0.043945 0.038086 0.049805 0.045898 0.049805 0.043945 0.044922
0 0.847656 0.211914 0.847656 0.215820 0.850586 0.218750 0.856445 0.219727 0.851562 0.211914
0 0.914062 0.269531 0.908203 0.269531 0.905273 0.274414 0.912109 0.273438
0 0.727539 0.032227 0.719727 0.032227 0.715820 0.037109 0.724609 0.037109 0.727539 0.035156
0 0.113281 0.847656 0.115234 0.850586 0.123047 0.848633 0.122070 0.845703
0 0.483398 0.379883 0.481445 0.386719 0.485352 0.394531 0.487305 0.384766 0.485352 0.379883
0 0.071289 0.121094 0.073242 0.125977 0.080078 0.126953 0.076172 0.121094
0 0.595703 0.753906 0.598633 0.758789 0.605469 0.758789 0.602539 0.753906
0 0.325195 0.831055 0.331055 0.833984 0.336914 0.832031 0.333008 0.829102
0 0.943359 0.102539 0.944336 0.108398 0.950195 0.111328 0.949219 0.105469
0 0.750000 0.029297 0.745117 0.032227 0.745117 0.041016 0.750977 0.034180
0 0.359375 0.925781 0.359375 0.930664 0.367188 0.934570 0.365234 0.926758
0 0.951172 0.379883 0.945312 0.381836 0.941406 0.386719 0.947266 0.387695 0.951172 0.383789
0 0.929688 0.011719 0.928711 0.018555 0.932617 0.023438 0.934570 0.018555 0.932617 0.012695
0 0.828125 0.524414 0.823242 0.526367 0.822266 0.536133 0.828125 0.531250
0 0.083984 0.803711 0.082031 0.808594 0.083008 0.812500 0.085938 0.813477 0.086914 0.804688
0 0.244141 0.799805 0.247070 0.803711 0.253906 0.802734 0.249023 0.798828
0 0.356445 0.873047 0.356445 0.880859 0.361328 0.885742 0.363281 0.882812 0.362305 0.876953
0 0.317383 0.751953 0.312500 0.754883 0.311523 0.761719 0.317383 0.758789
0 0.291992 0.143555 0.296875 0.148438 0.300781 0.148438 0.299805 0.144531
0 0.615234 0.721680 0.613281 0.723633 0.614258 0.726562 0.620117 0.731445 0.619141 0.723633
0 0.580078 0.031250 0.581055 0.034180 0.588867 0.033203 0.585938 0.030273
0 0.615234 0.462891 0.616211 0.470703 0.619141 0.472656 0.619141 0.464844
0 0.496094 0.822266 0.496094 0.828125 0.502930 0.833008 0.500977 0.825195
0 0.493164 0.362305 0.488281 0.365234 0.487305 0.372070 0.493164 0.369141
0 0.325195 0.311523 0.318359 0.312500 0.316406 0.316406 0.323242 0.315430
0 0.970703 0.240234 0.961914 0.241211 0.960938 0.245117 0.964844 0.245117
0 0.330078 0.517578 0.324219 0.518555 0.321289 0.526367 0.326172 0.525391
0 0.804688 0.201172 0.804688 0.204102 0.808594 0.206055 0.816406 0.205078 0.813477 0.201172
0 0.120117 0.051758 0.127930 0.051758 0.129883 0.047852 0.122070 0.047852
0 0.566406 0.141602 0.565430 0.144531 0.568359 0.150391 0.574219 0.152344 0.574219 0.147461
0 0.718750 0.298828 0.721680 0.301758 0.729492 0.300781 0.726562 0.296875
0 0.442383 0.301758 0.439453 0.301758 0.436523 0.307617 0.438477 0.314453 0.442383 0.310547
0 0.799805 0.043945 0.799805 0.049805 0.803711 0.055664 0.805664 0.048828
0 0.218750 0.440430 0.211914 0.444336 0.211914 0.449219 0.217773 0.447266
0 0.771484 0.357422 0.771484 0.363281 0.776367 0.367188 0.777344 0.362305
0 0.621094 0.154297 0.618164 0.154297 0.616211 0.158203 0.616211 0.165039 0.620117 0.164062
0 0.723633 0.693359 0.726562 0.699219 0.732422 0.700195 0.729492 0.694336
0 0.673828 0.033203 0.667969 0.033203 0.666016 0.040039 0.670898 0.039062
0 0.636719 0.326172 0.637695 0.332031 0.644531 0.334961 0.642578 0.329102
0 0.316406 0.739258 0.315430 0.742188 0.318359 0.750000 0.320312 0.749023 0.320312 0.741211
0 0.507812 0.736328 0.513672 0.741211 0.519531 0.739258 0.516602 0.735352 0.510742 0.734375
0 0.060547 0.350586 0.068359 0.355469 0.074219 0.353516 0.072266 0.349609 0.068359 0.348633