0 0.227539 0.409180 0.226562 0.417969 0.230469 0.420898 0.232422 0.414062
0 0.630859 0.554688 0.631836 0.560547 0.639648 0.563477 0.636719 0.556641
0 0.954102 0.728516 0.958008 0.733398 0.963867 0.733398 0.962891 0.729492
0 0.233398 0.798828 0.229492 0.797852 0.226562 0.804688 0.231445 0.803711
0 0.781250 0.099609 0.781250 0.107422 0.785156 0.109375 0.785156 0.101562
0 0.667969 0.279297 0.663086 0.279297 0.659180 0.283203 0.666016 0.284180
0 0.543945 0.550781 0.547852 0.553711 0.553711 0.553711 0.556641 0.551758 0.556641 0.548828 0.548828 0.547852
0 0.142578 0.083008 0.148438 0.083984 0.152344 0.079102 0.145508 0.079102
0 0.228516 0.074219 0.223633 0.075195 0.220703 0.079102 0.225586 0.079102
0 0.571289 0.881836 0.571289 0.886719 0.578125 0.890625 0.578125 0.885742
0 0.162109 0.918945 0.171875 0.920898 0.172852 0.916992 0.165039 0.916016
0 0.259766 0.041016 0.254883 0.043945 0.253906 0.052734 0.258789 0.051758 0.260742 0.047852
0 0.500977 0.217773 0.495117 0.220703 0.492188 0.231445 0.500000 0.227539 0.501953 0.223633
0 0.137695 0.619141 0.135742 0.621094 0.136719 0.631836 0.139648 0.631836 0.140625 0.621094
0 0.149414 0.416992 0.147461 0.426758 0.149414 0.429688 0.152344 0.429688 0.153320 0.419922
0 0.317383 0.498047 0.316406 0.505859 0.319336 0.506836 0.319336 0.499023
0 0.315430 0.322266 0.319336 0.326172 0.326172 0.326172 0.326172 0.323242 0.322266 0.321289
0 0.396484 0.978516 0.398438 0.985352 0.402344 0.986328 0.401367 0.980469
0 0.051758 0.802734 0.053711 0.811523 0.059570 0.813477 0.058594 0.807617
0 0.416016 0.699219 0.416016 0.708984 0.419922 0.709961 0.419922 0.701172
0 0.286133 0.539062 0.286133 0.545898 0.289062 0.548828 0.291016 0.542969 0.289062 0.539062
0 0.428711 0.177734 0.431641 0.180664 0.438477 0.179688 0.434570 0.176758
0 0.316406 0.958984 0.320312 0.964844 0.328125 0.964844 0.323242 0.958984
0 0.606445 0.747070 0.605469 0.756836 0.607422 0.759766 0.610352 0.759766 0.610352 0.751953
0 0.523438 0.088867 0.527344 0.091797 0.535156 0.090820 0.533203 0.086914 0.525391 0.086914
0 0.168945 0.064453 0.169922 0.071289 0.173828 0.073242 0.172852 0.065430
0 0.908203 0.807617 0.907227 0.817383 0.911133 0.820312 0.912109 0.811523
0 0.169922 0.442383 0.170898 0.449219 0.175781 0.452148 0.175781 0.445312
0 0.376953 0.179688 0.376953 0.185547 0.381836 0.188477 0.380859 0.181641
0 0.567383 0.074219 0.572266 0.080078 0.578125 0.078125 0.575195 0.074219
0 0.644531 0.775391 0.648438 0.781250 0.654297 0.782227 0.652344 0.776367
0 0.007812 0.252930 0.008789 0.258789 0.016602 0.262695 0.013672 0.254883
0 0.344727 0.678711 0.349609 0.679688 0.356445 0.675781 0.355469 0.673828 0.348633 0.673828
0 0.642578 0.220703 0.635742 0.221680 0.633789 0.225586 0.641602 0.224609
0 0.470703 0.797852 0.466797 0.797852 0.462891 0.805664 0.466797 0.804688
0 0.551758 0.837891 0.544922 0.837891 0.541016 0.843750 0.548828 0.842773
0 0.395508 0.811523 0.399414 0.815430 0.405273 0.813477 0.400391 0.810547
0 0.125977 0.280273 0.126953 0.285156 0.133789 0.289062 0.132812 0.283203 0.129883 0.280273
0 0.474609 0.758789 0.475586 0.760742 0.483398 0.759766 0.483398 0.757812
0 0.185547 0.282227 0.188477 0.286133 0.193359 0.287109 0.192383 0.283203
0 0.994141 0.544922 0.986328 0.544922 0.983398 0.550781 0.989258 0.550781
0 0.350586 0.729492 0.345703 0.734375 0.346680 0.742188 0.351562 0.737305