0 0.909180 0.039062 0.903320 0.039062 0.899414 0.045898 0.907227 0.043945
0 0.863281 0.217773 0.855469 0.218750 0.852539 0.222656 0.858398 0.223633 0.863281 0.220703
0 0.438477 0.520508 0.439453 0.526367 0.445312 0.530273 0.443359 0.521484
0 0.338867 0.940430 0.338867 0.947266 0.343750 0.950195 0.342773 0.942383
0 0.950195 0.421875 0.958008 0.423828 0.963867 0.417969 0.956055 0.416992
0 0.511719 0.228516 0.516602 0.232422 0.526367 0.232422 0.527344 0.230469 0.522461 0.226562
0 0.631836 0.609375 0.630859 0.615234 0.637695 0.619141 0.635742 0.611328
0 0.680664 0.037109 0.676758 0.041016 0.678711 0.047852 0.681641 0.043945
0 0.330078 0.130859 0.331055 0.133789 0.339844 0.131836 0.339844 0.129883 0.335938 0.128906
0 0.092773 0.931641 0.090820 0.929688 0.084961 0.931641 0.081055 0.938477 0.089844 0.936523
0 0.272461 0.810547 0.267578 0.812500 0.266602 0.821289 0.271484 0.818359
0 0.078125 0.250977 0.076172 0.252930 0.078125 0.260742 0.081055 0.252930
0 0.232422 0.193359 0.232422 0.201172 0.238281 0.207031 0.240234 0.205078 0.239258 0.198242 0.235352 0.193359
0 0.707031 0.069336 0.709961 0.074219 0.718750 0.074219 0.716797 0.070312
0 0.698242 0.871094 0.694336 0.873047 0.693359 0.879883 0.697266 0.877930
0 0.299805 0.965820 0.293945 0.966797 0.291992 0.972656 0.297852 0.971680
0 0.441406 0.206055 0.433594 0.208008 0.431641 0.213867 0.438477 0.212891
0 0.835938 0.425781 0.833984 0.429688 0.834961 0.434570 0.840820 0.440430 0.841797 0.430664 0.838867 0.425781
0 0.392578 0.379883 0.395508 0.382812 0.402344 0.380859 0.398438 0.377930
0 0.320312 0.388672 0.320312 0.397461 0.325195 0.400391 0.326172 0.394531
0 0.013672 0.087891 0.011719 0.096680 0.015625 0.099609 0.017578 0.091797
0 0.396484 0.056641 0.398438 0.061523 0.406250 0.060547 0.403320 0.056641
0 0.221680 0.968750 0.221680 0.971680 0.228516 0.975586 0.227539 0.970703
0 0.255859 0.420898 0.257812 0.423828 0.265625 0.422852 0.264648 0.419922 0.259766 0.418945
0 0.351562 0.019531 0.348633 0.023438 0.349609 0.030273 0.351562 0.030273 0.353516 0.025391
0 0.677734 0.865234 0.667969 0.868164 0.668945 0.870117 0.673828 0.870117
0 0.138672 0.586914 0.130859 0.588867 0.129883 0.593750 0.135742 0.592773
0 0.380859 0.709961 0.376953 0.712891 0.376953 0.720703 0.381836 0.716797
0 0.186523 0.488281 0.187500 0.495117 0.191406 0.496094 0.190430 0.490234
0 0.652344 0.652344 0.653320 0.658203 0.661133 0.663086 0.660156 0.656250 0.656250 0.652344
0 0.130859 0.166992 0.137695 0.167969 0.141602 0.163086 0.133789 0.163086
0 0.934570 0.122070 0.937500 0.125000 0.946289 0.125977 0.943359 0.120117 0.936523 0.120117
0 0.646484 0.281250 0.642578 0.281250 0.639648 0.288086 0.644531 0.286133
0 0.271484 0.392578 0.271484 0.399414 0.276367 0.402344 0.275391 0.394531
0 0.514648 0.780273 0.504883 0.781250 0.503906 0.785156 0.510742 0.785156
0 0.577148 0.429688 0.580078 0.436523 0.588867 0.438477 0.585938 0.431641
0 0.420898 0.631836 0.421875 0.637695 0.427734 0.640625 0.425781 0.632812
0 0.058594 0.247070 0.059570 0.252930 0.064453 0.254883 0.063477 0.249023
0 0.977539 0.700195 0.974609 0.700195 0.972656 0.703125 0.972656 0.709961 0.976562 0.708008
0 0.248047 0.345703 0.242188 0.347656 0.240234 0.351562 0.245117 0.352539
0 0.762695 0.917969 0.756836 0.921875 0.755859 0.926758 0.759766 0.926758 0.762695 0.923828
0 0.430664 0.169922 0.431641 0.173828 0.436523 0.176758 0.436523 0.171875
0 0.450195 0.016602 0.451172 0.019531 0.458008 0.020508 0.462891 0.018555 0.463867 0.014648 0.456055 0.013672
0 0.245117 0.241211 0.238281 0.245117 0.237305 0.250977 0.244141 0.247070
0 0.200195 0.673828 0.193359 0.677734 0.193359 0.682617 0.200195 0.677734
0 0.887695 0.769531 0.884766 0.771484 0.885742 0.778320 0.888672 0.775391
0 0.500977 0.938477 0.500000 0.944336 0.503906 0.947266 0.504883 0.941406
0 0.558594 0.338867 0.561523 0.341797 0.571289 0.340820 0.570312 0.337891 0.559570 0.336914
0 0.972656 0.463867 0.976562 0.470703 0.980469 0.469727 0.977539 0.463867
0 0.061523 0.495117 0.060547 0.503906 0.061523 0.506836 0.064453 0.506836 0.066406 0.501953 0.065430 0.498047
0 0.580078 0.060547 0.578125 0.067383 0.582031 0.073242 0.583984 0.064453
0 0.838867 0.802734 0.839844 0.808594 0.847656 0.812500 0.848633 0.810547 0.845703 0.805664
0 0.683594 0.425781 0.683594 0.434570 0.687500 0.438477 0.689453 0.434570 0.686523 0.425781
0 0.321289 0.699219 0.314453 0.704102 0.315430 0.707031 0.320312 0.705078
0 0.095703 0.137695 0.088867 0.140625 0.085938 0.148438 0.094727 0.144531
0 0.930664 0.012695 0.923828 0.016602 0.923828 0.021484 0.929688 0.017578
0 0.120117 0.485352 0.119141 0.490234 0.124023 0.494141 0.124023 0.488281
0 0.182617 0.137695 0.175781 0.141602 0.175781 0.147461 0.182617 0.143555