0 0.852539 0.441406 0.853516 0.448242 0.858398 0.451172 0.857422 0.443359
0 0.229492 0.322266 0.225586 0.320312 0.219727 0.324219 0.224609 0.325195
0 0.267578 0.243164 0.260742 0.245117 0.258789 0.250977 0.265625 0.249023
0 0.401367 0.711914 0.401367 0.713867 0.407227 0.715820 0.415039 0.713867 0.410156 0.708984
0 0.380859 0.115234 0.381836 0.118164 0.386719 0.120117 0.392578 0.118164 0.389648 0.114258
0 0.566406 0.595703 0.571289 0.599609 0.577148 0.599609 0.581055 0.596680 0.577148 0.594727
0 0.259766 0.714844 0.259766 0.725586 0.263672 0.728516 0.264648 0.717773 0.263672 0.714844
0 0.566406 0.245117 0.567383 0.250977 0.573242 0.253906 0.572266 0.248047
0 0.442383 0.328125 0.445312 0.332031 0.452148 0.332031 0.451172 0.328125
0 0.374023 0.303711 0.369141 0.304688 0.366211 0.311523 0.373047 0.308594
0 0.484375 0.328125 0.489258 0.333008 0.497070 0.332031 0.496094 0.328125 0.493164 0.327148
0 0.374023 0.875000 0.375977 0.885742 0.377930 0.879883 0.376953 0.875977
0 0.099609 0.949219 0.099609 0.952148 0.105469 0.955078 0.112305 0.953125 0.108398 0.949219
0 0.317383 0.867188 0.311523 0.869141 0.309570 0.876953 0.316406 0.873047
0 0.032227 0.928711 0.032227 0.932617 0.039062 0.936523 0.037109 0.930664
0 0.232422 0.155273 0.228516 0.157227 0.227539 0.165039 0.233398 0.162109 0.234375 0.158203
0 0.375000 0.141602 0.369141 0.143555 0.368164 0.150391 0.373047 0.148438
0 0.453125 0.084961 0.453125 0.089844 0.458984 0.093750 0.458984 0.088867
0 0.696289 0.667969 0.695312 0.677734 0.698242 0.678711 0.700195 0.670898
0 0.774414 0.686523 0.776367 0.693359 0.779297 0.694336 0.778320 0.687500
0 0.958984 0.148438 0.958008 0.153320 0.960938 0.158203 0.962891 0.152344
0 0.153320 0.948242 0.148438 0.947266 0.143555 0.953125 0.151367 0.951172
0 0.657227 0.846680 0.662109 0.854492 0.667969 0.854492 0.665039 0.848633
0 0.850586 0.761719 0.859375 0.759766 0.859375 0.756836 0.851562 0.757812
0 0.342773 0.297852 0.335938 0.297852 0.331055 0.304688 0.340820 0.302734
0 0.364258 0.750977 0.367188 0.756836 0.373047 0.757812 0.371094 0.752930
0 0.541992 0.770508 0.537109 0.773438 0.537109 0.783203 0.541992 0.778320
0 0.805664 0.254883 0.800781 0.258789 0.799805 0.263672 0.801758 0.267578 0.806641 0.260742
0 0.128906 0.721680 0.122070 0.722656 0.118164 0.728516 0.123047 0.729492 0.126953 0.727539
0 0.635742 0.486328 0.631836 0.489258 0.632812 0.497070 0.635742 0.495117
0 0.233398 0.348633 0.233398 0.351562 0.236328 0.353516 0.244141 0.353516 0.240234 0.348633
0 0.799805 0.215820 0.798828 0.221680 0.801758 0.226562 0.802734 0.217773
0 0.206055 0.364258 0.202148 0.367188 0.204102 0.375000 0.207031 0.372070
0 0.043945 0.519531 0.041992 0.518555 0.037109 0.521484 0.034180 0.528320 0.040039 0.527344
0 0.105469 0.842773 0.107422 0.845703 0.115234 0.845703 0.111328 0.841797
0 0.650391 0.558594 0.652344 0.562500 0.661133 0.562500 0.657227 0.557617
0 0.603516 0.941406 0.596680 0.940430 0.590820 0.945312 0.598633 0.946289
0 0.715820 0.555664 0.709961 0.555664 0.706055 0.560547 0.710938 0.561523
0 0.035156 0.023438 0.031250 0.027344 0.033203 0.034180 0.036133 0.031250
0 0.435547 0.479492 0.436523 0.486328 0.442383 0.489258 0.442383 0.484375
0 0.174805 0.871094 0.170898 0.874023 0.173828 0.882812 0.176758 0.876953
0 0.594727 0.979492 0.590820 0.982422 0.592773 0.993164 0.596680 0.986328
0 0.279297 0.401367 0.279297 0.403320 0.285156 0.406250 0.295898 0.404297 0.294922 0.401367 0.290039 0.399414
0 0.930664 0.740234 0.925781 0.742188 0.924805 0.749023 0.930664 0.745117
0 0.662109 0.455078 0.657227 0.462891 0.662109 0.460938
0 0.275391 0.609375 0.272461 0.611328 0.272461 0.619141 0.276367 0.616211
0 0.526367 0.169922 0.527344 0.172852 0.532227 0.174805 0.538086 0.172852 0.536133 0.168945
0 0.775391 0.566406 0.776367 0.572266 0.782227 0.575195 0.782227 0.570312
0 0.492188 0.139648 0.496094 0.143555 0.502930 0.142578 0.500000 0.139648
0 0.306641 0.331055 0.302734 0.332031 0.301758 0.340820 0.306641 0.336914
0 0.791992 0.720703 0.783203 0.722656 0.782227 0.727539 0.788086 0.726562
0 0.974609 0.799805 0.969727 0.802734 0.968750 0.809570 0.973633 0.806641
0 0.944336 0.731445 0.948242 0.737305 0.954102 0.738281 0.951172 0.732422
0 0.748047 0.301758 0.745117 0.305664 0.745117 0.312500 0.750000 0.310547 0.750000 0.303711
0 0.789062 0.301758 0.791016 0.304688 0.797852 0.302734 0.796875 0.299805
0 0.387695 0.193359 0.392578 0.196289 0.398438 0.194336 0.396484 0.191406
0 0.416016 0.563477 0.416992 0.567383 0.424805 0.567383 0.421875 0.563477
0 0.690430 0.736328 0.691406 0.738281 0.701172 0.737305 0.700195 0.734375
0 0.840820 0.256836 0.833984 0.259766 0.832031 0.267578 0.838867 0.264648
0 0.235352 0.636719 0.228516 0.637695 0.225586 0.644531 0.232422 0.642578
0 0.145508 0.756836 0.148438 0.760742 0.156250 0.760742 0.155273 0.756836
0 0.144531 0.042969 0.144531 0.049805 0.150391 0.055664 0.151367 0.048828 0.147461 0.042969
0 0.026367 0.866211 0.033203 0.867188 0.038086 0.863281 0.029297 0.862305
0 0.038086 0.037109 0.038086 0.040039 0.041992 0.041992 0.048828 0.040039 0.048828 0.038086 0.043945 0.036133
0 0.197266 0.220703 0.192383 0.223633 0.192383 0.232422 0.197266 0.227539
0 0.247070 0.839844 0.245117 0.843750 0.250000 0.852539 0.251953 0.849609 0.250977 0.842773
0 0.094727 0.562500 0.098633 0.566406 0.108398 0.563477 0.104492 0.559570