0 0.639648 0.440430 0.642578 0.443359 0.650391 0.441406 0.647461 0.438477
0 0.855469 0.251953 0.849609 0.254883 0.848633 0.262695 0.854492 0.258789
0 0.960938 0.854492 0.960938 0.865234 0.964844 0.867188 0.966797 0.857422 0.965820 0.854492
0 0.166016 0.215820 0.160156 0.218750 0.160156 0.224609 0.164062 0.222656
0 0.355469 0.680664 0.364258 0.680664 0.367188 0.678711 0.367188 0.675781 0.360352 0.675781
0 0.751953 0.909180 0.746094 0.910156 0.741211 0.916016 0.749023 0.916016 0.752930 0.912109
0 0.446289 0.342773 0.439453 0.342773 0.435547 0.348633 0.443359 0.347656
0 0.424805 0.844727 0.424805 0.849609 0.431641 0.854492 0.431641 0.848633
0 0.469727 0.215820 0.473633 0.217773 0.480469 0.216797 0.478516 0.213867 0.471680 0.213867
0 0.505859 0.648438 0.500000 0.649414 0.497070 0.655273 0.503906 0.653320
0 0.690430 0.982422 0.695312 0.987305 0.702148 0.986328 0.698242 0.981445
0 0.760742 0.730469 0.762695 0.738281 0.767578 0.741211 0.769531 0.739258 0.767578 0.733398
0 0.199219 0.757812 0.192383 0.760742 0.190430 0.768555 0.198242 0.763672
0 0.416016 0.875977 0.410156 0.876953 0.407227 0.881836 0.414062 0.880859
0 0.586914 0.217773 0.586914 0.224609 0.590820 0.229492 0.591797 0.220703 0.589844 0.217773
0 0.026367 0.857422 0.026367 0.865234 0.030273 0.867188 0.030273 0.858398
0 0.785156 0.689453 0.788086 0.693359 0.794922 0.693359 0.791992 0.689453
0 0.446289 0.790039 0.456055 0.791016 0.460938 0.786133 0.452148 0.785156
0 0.261719 0.496094 0.262695 0.500977 0.268555 0.502930 0.267578 0.499023
0 0.295898 0.071289 0.287109 0.072266 0.284180 0.078125 0.292969 0.077148
0 0.184570 0.595703 0.178711 0.598633 0.176758 0.605469 0.184570 0.601562
0 0.664062 0.724609 0.666016 0.727539 0.675781 0.726562 0.673828 0.722656
0 0.883789 0.647461 0.882812 0.658203 0.886719 0.663086 0.888672 0.653320 0.886719 0.648438
0 0.467773 0.247070 0.461914 0.246094 0.458008 0.252930 0.464844 0.251953
0 0.668945 0.412109 0.669922 0.419922 0.672852 0.421875 0.672852 0.414062
0 0.385742 0.371094 0.384766 0.378906 0.387695 0.382812 0.389648 0.373047
0 0.171875 0.649414 0.179688 0.653320 0.182617 0.651367 0.177734 0.648438
0 0.822266 0.750000 0.818359 0.752930 0.818359 0.760742 0.823242 0.755859
0 0.153320 0.968750 0.155273 0.972656 0.164062 0.973633 0.164062 0.970703 0.159180 0.967773
0 0.155273 0.263672 0.153320 0.267578 0.160156 0.273438 0.160156 0.268555
0 0.344727 0.499023 0.348633 0.506836 0.354492 0.506836 0.350586 0.500000
0 0.021484 0.076172 0.021484 0.083984 0.024414 0.086914 0.026367 0.079102 0.024414 0.076172
0 0.706055 0.257812 0.700195 0.256836 0.696289 0.261719 0.704102 0.260742
0 0.088867 0.447266 0.083984 0.446289 0.079102 0.451172 0.086914 0.450195
0 0.056641 0.099609 0.055664 0.097656 0.049805 0.098633 0.045898 0.103516 0.053711 0.102539
0 0.725586 0.665039 0.717773 0.666016 0.716797 0.669922 0.724609 0.667969
0 0.118164 0.825195 0.120117 0.835938 0.125000 0.837891 0.123047 0.826172
0 0.460938 0.580078 0.459961 0.584961 0.463867 0.589844 0.464844 0.583008
0 0.777344 0.204102 0.776367 0.210938 0.780273 0.214844 0.780273 0.207031
0 0.011719 0.756836 0.014648 0.761719 0.020508 0.762695 0.023438 0.760742 0.017578 0.755859
0 0.273438 0.430664 0.274414 0.439453 0.280273 0.442383 0.279297 0.434570 0.276367 0.430664
0 0.422852 0.096680 0.415039 0.096680 0.412109 0.102539 0.419922 0.101562
0 0.514648 0.077148 0.507812 0.081055 0.507812 0.086914 0.514648 0.083008
0 0.533203 0.014648 0.540039 0.019531 0.547852 0.017578 0.543945 0.013672
0 0.211914 0.041992 0.208984 0.042969 0.207031 0.047852 0.208984 0.053711 0.212891 0.051758
0 0.877930 0.355469 0.870117 0.356445 0.868164 0.361328 0.875000 0.360352