0 0.518555 0.822266 0.514648 0.822266 0.512695 0.826172 0.514648 0.835938 0.516602 0.835938 0.518555 0.831055
0 0.722656 0.977539 0.724609 0.980469 0.732422 0.980469 0.729492 0.976562
0 0.708008 0.666016 0.706055 0.673828 0.708008 0.678711 0.711914 0.679688 0.712891 0.671875 0.710938 0.666992
0 0.648438 0.708984 0.650391 0.711914 0.658203 0.712891 0.658203 0.709961 0.655273 0.708008
0 0.766602 0.926758 0.766602 0.930664 0.770508 0.934570 0.776367 0.935547 0.772461 0.927734
0 0.341797 0.015625 0.340820 0.022461 0.344727 0.025391 0.345703 0.020508
0 0.710938 0.488281 0.712891 0.494141 0.718750 0.496094 0.717773 0.491211
0 0.097656 0.188477 0.095703 0.191406 0.096680 0.196289 0.101562 0.199219 0.101562 0.192383
0 0.500977 0.551758 0.503906 0.555664 0.511719 0.555664 0.506836 0.550781
0 0.715820 0.758789 0.717773 0.769531 0.722656 0.771484 0.720703 0.759766
0 0.191406 0.701172 0.190430 0.708984 0.195312 0.713867 0.195312 0.705078
0 0.812500 0.408203 0.812500 0.416992 0.817383 0.419922 0.818359 0.414062
0 0.243164 0.049805 0.238281 0.052734 0.238281 0.060547 0.244141 0.053711
0 0.787109 0.577148 0.793945 0.583008 0.799805 0.582031 0.795898 0.577148
0 0.810547 0.336914 0.810547 0.339844 0.813477 0.341797 0.822266 0.339844 0.820312 0.336914
0 0.118164 0.089844 0.112305 0.091797 0.110352 0.095703 0.114258 0.096680
0 0.450195 0.518555 0.453125 0.523438 0.459961 0.523438 0.457031 0.518555
0 0.021484 0.833984 0.023438 0.840820 0.026367 0.842773 0.028320 0.840820 0.027344 0.836914
0 0.596680 0.815430 0.590820 0.816406 0.586914 0.822266 0.593750 0.821289
0 0.049805 0.838867 0.053711 0.843750 0.060547 0.843750 0.060547 0.840820 0.057617 0.838867
0 0.257812 0.332031 0.259766 0.340820 0.265625 0.343750 0.264648 0.335938
0 0.762695 0.111328 0.758789 0.115234 0.761719 0.125000 0.764648 0.119141
0 0.783203 0.919922 0.780273 0.921875 0.779297 0.928711 0.784180 0.926758
0 0.694336 0.967773 0.695312 0.971680 0.703125 0.972656 0.701172 0.968750
0 0.397461 0.779297 0.392578 0.781250 0.392578 0.790039 0.397461 0.784180
0 0.644531 0.151367 0.645508 0.157227 0.651367 0.159180 0.649414 0.153320
0 0.115234 0.055664 0.116211 0.061523 0.122070 0.064453 0.121094 0.058594
0 0.265625 0.460938 0.259766 0.461914 0.256836 0.470703 0.264648 0.466797
0 0.511719 0.088867 0.510742 0.097656 0.514648 0.099609 0.515625 0.089844
0 0.130859 0.024414 0.124023 0.027344 0.122070 0.033203 0.127930 0.032227
0 0.683594 0.210938 0.680664 0.211914 0.678711 0.217773 0.681641 0.224609 0.684570 0.219727
0 0.254883 0.153320 0.254883 0.160156 0.259766 0.164062 0.259766 0.156250 0.257812 0.153320
0 0.670898 0.652344 0.673828 0.656250 0.680664 0.656250 0.678711 0.652344
0 0.107422 0.265625 0.099609 0.265625 0.097656 0.269531 0.106445 0.269531
0 0.504883 0.473633 0.506836 0.478516 0.515625 0.480469 0.512695 0.474609
0 0.059570 0.705078 0.053711 0.706055 0.049805 0.712891 0.056641 0.711914