0 0.064453 0.816406 0.068359 0.822266 0.074219 0.823242 0.072266 0.817383
0 0.972656 0.831055 0.971680 0.839844 0.975586 0.841797 0.976562 0.834961
0 0.493164 0.406250 0.489258 0.408203 0.487305 0.416992 0.491211 0.416016
0 0.988281 0.085938 0.981445 0.084961 0.976562 0.090820 0.983398 0.090820
0 0.688477 0.551758 0.689453 0.555664 0.697266 0.556641 0.695312 0.552734
0 0.915039 0.972656 0.917969 0.979492 0.924805 0.980469 0.920898 0.973633
0 0.470703 0.559570 0.472656 0.564453 0.479492 0.566406 0.476562 0.560547
0 0.360352 0.084961 0.353516 0.086914 0.351562 0.093750 0.357422 0.091797
0 0.355469 0.097656 0.353516 0.105469 0.357422 0.108398 0.359375 0.103516 0.357422 0.097656
0 0.519531 0.847656 0.516602 0.857422 0.520508 0.861328 0.523438 0.855469
0 0.730469 0.196289 0.729492 0.204102 0.732422 0.205078 0.733398 0.196289
0 0.913086 0.086914 0.913086 0.092773 0.918945 0.095703 0.917969 0.089844
0 0.785156 0.630859 0.786133 0.635742 0.792969 0.638672 0.791016 0.632812
0 0.473633 0.222656 0.465820 0.222656 0.463867 0.227539 0.468750 0.227539
0 0.522461 0.789062 0.524414 0.798828 0.528320 0.798828 0.527344 0.791992
0 0.623047 0.625000 0.616211 0.625000 0.614258 0.629883 0.622070 0.627930
0 0.204102 0.218750 0.204102 0.225586 0.207031 0.229492 0.209961 0.229492 0.208984 0.221680
0 0.144531 0.356445 0.139648 0.356445 0.134766 0.364258 0.141602 0.362305
0 0.269531 0.321289 0.269531 0.326172 0.277344 0.329102 0.275391 0.323242
0 0.796875 0.444336 0.792969 0.447266 0.793945 0.454102 0.797852 0.449219
0 0.224609 0.812500 0.225586 0.818359 0.232422 0.821289 0.230469 0.813477
0 0.268555 0.895508 0.262695 0.902344 0.263672 0.907227 0.269531 0.902344
0 0.919922 0.053711 0.927734 0.054688 0.931641 0.051758 0.924805 0.049805
0 0.706055 0.869141 0.702148 0.872070 0.704102 0.881836 0.707031 0.875977
0 0.502930 0.291992 0.510742 0.292969 0.513672 0.289062 0.507812 0.288086
0 0.856445 0.527344 0.860352 0.532227 0.868164 0.532227 0.863281 0.527344
0 0.643555 0.627930 0.636719 0.625977 0.628906 0.629883 0.638672 0.631836
0 0.975586 0.380859 0.975586 0.383789 0.978516 0.385742 0.988281 0.384766 0.988281 0.381836 0.984375 0.379883
0 0.072266 0.693359 0.067383 0.693359 0.061523 0.701172 0.070312 0.699219
0 0.056641 0.646484 0.060547 0.652344 0.069336 0.652344 0.065430 0.647461
0 0.870117 0.410156 0.866211 0.410156 0.864258 0.414062 0.865234 0.421875 0.870117 0.416992
0 0.114258 0.107422 0.108398 0.107422 0.103516 0.112305 0.109375 0.113281
0 0.770508 0.670898 0.772461 0.672852 0.782227 0.672852 0.780273 0.668945 0.772461 0.668945
0 0.638672 0.026367 0.642578 0.029297 0.652344 0.027344 0.647461 0.024414
0 0.281250 0.227539 0.277344 0.229492 0.276367 0.236328 0.280273 0.234375
0 0.452148 0.191406 0.458008 0.191406 0.460938 0.187500 0.455078 0.186523 0.452148 0.188477
0 0.972656 0.228516 0.978516 0.228516 0.981445 0.226562 0.981445 0.223633 0.973633 0.224609
0 0.209961 0.275391 0.203125 0.275391 0.199219 0.281250 0.208984 0.279297
0 0.492188 0.778320 0.486328 0.782227 0.486328 0.788086 0.491211 0.786133
0 0.296875 0.085938 0.298828 0.090820 0.305664 0.091797 0.302734 0.086914
0 0.665039 0.422852 0.665039 0.427734 0.674805 0.432617 0.672852 0.425781