0 0.080078 0.343750 0.082031 0.346680 0.089844 0.346680 0.091797 0.344727 0.086914 0.341797
0 0.135742 0.287109 0.138672 0.291016 0.144531 0.291016 0.142578 0.287109
0 0.601562 0.069336 0.602539 0.075195 0.607422 0.077148 0.606445 0.069336
0 0.173828 0.266602 0.169922 0.268555 0.167969 0.276367 0.173828 0.272461
0 0.517578 0.862305 0.521484 0.866211 0.526367 0.866211 0.524414 0.862305
0 0.398438 0.756836 0.390625 0.764648 0.395508 0.764648 0.398438 0.761719
0 0.574219 0.281250 0.569336 0.283203 0.567383 0.290039 0.574219 0.286133
0 0.739258 0.304688 0.739258 0.309570 0.747070 0.314453 0.746094 0.308594
0 0.845703 0.435547 0.847656 0.439453 0.856445 0.440430 0.851562 0.434570
0 0.242188 0.845703 0.241211 0.850586 0.244141 0.855469 0.245117 0.846680
0 0.179688 0.234375 0.183594 0.239258 0.192383 0.239258 0.192383 0.236328 0.187500 0.233398 0.181641 0.232422
0 0.541992 0.495117 0.533203 0.496094 0.531250 0.500977 0.537109 0.500977
0 0.021484 0.421875 0.018555 0.426758 0.020508 0.432617 0.023438 0.430664 0.023438 0.422852
0 0.343750 0.625000 0.339844 0.627930 0.340820 0.636719 0.342773 0.636719 0.345703 0.629883
0 0.425781 0.173828 0.419922 0.174805 0.416992 0.180664 0.424805 0.179688
0 0.567383 0.034180 0.560547 0.035156 0.558594 0.039062 0.566406 0.037109
0 0.613281 0.211914 0.614258 0.217773 0.620117 0.220703 0.618164 0.212891
0 0.620117 0.369141 0.623047 0.373047 0.629883 0.373047 0.625977 0.368164
0 0.512695 0.585938 0.512695 0.593750 0.517578 0.598633 0.518555 0.591797
0 0.063477 0.623047 0.057617 0.623047 0.053711 0.626953 0.053711 0.630859 0.060547 0.628906
0 0.832031 0.220703 0.827148 0.223633 0.826172 0.229492 0.832031 0.226562
0 0.298828 0.505859 0.297852 0.511719 0.302734 0.517578 0.302734 0.507812
0 0.641602 0.161133 0.642578 0.166016 0.650391 0.169922 0.648438 0.163086
0 0.171875 0.441406 0.165039 0.442383 0.162109 0.448242 0.169922 0.446289
0 0.767578 0.126953 0.763672 0.128906 0.763672 0.135742 0.765625 0.137695 0.768555 0.133789
0 0.628906 0.878906 0.628906 0.880859 0.634766 0.882812 0.638672 0.881836 0.636719 0.877930
0 0.240234 0.722656 0.246094 0.723633 0.250977 0.721680 0.251953 0.717773 0.243164 0.717773
0 0.970703 0.518555 0.974609 0.524414 0.980469 0.524414 0.978516 0.519531
0 0.907227 0.615234 0.907227 0.619141 0.914062 0.622070 0.913086 0.618164
0 0.633789 0.461914 0.634766 0.464844 0.643555 0.464844 0.641602 0.460938
0 0.545898 0.187500 0.554688 0.188477 0.559570 0.184570 0.557617 0.182617 0.549805 0.182617
0 0.822266 0.036133 0.823242 0.042969 0.831055 0.047852 0.829102 0.039062 0.826172 0.036133
0 0.888672 0.283203 0.883789 0.283203 0.879883 0.289062 0.885742 0.288086
0 0.462891 0.832031 0.455078 0.833008 0.452148 0.838867 0.457031 0.838867
0 0.801758 0.038086 0.804688 0.041992 0.811523 0.041016 0.810547 0.038086
0 0.601562 0.400391 0.600586 0.409180 0.604492 0.412109 0.606445 0.405273
0 0.346680 0.819336 0.342773 0.820312 0.340820 0.831055 0.345703 0.829102
0 0.141602 0.267578 0.139648 0.273438 0.144531 0.278320 0.144531 0.270508
0 0.393555 0.199219 0.393555 0.208008 0.397461 0.209961 0.398438 0.203125
0 0.370117 0.593750 0.369141 0.601562 0.372070 0.604492 0.374023 0.595703
0 0.629883 0.696289 0.630859 0.704102 0.637695 0.708008 0.636719 0.701172
0 0.664062 0.396484 0.657227 0.396484 0.654297 0.401367 0.659180 0.401367
0 0.367188 0.520508 0.368164 0.529297 0.370117 0.532227 0.375000 0.533203 0.374023 0.525391 0.370117 0.520508
0 0.499023 0.292969 0.501953 0.296875 0.508789 0.295898 0.506836 0.291992
0 0.905273 0.562500 0.907227 0.567383 0.914062 0.568359 0.911133 0.563477
0 0.901367 0.456055 0.903320 0.458984 0.911133 0.458008 0.910156 0.455078
0 0.620117 0.252930 0.612305 0.253906 0.609375 0.260742 0.616211 0.258789
0 0.168945 0.187500 0.168945 0.194336 0.174805 0.198242 0.173828 0.190430
0 0.386719 0.888672 0.387695 0.895508 0.393555 0.899414 0.395508 0.898438 0.394531 0.892578
0 0.695312 0.673828 0.687500 0.674805 0.684570 0.679688 0.693359 0.678711
0 0.750977 0.742188 0.742188 0.743164 0.739258 0.749023 0.748047 0.748047
0 0.621094 0.312500 0.619141 0.319336 0.623047 0.324219 0.625000 0.317383
0 0.456055 0.745117 0.446289 0.747070 0.445312 0.751953 0.452148 0.750977 0.456055 0.748047
0 0.973633 0.700195 0.977539 0.703125 0.984375 0.702148 0.982422 0.699219
0 0.541016 0.453125 0.539062 0.453125 0.535156 0.460938 0.538086 0.466797 0.541992 0.461914
0 0.663086 0.901367 0.665039 0.904297 0.673828 0.905273 0.668945 0.900391
0 0.786133 0.486328 0.779297 0.487305 0.776367 0.491211 0.781250 0.492188
0 0.735352 0.419922 0.738281 0.421875 0.743164 0.420898 0.746094 0.416992 0.739258 0.416016
0 0.759766 0.166992 0.759766 0.172852 0.762695 0.178711 0.765625 0.178711 0.764648 0.168945
0 0.951172 0.124023 0.950195 0.130859 0.953125 0.133789 0.955078 0.127930
0 0.349609 0.875977 0.341797 0.879883 0.340820 0.886719 0.347656 0.884766
0 0.035156 0.623047 0.034180 0.625977 0.037109 0.631836 0.042969 0.633789 0.040039 0.624023
0 0.416016 0.501953 0.422852 0.501953 0.426758 0.500000 0.426758 0.497070 0.419922 0.497070
0 0.634766 0.822266 0.636719 0.828125 0.642578 0.831055 0.642578 0.826172
0 0.666992 0.681641 0.664062 0.686523 0.665039 0.690430 0.667969 0.688477
0 0.049805 0.218750 0.043945 0.220703 0.041992 0.228516 0.048828 0.224609
0 0.614258 0.226562 0.609375 0.229492 0.608398 0.235352 0.610352 0.238281 0.614258 0.233398