0 0.377930 0.576172 0.372070 0.577148 0.366211 0.585938 0.368164 0.587891 0.375000 0.584961 0.378906 0.580078
0 0.258789 0.327148 0.251953 0.328125 0.247070 0.333984 0.248047 0.336914 0.253906 0.335938 0.257812 0.332031
0 0.957031 0.258789 0.958984 0.261719 0.965820 0.259766 0.962891 0.256836
0 0.166992 0.577148 0.160156 0.576172 0.155273 0.579102 0.155273 0.582031 0.165039 0.581055
0 0.085938 0.841797 0.087891 0.851562 0.091797 0.854492 0.092773 0.846680 0.088867 0.841797
0 0.295898 0.950195 0.288086 0.952148 0.286133 0.958008 0.292969 0.957031
0 0.443359 0.060547 0.439453 0.064453 0.440430 0.070312 0.442383 0.070312 0.444336 0.065430
0 0.437500 0.208984 0.433594 0.211914 0.433594 0.219727 0.438477 0.214844
0 0.311523 0.300781 0.310547 0.304688 0.314453 0.312500 0.315430 0.302734
0 0.652344 0.135742 0.652344 0.139648 0.656250 0.141602 0.665039 0.140625 0.660156 0.135742
0 0.095703 0.746094 0.100586 0.750000 0.109375 0.750977 0.109375 0.747070 0.103516 0.744141
0 0.587891 0.656250 0.583984 0.657227 0.583008 0.664062 0.586914 0.662109
0 0.342773 0.776367 0.337891 0.779297 0.336914 0.788086 0.341797 0.786133
0 0.355469 0.859375 0.354492 0.868164 0.357422 0.870117 0.358398 0.861328
0 0.809570 0.099609 0.810547 0.106445 0.817383 0.109375 0.816406 0.102539 0.813477 0.099609
0 0.970703 0.547852 0.970703 0.550781 0.979492 0.551758 0.978516 0.547852
0 0.711914 0.548828 0.712891 0.552734 0.718750 0.555664 0.717773 0.550781
0 0.988281 0.070312 0.983398 0.073242 0.982422 0.082031 0.987305 0.080078
0 0.460938 0.831055 0.456055 0.833008 0.454102 0.839844 0.459961 0.836914
0 0.520508 0.284180 0.521484 0.291992 0.526367 0.292969 0.525391 0.288086
0 0.259766 0.705078 0.258789 0.713867 0.261719 0.714844 0.262695 0.705078
0 0.311523 0.043945 0.305664 0.045898 0.302734 0.050781 0.307617 0.051758
0 0.333984 0.116211 0.328125 0.120117 0.328125 0.124023 0.333008 0.122070
0 0.056641 0.338867 0.060547 0.342773 0.068359 0.339844 0.062500 0.336914
0 0.011719 0.204102 0.011719 0.206055 0.021484 0.205078 0.020508 0.202148
0 0.018555 0.950195 0.017578 0.958008 0.019531 0.960938 0.022461 0.960938 0.022461 0.954102
0 0.438477 0.313477 0.432617 0.311523 0.425781 0.314453 0.425781 0.317383 0.434570 0.317383
0 0.613281 0.682617 0.607422 0.683594 0.603516 0.691406 0.610352 0.689453
0 0.544922 0.571289 0.553711 0.573242 0.551758 0.569336
0 0.317383 0.783203 0.311523 0.784180 0.308594 0.789062 0.315430 0.788086
0 0.375000 0.214844 0.378906 0.218750 0.385742 0.217773 0.382812 0.213867
0 0.606445 0.572266 0.606445 0.575195 0.610352 0.577148 0.619141 0.575195 0.619141 0.572266 0.614258 0.570312
0 0.139648 0.288086 0.134766 0.291016 0.134766 0.298828 0.139648 0.294922
0 0.749023 0.543945 0.749023 0.546875 0.752930 0.548828 0.759766 0.546875 0.759766 0.544922 0.754883 0.542969
0 0.120117 0.195312 0.121094 0.203125 0.125000 0.205078 0.125000 0.199219
0 0.984375 0.346680 0.986328 0.350586 0.993164 0.352539 0.990234 0.346680
0 0.360352 0.041016 0.365234 0.043945 0.371094 0.041992 0.370117 0.039062
0 0.545898 0.900391 0.553711 0.901367 0.556641 0.897461 0.550781 0.896484
0 0.007812 0.537109 0.006836 0.542969 0.012695 0.546875 0.012695 0.541016
0 0.486328 0.412109 0.481445 0.416992 0.481445 0.423828 0.487305 0.417969
0 0.860352 0.899414 0.860352 0.901367 0.866211 0.901367 0.868164 0.897461
0 0.674805 0.653320 0.674805 0.656250 0.680664 0.659180 0.687500 0.657227 0.683594 0.653320
0 0.429688 0.443359 0.421875 0.447266 0.421875 0.453125 0.428711 0.449219
0 0.159180 0.161133 0.158203 0.166016 0.162109 0.169922 0.163086 0.164062
0 0.222656 0.958984 0.223633 0.964844 0.231445 0.968750 0.232422 0.966797 0.229492 0.961914
0 0.614258 0.331055 0.609375 0.330078 0.604492 0.333008 0.610352 0.334961
0 0.509766 0.167969 0.514648 0.170898 0.520508 0.169922 0.519531 0.166016
0 0.664062 0.746094 0.658203 0.745117 0.653320 0.750000 0.661133 0.750977
0 0.483398 0.904297 0.477539 0.905273 0.474609 0.911133 0.482422 0.909180
0 0.396484 0.716797 0.393555 0.716797 0.391602 0.720703 0.393555 0.729492 0.397461 0.723633
0 0.633789 0.088867 0.638672 0.092773 0.645508 0.091797 0.640625 0.086914 0.634766 0.086914
0 0.010742 0.833984 0.013672 0.841797 0.020508 0.842773 0.018555 0.836914