0 0.015625 0.169922 0.010742 0.173828 0.010742 0.181641 0.013672 0.181641 0.016602 0.175781
0 0.672852 0.731445 0.667969 0.729492 0.662109 0.731445 0.662109 0.733398 0.669922 0.735352
0 0.120117 0.535156 0.120117 0.540039 0.126953 0.542969 0.125000 0.537109
0 0.362305 0.083984 0.355469 0.084961 0.353516 0.089844 0.359375 0.088867
0 0.217773 0.748047 0.225586 0.748047 0.228516 0.744141 0.221680 0.743164 0.217773 0.745117
0 0.407227 0.982422 0.409180 0.987305 0.416016 0.987305 0.415039 0.983398
0 0.638672 0.942383 0.633789 0.946289 0.633789 0.954102 0.639648 0.948242
0 0.194336 0.679688 0.193359 0.686523 0.197266 0.690430 0.198242 0.682617
0 0.416016 0.097656 0.415039 0.104492 0.417969 0.110352 0.419922 0.100586
0 0.127930 0.743164 0.124023 0.743164 0.120117 0.750977 0.125000 0.749023
0 0.264648 0.713867 0.265625 0.715820 0.275391 0.714844 0.274414 0.711914
0 0.140625 0.785156 0.137695 0.785156 0.135742 0.788086 0.136719 0.797852 0.140625 0.791992
0 0.767578 0.603516 0.758789 0.603516 0.756836 0.608398 0.763672 0.608398
0 0.734375 0.512695 0.733398 0.517578 0.739258 0.523438 0.739258 0.514648
0 0.204102 0.651367 0.204102 0.655273 0.207031 0.658203 0.215820 0.659180 0.212891 0.653320
0 0.216797 0.866211 0.208008 0.867188 0.206055 0.872070 0.211914 0.872070
0 0.104492 0.428711 0.104492 0.434570 0.107422 0.437500 0.108398 0.429688
0 0.159180 0.225586 0.165039 0.226562 0.169922 0.222656 0.161133 0.221680
0 0.875977 0.710938 0.875977 0.715820 0.880859 0.719727 0.880859 0.712891
0 0.682617 0.604492 0.682617 0.606445 0.691406 0.606445 0.693359 0.602539 0.686523 0.601562
0 0.367188 0.314453 0.367188 0.321289 0.371094 0.325195 0.372070 0.318359 0.370117 0.314453
0 0.718750 0.982422 0.721680 0.984375 0.729492 0.983398 0.727539 0.980469 0.720703 0.980469
0 0.171875 0.579102 0.174805 0.583008 0.179688 0.583008 0.180664 0.581055 0.176758 0.578125
0 0.723633 0.450195 0.718750 0.451172 0.716797 0.458984 0.723633 0.456055
0 0.858398 0.463867 0.859375 0.465820 0.868164 0.464844 0.867188 0.461914
0 0.401367 0.421875 0.396484 0.423828 0.395508 0.433594 0.398438 0.433594
0 0.201172 0.726562 0.206055 0.727539 0.209961 0.722656 0.204102 0.722656
0 0.960938 0.870117 0.959961 0.875000 0.964844 0.878906 0.964844 0.874023
0 0.815430 0.244141 0.817383 0.249023 0.824219 0.250977 0.821289 0.245117
0 0.039062 0.355469 0.044922 0.360352 0.052734 0.358398 0.046875 0.353516
0 0.365234 0.554688 0.366211 0.559570 0.371094 0.563477 0.370117 0.556641
0 0.424805 0.118164 0.423828 0.125977 0.427734 0.129883 0.428711 0.121094
0 0.140625 0.459961 0.139648 0.467773 0.142578 0.469727 0.143555 0.462891
0 0.208984 0.958008 0.208008 0.966797 0.209961 0.970703 0.212891 0.970703 0.213867 0.962891