0 0.135742 0.683594 0.128906 0.687500 0.127930 0.693359 0.133789 0.691406
0 0.654297 0.163086 0.657227 0.166016 0.664062 0.165039 0.663086 0.162109
0 0.428711 0.858398 0.429688 0.864258 0.434570 0.866211 0.433594 0.858398
0 0.625000 0.976562 0.620117 0.980469 0.621094 0.988281 0.625000 0.984375
0 0.822266 0.771484 0.815430 0.771484 0.812500 0.775391 0.814453 0.777344 0.819336 0.776367
0 0.312500 0.325195 0.304688 0.326172 0.299805 0.333008 0.308594 0.332031
0 0.307617 0.224609 0.306641 0.227539 0.313477 0.232422 0.313477 0.227539
0 0.827148 0.769531 0.831055 0.775391 0.837891 0.777344 0.836914 0.772461
0 0.892578 0.407227 0.894531 0.411133 0.903320 0.409180 0.900391 0.406250
0 0.646484 0.918945 0.643555 0.920898 0.643555 0.926758 0.647461 0.923828
0 0.460938 0.106445 0.460938 0.114258 0.463867 0.115234 0.463867 0.107422
0 0.934570 0.695312 0.928711 0.697266 0.926758 0.703125 0.930664 0.702148
0 0.090820 0.593750 0.088867 0.600586 0.092773 0.606445 0.094727 0.597656
0 0.603516 0.032227 0.597656 0.033203 0.593750 0.040039 0.601562 0.038086
0 0.924805 0.880859 0.927734 0.887695 0.933594 0.887695 0.928711 0.880859
0 0.229492 0.554688 0.228516 0.562500 0.231445 0.565430 0.233398 0.557617 0.232422 0.554688
0 0.237305 0.584961 0.241211 0.590820 0.247070 0.590820 0.246094 0.586914
0 0.071289 0.658203 0.074219 0.663086 0.081055 0.663086 0.077148 0.658203
0 0.732422 0.700195 0.733398 0.708008 0.738281 0.710938 0.740234 0.709961 0.738281 0.703125
0 0.162109 0.704102 0.166992 0.705078 0.172852 0.699219 0.166016 0.699219
0 0.553711 0.504883 0.545898 0.505859 0.542969 0.510742 0.551758 0.509766
0 0.488281 0.916992 0.488281 0.924805 0.492188 0.926758 0.492188 0.918945
0 0.709961 0.709961 0.717773 0.711914 0.723633 0.708984 0.723633 0.706055 0.715820 0.705078
0 0.638672 0.575195 0.638672 0.578125 0.645508 0.582031 0.644531 0.577148
0 0.696289 0.018555 0.698242 0.022461 0.708008 0.021484 0.704102 0.017578
0 0.809570 0.502930 0.809570 0.507812 0.813477 0.512695 0.813477 0.505859
0 0.824219 0.588867 0.817383 0.588867 0.814453 0.595703 0.821289 0.593750
0 0.342773 0.972656 0.343750 0.975586 0.353516 0.974609 0.347656 0.971680
0 0.165039 0.124023 0.166016 0.126953 0.175781 0.125000 0.174805 0.122070
0 0.186523 0.693359 0.193359 0.694336 0.199219 0.690430 0.190430 0.688477 0.186523 0.690430
0 0.173828 0.652344 0.169922 0.655273 0.171875 0.663086 0.174805 0.659180
0 0.011719 0.033203 0.011719 0.040039 0.017578 0.042969 0.016602 0.037109
0 0.137695 0.445312 0.138672 0.448242 0.144531 0.447266 0.146484 0.443359 0.139648 0.443359
0 0.693359 0.456055 0.690430 0.456055 0.688477 0.458984 0.689453 0.465820 0.693359 0.460938
0 0.019531 0.474609 0.019531 0.484375 0.024414 0.487305 0.024414 0.478516
0 0.130859 0.795898 0.130859 0.798828 0.133789 0.800781 0.141602 0.800781 0.135742 0.794922
0 0.815430 0.866211 0.816406 0.871094 0.822266 0.874023 0.823242 0.870117
0 0.521484 0.511719 0.516602 0.511719 0.512695 0.514648 0.512695 0.517578 0.519531 0.516602
0 0.355469 0.958008 0.356445 0.964844 0.360352 0.967773 0.361328 0.961914 0.358398 0.958008
0 0.917969 0.128906 0.914062 0.131836 0.916016 0.142578 0.918945 0.138672
0 0.626953 0.456055 0.621094 0.459961 0.621094 0.468750 0.627930 0.461914
0 0.090820 0.870117 0.093750 0.874023 0.101562 0.874023 0.096680 0.869141
0 0.119141 0.192383 0.114258 0.194336 0.114258 0.202148 0.118164 0.199219
0 0.090820 0.912109 0.097656 0.918945 0.105469 0.917969 0.100586 0.913086
0 0.583008 0.455078 0.583008 0.457031 0.590820 0.458008 0.594727 0.456055 0.594727 0.453125 0.587891 0.452148
0 0.044922 0.416016 0.043945 0.422852 0.047852 0.426758 0.048828 0.418945 0.047852 0.416016
0 0.729492 0.900391 0.735352 0.908203 0.741211 0.909180 0.736328 0.900391
0 0.419922 0.075195 0.414062 0.074219 0.410156 0.080078 0.416992 0.079102
0 0.777344 0.023438 0.777344 0.026367 0.786133 0.028320 0.785156 0.024414
0 0.753906 0.500977 0.751953 0.510742 0.755859 0.512695 0.756836 0.502930
0 0.903320 0.731445 0.905273 0.739258 0.913086 0.742188 0.912109 0.736328
0 0.370117 0.151367 0.373047 0.154297 0.380859 0.153320 0.377930 0.149414
0 0.870117 0.391602 0.870117 0.395508 0.873047 0.396484 0.882812 0.394531 0.880859 0.391602
0 0.807617 0.903320 0.812500 0.907227 0.817383 0.905273 0.815430 0.902344
0 0.742188 0.805664 0.745117 0.811523 0.750977 0.812500 0.749023 0.807617
0 0.293945 0.827148 0.293945 0.830078 0.296875 0.832031 0.305664 0.832031 0.302734 0.828125