0 0.802734 0.242188 0.807617 0.248047 0.816406 0.248047 0.816406 0.245117 0.811523 0.242188
0 0.365234 0.729492 0.360352 0.731445 0.360352 0.741211 0.364258 0.737305
0 0.301758 0.461914 0.296875 0.462891 0.292969 0.468750 0.298828 0.468750
0 0.394531 0.218750 0.389648 0.216797 0.384766 0.218750 0.383789 0.221680 0.389648 0.222656
0 0.097656 0.873047 0.104492 0.873047 0.108398 0.869141 0.098633 0.869141
0 0.313477 0.479492 0.308594 0.480469 0.304688 0.488281 0.310547 0.487305
0 0.878906 0.732422 0.880859 0.738281 0.887695 0.741211 0.887695 0.737305 0.883789 0.733398
0 0.270508 0.659180 0.272461 0.664062 0.280273 0.665039 0.277344 0.660156
0 0.393555 0.705078 0.387695 0.706055 0.383789 0.711914 0.389648 0.711914
0 0.381836 0.833984 0.381836 0.835938 0.389648 0.835938 0.391602 0.832031
0 0.289062 0.692383 0.285156 0.693359 0.283203 0.701172 0.288086 0.699219
0 0.887695 0.277344 0.890625 0.284180 0.898438 0.286133 0.895508 0.279297
0 0.072266 0.202148 0.074219 0.207031 0.080078 0.208008 0.078125 0.203125
0 0.662109 0.050781 0.661133 0.058594 0.664062 0.061523 0.666016 0.054688
0 0.330078 0.469727 0.333984 0.473633 0.340820 0.471680 0.337891 0.468750
0 0.591797 0.874023 0.593750 0.876953 0.601562 0.875977 0.601562 0.873047
0 0.930664 0.933594 0.933594 0.937500 0.941406 0.937500 0.943359 0.935547 0.935547 0.931641
0 0.309570 0.117188 0.312500 0.119141 0.320312 0.118164 0.319336 0.115234 0.314453 0.114258
0 0.759766 0.886719 0.763672 0.889648 0.770508 0.889648 0.769531 0.886719 0.764648 0.884766
0 0.431641 0.183594 0.433594 0.186523 0.440430 0.188477 0.438477 0.183594
0 0.078125 0.839844 0.070312 0.843750 0.070312 0.849609 0.076172 0.846680
0 0.197266 0.039062 0.195312 0.043945 0.198242 0.050781 0.200195 0.050781 0.200195 0.041016
0 0.619141 0.417969 0.616211 0.421875 0.618164 0.427734 0.621094 0.424805 0.621094 0.418945
0 0.496094 0.145508 0.494141 0.152344 0.498047 0.156250 0.499023 0.149414
0 0.006836 0.916016 0.006836 0.923828 0.009766 0.928711 0.012695 0.928711 0.013672 0.923828 0.010742 0.917969
0 0.494141 0.854492 0.489258 0.851562 0.484375 0.853516 0.483398 0.856445 0.488281 0.857422
0 0.270508 0.729492 0.264648 0.730469 0.261719 0.735352 0.266602 0.735352
0 0.128906 0.203125 0.132812 0.208984 0.138672 0.209961 0.136719 0.204102
0 0.826172 0.981445 0.829102 0.985352 0.835938 0.984375 0.833984 0.980469
0 0.191406 0.121094 0.192383 0.127930 0.196289 0.129883 0.195312 0.122070
0 0.029297 0.847656 0.025391 0.848633 0.023438 0.855469 0.029297 0.851562
0 0.336914 0.911133 0.332031 0.911133 0.327148 0.916992 0.333984 0.916992
0 0.783203 0.914062 0.778320 0.918945 0.779297 0.926758 0.783203 0.922852
0 0.226562 0.343750 0.227539 0.347656 0.235352 0.347656 0.232422 0.343750
0 0.532227 0.943359 0.529297 0.943359 0.527344 0.946289 0.528320 0.951172 0.532227 0.948242
0 0.453125 0.608398 0.446289 0.612305 0.445312 0.617188 0.452148 0.614258
0 0.639648 0.607422 0.631836 0.608398 0.628906 0.614258 0.637695 0.612305
0 0.534180 0.795898 0.537109 0.804688 0.540039 0.804688 0.540039 0.798828
0 0.531250 0.977539 0.535156 0.982422 0.541992 0.982422 0.538086 0.977539
0 0.501953 0.777344 0.501953 0.783203 0.507812 0.786133 0.506836 0.780273
0 0.212891 0.426758 0.207031 0.427734 0.204102 0.434570 0.208984 0.433594
0 0.959961 0.966797 0.954102 0.966797 0.949219 0.971680 0.957031 0.971680 0.959961 0.969727
0 0.412109 0.872070 0.418945 0.872070 0.423828 0.869141 0.423828 0.866211 0.416016 0.866211 0.412109 0.868164
0 0.491211 0.288086 0.485352 0.289062 0.483398 0.294922 0.488281 0.293945
0 0.877930 0.015625 0.877930 0.025391 0.881836 0.027344 0.881836 0.017578
0 0.713867 0.544922 0.712891 0.549805 0.717773 0.556641 0.719727 0.550781
0 0.796875 0.674805 0.790039 0.676758 0.788086 0.683594 0.793945 0.681641
0 0.702148 0.071289 0.703125 0.077148 0.708008 0.080078 0.708008 0.075195
0 0.407227 0.542969 0.413086 0.542969 0.416016 0.540039 0.410156 0.539062
0 0.679688 0.144531 0.675781 0.147461 0.676758 0.154297 0.681641 0.149414
0 0.731445 0.120117 0.733398 0.125000 0.739258 0.125977 0.737305 0.121094
0 0.166016 0.035156 0.165039 0.041016 0.168945 0.044922 0.170898 0.037109
0 0.290039 0.362305 0.288086 0.369141 0.291992 0.373047 0.292969 0.365234