0 0.181641 0.596680 0.174805 0.598633 0.171875 0.607422 0.178711 0.604492
0 0.813477 0.172852 0.814453 0.179688 0.821289 0.183594 0.820312 0.176758
0 0.817383 0.335938 0.817383 0.341797 0.821289 0.344727 0.822266 0.338867 0.820312 0.335938
0 0.973633 0.603516 0.965820 0.604492 0.962891 0.609375 0.971680 0.608398
0 0.480469 0.541016 0.478516 0.542969 0.479492 0.546875 0.486328 0.551758 0.485352 0.543945
0 0.433594 0.802734 0.432617 0.810547 0.435547 0.813477 0.437500 0.804688
0 0.439453 0.407227 0.432617 0.411133 0.432617 0.416992 0.439453 0.413086
0 0.469727 0.634766 0.470703 0.641602 0.475586 0.642578 0.473633 0.636719
0 0.440430 0.303711 0.441406 0.308594 0.446289 0.312500 0.446289 0.306641
0 0.109375 0.088867 0.104492 0.088867 0.100586 0.096680 0.105469 0.095703
0 0.600586 0.569336 0.600586 0.575195 0.608398 0.578125 0.609375 0.575195 0.606445 0.571289
0 0.418945 0.486328 0.419922 0.492188 0.425781 0.496094 0.424805 0.488281
0 0.694336 0.112305 0.696289 0.122070 0.700195 0.123047 0.699219 0.115234
0 0.663086 0.783203 0.666016 0.789062 0.671875 0.791016 0.668945 0.784180
0 0.851562 0.080078 0.854492 0.085938 0.858398 0.086914 0.861328 0.084961 0.859375 0.081055
0 0.447266 0.476562 0.453125 0.482422 0.458008 0.481445 0.454102 0.476562
0 0.275391 0.651367 0.284180 0.652344 0.288086 0.648438 0.278320 0.647461
0 0.666016 0.600586 0.668945 0.605469 0.678711 0.605469 0.673828 0.600586
0 0.587891 0.402344 0.590820 0.406250 0.598633 0.405273 0.595703 0.401367
0 0.830078 0.587891 0.833008 0.590820 0.839844 0.589844 0.836914 0.585938
0 0.457031 0.740234 0.458984 0.743164 0.465820 0.745117 0.463867 0.740234
0 0.975586 0.832031 0.978516 0.836914 0.984375 0.837891 0.980469 0.831055
0 0.309570 0.579102 0.305664 0.580078 0.305664 0.587891 0.309570 0.583984
0 0.081055 0.160156 0.074219 0.160156 0.072266 0.163086 0.080078 0.163086
0 0.684570 0.916992 0.687500 0.922852 0.693359 0.922852 0.690430 0.917969
0 0.748047 0.159180 0.750000 0.166992 0.754883 0.169922 0.753906 0.162109
0 0.741211 0.324219 0.738281 0.324219 0.736328 0.327148 0.736328 0.334961 0.739258 0.334961
0 0.061523 0.361328 0.052734 0.365234 0.052734 0.372070 0.059570 0.368164
0 0.848633 0.023438 0.848633 0.030273 0.852539 0.034180 0.854492 0.032227 0.853516 0.026367
0 0.211914 0.643555 0.214844 0.648438 0.221680 0.649414 0.219727 0.644531
0 0.567383 0.437500 0.566406 0.444336 0.570312 0.447266 0.570312 0.438477
0 0.483398 0.922852 0.478516 0.922852 0.474609 0.927734 0.480469 0.926758
0 0.723633 0.095703 0.721680 0.093750 0.716797 0.095703 0.713867 0.101562 0.721680 0.099609
0 0.256836 0.128906 0.251953 0.132812 0.251953 0.142578 0.256836 0.141602
0 0.193359 0.513672 0.193359 0.518555 0.200195 0.521484 0.199219 0.516602
0 0.355469 0.721680 0.347656 0.725586 0.345703 0.728516 0.346680 0.733398 0.354492 0.729492
0 0.499023 0.710938 0.506836 0.711914 0.508789 0.708984 0.501953 0.708008
0 0.457031 0.030273 0.453125 0.031250 0.454102 0.041016
0 0.862305 0.981445 0.858398 0.984375 0.858398 0.991211 0.861328 0.991211 0.863281 0.987305
0 0.541016 0.570312 0.536133 0.572266 0.535156 0.578125 0.540039 0.576172
0 0.789062 0.404297 0.788086 0.410156 0.791016 0.412109 0.791992 0.407227
0 0.921875 0.156250 0.922852 0.161133 0.929688 0.165039 0.930664 0.161133 0.928711 0.158203
0 0.131836 0.070312 0.131836 0.077148 0.137695 0.081055 0.136719 0.073242
0 0.750977 0.312500 0.745117 0.313477 0.742188 0.319336 0.749023 0.317383
0 0.962891 0.669922 0.966797 0.675781 0.975586 0.676758 0.971680 0.670898
0 0.550781 0.836914 0.551758 0.839844 0.561523 0.838867 0.561523 0.834961
0 0.913086 0.325195 0.913086 0.329102 0.918945 0.333008 0.917969 0.327148
0 0.023438 0.066406 0.022461 0.075195 0.025391 0.077148 0.027344 0.070312
0 0.656250 0.901367 0.660156 0.907227 0.664062 0.907227 0.662109 0.902344
0 0.367188 0.859375 0.369141 0.864258 0.378906 0.865234 0.375000 0.860352
0 0.991211 0.119141 0.985352 0.120117 0.983398 0.125000 0.989258 0.123047