0 0.113281 0.007812 0.106445 0.006836 0.100586 0.010742 0.100586 0.013672 0.107422 0.013672
0 0.261719 0.989258 0.261719 0.991211 0.268555 0.991211 0.270508 0.987305
0 0.742188 0.541992 0.743164 0.546875 0.749023 0.550781 0.748047 0.543945
0 0.927734 0.081055 0.926758 0.090820 0.929688 0.090820 0.930664 0.083008
0 0.098633 0.467773 0.102539 0.472656 0.108398 0.473633 0.110352 0.471680 0.107422 0.467773
0 0.136719 0.504883 0.139648 0.508789 0.145508 0.508789 0.143555 0.504883
0 0.084961 0.659180 0.085938 0.665039 0.091797 0.667969 0.089844 0.662109
0 0.152344 0.648438 0.147461 0.646484 0.142578 0.648438 0.140625 0.652344 0.149414 0.652344
0 0.635742 0.797852 0.637695 0.804688 0.640625 0.806641 0.642578 0.804688 0.641602 0.800781
0 0.556641 0.674805 0.548828 0.676758 0.546875 0.683594 0.551758 0.682617
0 0.821289 0.261719 0.815430 0.261719 0.812500 0.266602 0.818359 0.266602
0 0.439453 0.649414 0.432617 0.650391 0.430664 0.656250 0.437500 0.654297
0 0.587891 0.627930 0.591797 0.632812 0.598633 0.633789 0.596680 0.628906
0 0.314453 0.968750 0.310547 0.973633 0.312500 0.979492 0.316406 0.975586
0 0.760742 0.284180 0.756836 0.286133 0.756836 0.291992 0.759766 0.291016
0 0.369141 0.687500 0.369141 0.690430 0.375977 0.694336 0.375000 0.689453
0 0.940430 0.026367 0.935547 0.030273 0.935547 0.039062 0.937500 0.039062 0.941406 0.032227
0 0.444336 0.925781 0.443359 0.931641 0.446289 0.936523 0.448242 0.928711
0 0.698242 0.918945 0.691406 0.918945 0.688477 0.922852 0.696289 0.922852
0 0.620117 0.725586 0.617188 0.728516 0.618164 0.736328 0.622070 0.732422
0 0.095703 0.225586 0.099609 0.230469 0.108398 0.229492 0.103516 0.224609
0 0.294922 0.661133 0.295898 0.666016 0.299805 0.668945 0.299805 0.664062
0 0.303711 0.829102 0.303711 0.833984 0.310547 0.837891 0.308594 0.831055
0 0.245117 0.850586 0.250000 0.851562 0.255859 0.846680 0.249023 0.845703
0 0.718750 0.230469 0.714844 0.231445 0.712891 0.239258 0.718750 0.235352
0 0.158203 0.509766 0.158203 0.514648 0.164062 0.519531 0.164062 0.512695
0 0.824219 0.185547 0.818359 0.186523 0.814453 0.193359 0.821289 0.191406
0 0.689453 0.631836 0.696289 0.632812 0.700195 0.627930 0.692383 0.627930
0 0.426758 0.114258 0.420898 0.114258 0.416016 0.119141 0.423828 0.119141 0.426758 0.117188
0 0.411133 0.328125 0.413086 0.334961 0.418945 0.337891 0.417969 0.331055
0 0.683594 0.817383 0.683594 0.823242 0.688477 0.826172 0.686523 0.817383
0 0.415039 0.664062 0.409180 0.666016 0.408203 0.671875 0.415039 0.667969
0 0.551758 0.941406 0.553711 0.947266 0.557617 0.949219 0.557617 0.945312
0 0.116211 0.541992 0.117188 0.550781 0.122070 0.552734 0.121094 0.544922
0 0.460938 0.602539 0.459961 0.607422 0.462891 0.613281 0.464844 0.605469
0 0.449219 0.761719 0.442383 0.762695 0.438477 0.768555 0.441406 0.769531 0.448242 0.766602
0 0.318359 0.097656 0.319336 0.103516 0.325195 0.105469 0.324219 0.100586
0 0.729492 0.009766 0.732422 0.013672 0.740234 0.014648 0.733398 0.007812
0 0.154297 0.901367 0.150391 0.904297 0.149414 0.911133 0.154297 0.909180
0 0.373047 0.329102 0.369141 0.331055 0.366211 0.336914 0.367188 0.339844 0.374023 0.335938 0.375000 0.331055
0 0.197266 0.055664 0.199219 0.061523 0.203125 0.063477 0.202148 0.057617
0 0.116211 0.819336 0.116211 0.824219 0.122070 0.828125 0.121094 0.822266
0 0.730469 0.079102 0.731445 0.082031 0.739258 0.082031 0.738281 0.079102
0 0.842773 0.195312 0.838867 0.195312 0.834961 0.203125 0.838867 0.202148
0 0.069336 0.875977 0.063477 0.881836 0.063477 0.888672 0.070312 0.881836 0.071289 0.877930
0 0.157227 0.228516 0.153320 0.228516 0.150391 0.231445 0.149414 0.238281 0.156250 0.233398
0 0.489258 0.730469 0.483398 0.731445 0.481445 0.735352 0.488281 0.734375
0 0.991211 0.709961 0.984375 0.708984 0.978516 0.714844 0.986328 0.714844
0 0.453125 0.244141 0.450195 0.244141 0.446289 0.250977 0.451172 0.250000
0 0.935547 0.939453 0.930664 0.940430 0.928711 0.947266 0.935547 0.943359
0 0.940430 0.803711 0.938477 0.804688 0.937500 0.811523 0.939453 0.817383 0.942383 0.817383 0.944336 0.809570
0 0.404297 0.892578 0.395508 0.898438 0.396484 0.902344 0.403320 0.899414
0 0.803711 0.570312 0.799805 0.572266 0.799805 0.580078 0.803711 0.577148
0 0.525391 0.246094 0.526367 0.252930 0.533203 0.255859 0.531250 0.249023
0 0.810547 0.673828 0.813477 0.678711 0.820312 0.679688 0.817383 0.674805