0 0.418945 0.060547 0.413086 0.064453 0.412109 0.070312 0.416992 0.070312
0 0.636719 0.774414 0.639648 0.780273 0.645508 0.781250 0.643555 0.776367
0 0.972656 0.739258 0.978516 0.743164 0.983398 0.743164 0.983398 0.740234 0.980469 0.738281
0 0.590820 0.512695 0.585938 0.513672 0.583984 0.521484 0.589844 0.517578
0 0.599609 0.780273 0.602539 0.784180 0.611328 0.784180 0.605469 0.778320 0.600586 0.778320
0 0.472656 0.681641 0.469727 0.681641 0.467773 0.684570 0.467773 0.691406 0.469727 0.693359 0.472656 0.688477
0 0.338867 0.858398 0.333008 0.858398 0.328125 0.863281 0.335938 0.863281
0 0.791992 0.493164 0.787109 0.496094 0.787109 0.503906 0.791992 0.499023
0 0.454102 0.676758 0.450195 0.678711 0.450195 0.689453 0.453125 0.689453 0.455078 0.685547
0 0.776367 0.334961 0.771484 0.334961 0.767578 0.343750 0.773438 0.341797
0 0.101562 0.641602 0.103516 0.645508 0.110352 0.646484 0.107422 0.641602
0 0.948242 0.067383 0.949219 0.072266 0.955078 0.075195 0.954102 0.069336
0 0.271484 0.696289 0.273438 0.700195 0.279297 0.702148 0.277344 0.696289
0 0.930664 0.855469 0.934570 0.864258 0.941406 0.865234 0.938477 0.858398
0 0.354492 0.552734 0.347656 0.554688 0.344727 0.560547 0.351562 0.559570
0 0.043945 0.590820 0.047852 0.596680 0.053711 0.597656 0.051758 0.591797
0 0.047852 0.335938 0.048828 0.341797 0.055664 0.344727 0.054688 0.339844
0 0.222656 0.680664 0.225586 0.684570 0.232422 0.684570 0.228516 0.679688
0 0.631836 0.091797 0.625977 0.096680 0.625000 0.102539 0.628906 0.102539 0.633789 0.095703
0 0.371094 0.894531 0.373047 0.898438 0.379883 0.900391 0.378906 0.895508
0 0.018555 0.043945 0.021484 0.051758 0.025391 0.052734 0.023438 0.044922
0 0.827148 0.177734 0.827148 0.185547 0.832031 0.189453 0.833008 0.183594
0 0.263672 0.881836 0.262695 0.890625 0.266602 0.895508 0.268555 0.893555 0.268555 0.886719
0 0.709961 0.518555 0.713867 0.522461 0.719727 0.520508 0.714844 0.517578
0 0.961914 0.923828 0.964844 0.929688 0.972656 0.931641 0.968750 0.923828
0 0.764648 0.218750 0.758789 0.222656 0.758789 0.226562 0.764648 0.223633
0 0.525391 0.414062 0.520508 0.416992 0.519531 0.423828 0.523438 0.422852
0 0.373047 0.647461 0.374023 0.653320 0.380859 0.656250 0.379883 0.651367
0 0.500977 0.708984 0.493164 0.710938 0.491211 0.714844 0.499023 0.713867
0 0.242188 0.301758 0.246094 0.305664 0.252930 0.305664 0.250000 0.300781
0 0.491211 0.972656 0.488281 0.972656 0.486328 0.975586 0.487305 0.983398 0.493164 0.977539
0 0.887695 0.362305 0.884766 0.362305 0.882812 0.365234 0.884766 0.375977 0.888672 0.371094
0 0.324219 0.482422 0.317383 0.482422 0.313477 0.487305 0.317383 0.488281
0 0.513672 0.618164 0.509766 0.619141 0.510742 0.628906 0.513672 0.625000
0 0.171875 0.164062 0.169922 0.170898 0.174805 0.176758 0.175781 0.168945
0 0.339844 0.843750 0.333008 0.848633 0.333984 0.851562 0.338867 0.849609
0 0.758789 0.541016 0.760742 0.543945 0.770508 0.542969 0.768555 0.539062 0.760742 0.539062
0 0.342773 0.864258 0.342773 0.866211 0.350586 0.869141 0.355469 0.867188 0.352539 0.863281
0 0.051758 0.182617 0.058594 0.183594 0.064453 0.179688 0.062500 0.177734 0.055664 0.177734 0.051758 0.179688
0 0.702148 0.855469 0.705078 0.859375 0.710938 0.857422 0.709961 0.854492
0 0.321289 0.367188 0.315430 0.368164 0.312500 0.374023 0.320312 0.372070
0 0.583984 0.650391 0.580078 0.653320 0.581055 0.662109 0.584961 0.657227
0 0.189453 0.812500 0.184570 0.816406 0.184570 0.824219 0.187500 0.824219 0.189453 0.820312
0 0.992188 0.948242 0.988281 0.950195 0.988281 0.958008 0.992188 0.955078
0 0.071289 0.561523 0.071289 0.564453 0.075195 0.566406 0.080078 0.565430 0.077148 0.561523
0 0.625000 0.135742 0.627930 0.139648 0.637695 0.137695 0.633789 0.134766
0 0.637695 0.606445 0.637695 0.609375 0.641602 0.611328 0.650391 0.608398 0.643555 0.604492
0 0.987305 0.243164 0.985352 0.246094 0.992188 0.252930 0.992188 0.247070
0 0.081055 0.353516 0.076172 0.354492 0.072266 0.361328 0.077148 0.361328
0 0.848633 0.087891 0.843750 0.094727 0.844727 0.100586 0.847656 0.100586 0.850586 0.095703
0 0.449219 0.602539 0.453125 0.607422 0.460938 0.606445 0.458008 0.602539
0 0.544922 0.892578 0.551758 0.892578 0.555664 0.888672 0.548828 0.887695 0.544922 0.889648
0 0.216797 0.567383 0.219727 0.573242 0.225586 0.574219 0.224609 0.569336
0 0.765625 0.438477 0.758789 0.438477 0.756836 0.441406 0.761719 0.442383
0 0.040039 0.375000 0.034180 0.375977 0.031250 0.381836 0.038086 0.379883
0 0.012695 0.642578 0.009766 0.647461 0.010742 0.651367 0.014648 0.649414 0.014648 0.643555
0 0.835938 0.143555 0.833984 0.151367 0.834961 0.154297 0.837891 0.154297 0.839844 0.146484 0.838867 0.143555
0 0.498047 0.044922 0.501953 0.050781 0.510742 0.050781 0.503906 0.043945