0 0.040039 0.420898 0.037109 0.425781 0.039062 0.431641 0.041992 0.429688 0.041992 0.422852
0 0.764648 0.486328 0.764648 0.491211 0.772461 0.495117 0.771484 0.490234
0 0.981445 0.971680 0.976562 0.977539 0.977539 0.983398 0.982422 0.979492 0.983398 0.974609
0 0.898438 0.593750 0.894531 0.596680 0.894531 0.604492 0.899414 0.599609
0 0.022461 0.755859 0.016602 0.755859 0.011719 0.760742 0.017578 0.761719
0 0.835938 0.689453 0.832031 0.693359 0.833008 0.701172 0.836914 0.698242
0 0.021484 0.979492 0.024414 0.984375 0.034180 0.984375 0.029297 0.979492
0 0.584961 0.239258 0.587891 0.247070 0.592773 0.248047 0.591797 0.243164
0 0.952148 0.106445 0.947266 0.109375 0.947266 0.118164 0.953125 0.112305
0 0.758789 0.471680 0.753906 0.473633 0.753906 0.480469 0.758789 0.476562
0 0.555664 0.193359 0.545898 0.195312 0.544922 0.199219 0.553711 0.198242
0 0.736328 0.552734 0.743164 0.553711 0.749023 0.549805 0.740234 0.547852 0.736328 0.549805
0 0.595703 0.592773 0.597656 0.601562 0.600586 0.604492 0.604492 0.604492 0.602539 0.596680
0 0.338867 0.319336 0.333008 0.321289 0.331055 0.325195 0.337891 0.324219
0 0.970703 0.777344 0.966797 0.784180 0.969727 0.791992 0.972656 0.789062
0 0.881836 0.595703 0.875000 0.596680 0.873047 0.602539 0.878906 0.600586
0 0.030273 0.778320 0.035156 0.783203 0.040039 0.781250 0.037109 0.777344
0 0.461914 0.783203 0.458984 0.783203 0.457031 0.786133 0.457031 0.793945 0.461914 0.789062
0 0.540039 0.402344 0.541016 0.406250 0.550781 0.408203 0.548828 0.404297
0 0.266602 0.178711 0.268555 0.181641 0.275391 0.181641 0.274414 0.178711
0 0.672852 0.760742 0.673828 0.768555 0.679688 0.771484 0.677734 0.762695
0 0.501953 0.586914 0.505859 0.591797 0.511719 0.592773 0.509766 0.587891
0 0.628906 0.813477 0.630859 0.820312 0.635742 0.823242 0.636719 0.819336 0.633789 0.814453
0 0.171875 0.381836 0.166992 0.384766 0.165039 0.388672 0.166016 0.393555 0.169922 0.392578
0 0.111328 0.921875 0.107422 0.921875 0.106445 0.931641 0.110352 0.928711
0 0.376953 0.155273 0.380859 0.161133 0.386719 0.162109 0.384766 0.156250
0 0.210938 0.782227 0.220703 0.783203 0.223633 0.779297 0.215820 0.778320
0 0.500000 0.452148 0.500000 0.456055 0.509766 0.457031 0.506836 0.453125
0 0.376953 0.400391 0.372070 0.402344 0.370117 0.410156 0.375977 0.407227
0 0.409180 0.066406 0.413086 0.068359 0.419922 0.065430 0.412109 0.063477
0 0.234375 0.916016 0.233398 0.923828 0.237305 0.927734 0.238281 0.917969
0 0.750977 0.340820 0.745117 0.341797 0.742188 0.347656 0.750000 0.346680
0 0.801758 0.384766 0.804688 0.390625 0.811523 0.391602 0.808594 0.385742
0 0.517578 0.971680 0.510742 0.973633 0.507812 0.979492 0.512695 0.980469 0.518555 0.974609
0 0.628906 0.662109 0.627930 0.666992 0.632812 0.671875 0.631836 0.664062
0 0.369141 0.170898 0.366211 0.170898 0.364258 0.175781 0.366211 0.183594 0.370117 0.177734
0 0.496094 0.886719 0.491211 0.885742 0.485352 0.893555 0.491211 0.893555
0 0.906250 0.229492 0.907227 0.237305 0.910156 0.240234 0.914062 0.240234 0.912109 0.231445
0 0.584961 0.101562 0.587891 0.107422 0.596680 0.109375 0.595703 0.104492
0 0.598633 0.974609 0.595703 0.976562 0.596680 0.984375 0.599609 0.980469
0 0.216797 0.191406 0.218750 0.195312 0.226562 0.196289 0.226562 0.193359 0.223633 0.191406
0 0.742188 0.857422 0.747070 0.858398 0.752930 0.855469 0.743164 0.854492
0 0.074219 0.476562 0.069336 0.477539 0.065430 0.485352 0.072266 0.483398
0 0.511719 0.744141 0.503906 0.744141 0.500000 0.751953 0.508789 0.749023
0 0.932617 0.701172 0.931641 0.706055 0.939453 0.711914 0.939453 0.706055
0 0.916992 0.759766 0.911133 0.762695 0.910156 0.766602 0.912109 0.768555 0.916016 0.765625
0 0.443359 0.641602 0.448242 0.645508 0.453125 0.644531 0.452148 0.640625
0 0.022461 0.801758 0.018555 0.802734 0.017578 0.810547 0.021484 0.808594
0 0.020508 0.643555 0.019531 0.651367 0.021484 0.654297 0.024414 0.654297 0.024414 0.645508
0 0.433594 0.586914 0.428711 0.588867 0.427734 0.597656 0.433594 0.591797
0 0.988281 0.754883 0.982422 0.757812 0.981445 0.763672 0.988281 0.759766
0 0.649414 0.586914 0.642578 0.588867 0.639648 0.594727 0.646484 0.594727
0 0.486328 0.607422 0.476562 0.609375 0.475586 0.614258 0.482422 0.613281 0.486328 0.610352
0 0.446289 0.154297 0.448242 0.159180 0.457031 0.161133 0.455078 0.156250
0 0.216797 0.335938 0.215820 0.344727 0.218750 0.347656 0.220703 0.338867
0 0.271484 0.873047 0.271484 0.875977 0.274414 0.877930 0.282227 0.876953 0.278320 0.873047
0 0.873047 0.455078 0.864258 0.457031 0.863281 0.461914 0.869141 0.460938
0 0.774414 0.291016 0.770508 0.291992 0.769531 0.300781 0.773438 0.297852
0 0.194336 0.616211 0.195312 0.618164 0.203125 0.618164 0.202148 0.615234
0 0.633789 0.395508 0.633789 0.405273 0.637695 0.406250 0.637695 0.397461
0 0.602539 0.486328 0.595703 0.487305 0.591797 0.494141 0.598633 0.494141