0 0.074219 0.202148 0.069336 0.202148 0.064453 0.207031 0.072266 0.207031
0 0.056641 0.510742 0.056641 0.517578 0.059570 0.521484 0.061523 0.514648
0 0.105469 0.699219 0.102539 0.700195 0.103516 0.708984 0.106445 0.706055
0 0.311523 0.427734 0.306641 0.429688 0.305664 0.436523 0.311523 0.432617
0 0.528320 0.745117 0.532227 0.748047 0.538086 0.747070 0.538086 0.744141 0.534180 0.743164
0 0.863281 0.035156 0.866211 0.041016 0.872070 0.041016 0.869141 0.036133
0 0.474609 0.307617 0.474609 0.312500 0.478516 0.317383 0.478516 0.308594
0 0.868164 0.239258 0.860352 0.239258 0.855469 0.244141 0.865234 0.244141
0 0.428711 0.732422 0.419922 0.733398 0.416016 0.738281 0.422852 0.739258
0 0.849609 0.733398 0.845703 0.733398 0.842773 0.739258 0.847656 0.738281
0 0.221680 0.806641 0.215820 0.809570 0.214844 0.815430 0.220703 0.812500
0 0.013672 0.719727 0.015625 0.724609 0.024414 0.726562 0.020508 0.719727
0 0.015625 0.812500 0.008789 0.815430 0.006836 0.823242 0.012695 0.821289
0 0.763672 0.154297 0.755859 0.159180 0.754883 0.163086 0.756836 0.165039 0.762695 0.161133
0 0.961914 0.596680 0.958008 0.597656 0.955078 0.603516 0.959961 0.602539
0 0.162109 0.570312 0.164062 0.576172 0.167969 0.577148 0.166992 0.571289
0 0.918945 0.961914 0.918945 0.963867 0.922852 0.964844 0.931641 0.962891 0.929688 0.958984 0.923828 0.958984
0 0.416016 0.691406 0.416992 0.698242 0.420898 0.701172 0.421875 0.695312
0 0.491211 0.881836 0.488281 0.883789 0.489258 0.891602 0.492188 0.887695
0 0.594727 0.613281 0.594727 0.618164 0.599609 0.623047 0.599609 0.615234
0 0.245117 0.331055 0.240234 0.333008 0.239258 0.338867 0.244141 0.336914
0 0.717773 0.020508 0.720703 0.025391 0.728516 0.025391 0.724609 0.020508
0 0.584961 0.956055 0.588867 0.963867 0.596680 0.964844 0.592773 0.958008
0 0.960938 0.569336 0.959961 0.577148 0.962891 0.578125 0.963867 0.571289
0 0.210938 0.925781 0.214844 0.926758 0.220703 0.923828 0.220703 0.921875 0.214844 0.920898 0.210938 0.922852
0 0.109375 0.850586 0.102539 0.853516 0.099609 0.859375 0.100586 0.862305 0.108398 0.858398
0 0.814453 0.225586 0.809570 0.227539 0.807617 0.234375 0.812500 0.233398
0 0.963867 0.456055 0.962891 0.463867 0.964844 0.466797 0.967773 0.466797 0.967773 0.458008
0 0.338867 0.622070 0.337891 0.628906 0.341797 0.633789 0.343750 0.626953
0 0.171875 0.972656 0.171875 0.979492 0.175781 0.983398 0.176758 0.976562
0 0.573242 0.396484 0.566406 0.399414 0.565430 0.406250 0.573242 0.401367
0 0.792969 0.365234 0.795898 0.373047 0.802734 0.374023 0.800781 0.368164
0 0.722656 0.277344 0.728516 0.283203 0.735352 0.283203 0.728516 0.276367 0.724609 0.275391
0 0.812500 0.410156 0.806641 0.411133 0.803711 0.416016 0.808594 0.416016
0 0.526367 0.305664 0.527344 0.313477 0.531250 0.314453 0.530273 0.307617
0 0.469727 0.059570 0.462891 0.063477 0.461914 0.069336 0.467773 0.067383
0 0.578125 0.314453 0.576172 0.315430 0.576172 0.321289 0.581055 0.325195 0.582031 0.319336
0 0.075195 0.795898 0.075195 0.798828 0.079102 0.799805 0.086914 0.797852 0.086914 0.794922
0 0.369141 0.149414 0.363281 0.152344 0.361328 0.161133 0.368164 0.158203
0 0.377930 0.966797 0.376953 0.972656 0.381836 0.978516 0.382812 0.972656
0 0.119141 0.125000 0.127930 0.125000 0.131836 0.120117 0.121094 0.120117
0 0.068359 0.836914 0.071289 0.840820 0.080078 0.840820 0.080078 0.837891 0.077148 0.835938
0 0.928711 0.800781 0.925781 0.801758 0.927734 0.812500 0.929688 0.808594
0 0.445312 0.665039 0.444336 0.668945 0.453125 0.673828 0.452148 0.667969
0 0.644531 0.778320 0.640625 0.785156 0.642578 0.791992 0.647461 0.788086
0 0.581055 0.531250 0.581055 0.542969 0.583984 0.542969 0.585938 0.540039 0.584961 0.533203
0 0.359375 0.096680 0.361328 0.101562 0.372070 0.101562 0.372070 0.098633 0.367188 0.095703
0 0.749023 0.933594 0.753906 0.938477 0.761719 0.938477 0.755859 0.932617
0 0.728516 0.083008 0.724609 0.083984 0.723633 0.091797 0.727539 0.088867
0 0.533203 0.460938 0.531250 0.466797 0.535156 0.470703 0.537109 0.463867
0 0.715820 0.691406 0.712891 0.691406 0.710938 0.694336 0.711914 0.701172 0.714844 0.698242
0 0.094727 0.274414 0.098633 0.278320 0.106445 0.277344 0.103516 0.273438
0 0.181641 0.273438 0.185547 0.278320 0.194336 0.276367 0.189453 0.272461
0 0.233398 0.193359 0.235352 0.196289 0.244141 0.195312 0.242188 0.191406
0 0.539062 0.086914 0.534180 0.088867 0.534180 0.097656 0.539062 0.091797
0 0.099609 0.637695 0.094727 0.640625 0.093750 0.646484 0.099609 0.642578
0 0.435547 0.773438 0.430664 0.776367 0.430664 0.782227 0.434570 0.780273
0 0.380859 0.494141 0.380859 0.498047 0.383789 0.500977 0.391602 0.502930 0.387695 0.496094
0 0.698242 0.805664 0.691406 0.805664 0.687500 0.809570 0.694336 0.810547