0 0.275391 0.757812 0.271484 0.762695 0.272461 0.767578 0.276367 0.764648
0 0.202148 0.325195 0.209961 0.325195 0.212891 0.322266 0.211914 0.320312 0.205078 0.320312 0.202148 0.322266
0 0.913086 0.319336 0.906250 0.323242 0.906250 0.328125 0.912109 0.326172
0 0.294922 0.746094 0.294922 0.750000 0.301758 0.753906 0.301758 0.750000
0 0.463867 0.145508 0.457031 0.150391 0.457031 0.156250 0.462891 0.153320
0 0.078125 0.335938 0.080078 0.341797 0.085938 0.342773 0.083984 0.337891
0 0.931641 0.456055 0.937500 0.461914 0.941406 0.462891 0.943359 0.460938 0.938477 0.456055
0 0.661133 0.830078 0.664062 0.835938 0.670898 0.836914 0.668945 0.832031
0 0.342773 0.190430 0.333984 0.192383 0.333008 0.196289 0.340820 0.195312
0 0.426758 0.045898 0.429688 0.049805 0.439453 0.047852 0.435547 0.044922
0 0.795898 0.636719 0.796875 0.644531 0.801758 0.646484 0.801758 0.640625
0 0.346680 0.145508 0.341797 0.146484 0.339844 0.156250 0.345703 0.151367
0 0.477539 0.644531 0.477539 0.648438 0.480469 0.651367 0.489258 0.653320 0.486328 0.646484
0 0.296875 0.157227 0.295898 0.164062 0.299805 0.167969 0.299805 0.160156
0 0.973633 0.173828 0.970703 0.173828 0.968750 0.176758 0.968750 0.184570 0.971680 0.184570
0 0.748047 0.138672 0.743164 0.137695 0.738281 0.141602 0.745117 0.142578
0 0.912109 0.142578 0.910156 0.144531 0.911133 0.149414 0.916016 0.153320 0.915039 0.145508
0 0.154297 0.186523 0.154297 0.193359 0.160156 0.197266 0.159180 0.188477
0 0.441406 0.337891 0.439453 0.345703 0.441406 0.349609 0.444336 0.349609 0.445312 0.340820
0 0.823242 0.399414 0.817383 0.403320 0.816406 0.411133 0.822266 0.409180
0 0.232422 0.638672 0.224609 0.639648 0.222656 0.644531 0.228516 0.644531
0 0.166016 0.792969 0.169922 0.800781 0.177734 0.801758 0.174805 0.794922
0 0.506836 0.245117 0.505859 0.252930 0.508789 0.255859 0.509766 0.247070
0 0.680664 0.560547 0.681641 0.568359 0.686523 0.570312 0.686523 0.564453
0 0.495117 0.212891 0.496094 0.218750 0.500977 0.222656 0.500000 0.214844
0 0.925781 0.201172 0.926758 0.203125 0.934570 0.203125 0.934570 0.200195
0 0.981445 0.290039 0.974609 0.291016 0.970703 0.297852 0.979492 0.295898
0 0.362305 0.770508 0.364258 0.774414 0.372070 0.774414 0.370117 0.770508
0 0.568359 0.422852 0.568359 0.428711 0.572266 0.432617 0.573242 0.426758
0 0.106445 0.098633 0.106445 0.101562 0.111328 0.102539 0.118164 0.100586 0.115234 0.096680
0 0.525391 0.749023 0.526367 0.754883 0.533203 0.757812 0.534180 0.754883 0.531250 0.750977
0 0.219727 0.624023 0.219727 0.629883 0.226562 0.633789 0.224609 0.625977
0 0.107422 0.353516 0.105469 0.362305 0.110352 0.367188 0.111328 0.357422
0 0.458008 0.201172 0.454102 0.205078 0.455078 0.213867 0.458984 0.208984
0 0.808594 0.867188 0.806641 0.875000 0.810547 0.880859 0.812500 0.871094
0 0.642578 0.067383 0.638672 0.069336 0.638672 0.077148 0.642578 0.074219
0 0.728516 0.567383 0.737305 0.567383 0.741211 0.562500 0.732422 0.562500
0 0.687500 0.386719 0.681641 0.387695 0.678711 0.392578 0.683594 0.392578 0.687500 0.389648