0 0.477539 0.660156 0.477539 0.666016 0.481445 0.668945 0.482422 0.664062 0.480469 0.660156
0 0.040039 0.013672 0.044922 0.014648 0.050781 0.010742 0.042969 0.009766
0 0.406250 0.533203 0.401367 0.532227 0.397461 0.534180 0.393555 0.539062 0.394531 0.541016 0.403320 0.539062
0 0.150391 0.587891 0.146484 0.591797 0.147461 0.599609 0.151367 0.597656
0 0.099609 0.101562 0.099609 0.108398 0.103516 0.112305 0.104492 0.106445
0 0.566406 0.594727 0.561523 0.593750 0.556641 0.595703 0.556641 0.597656 0.563477 0.599609
0 0.115234 0.357422 0.115234 0.365234 0.117188 0.368164 0.120117 0.368164 0.120117 0.361328
0 0.283203 0.031250 0.281250 0.041992 0.285156 0.044922 0.287109 0.036133 0.285156 0.031250
0 0.625000 0.094727 0.629883 0.099609 0.634766 0.098633 0.631836 0.093750
0 0.410156 0.076172 0.414062 0.083008 0.420898 0.083008 0.416992 0.077148
0 0.069336 0.842773 0.070312 0.846680 0.082031 0.845703 0.080078 0.841797
0 0.208984 0.750000 0.211914 0.753906 0.220703 0.753906 0.220703 0.750977 0.217773 0.749023
0 0.280273 0.691406 0.287109 0.692383 0.289062 0.688477 0.282227 0.688477
0 0.427734 0.328125 0.428711 0.334961 0.434570 0.338867 0.433594 0.331055
0 0.760742 0.625000 0.761719 0.632812 0.764648 0.636719 0.768555 0.636719 0.766602 0.627930
0 0.470703 0.104492 0.472656 0.112305 0.477539 0.114258 0.476562 0.107422
0 0.079102 0.723633 0.078125 0.730469 0.083008 0.735352 0.083984 0.727539 0.082031 0.723633
0 0.250977 0.361328 0.244141 0.364258 0.242188 0.374023 0.250000 0.368164
0 0.736328 0.231445 0.731445 0.235352 0.731445 0.242188 0.735352 0.241211 0.737305 0.237305
0 0.614258 0.441406 0.619141 0.450195 0.625000 0.450195 0.624023 0.444336
0 0.630859 0.317383 0.625000 0.320312 0.624023 0.325195 0.630859 0.321289
0 0.225586 0.869141 0.225586 0.874023 0.232422 0.877930 0.231445 0.872070
0 0.679688 0.806641 0.673828 0.812500 0.672852 0.820312 0.674805 0.823242 0.680664 0.816406
0 0.394531 0.105469 0.394531 0.112305 0.399414 0.115234 0.398438 0.107422
0 0.211914 0.772461 0.210938 0.778320 0.215820 0.784180 0.216797 0.778320
0 0.542969 0.406250 0.537109 0.408203 0.535156 0.416016 0.541992 0.413086
0 0.046875 0.109375 0.049805 0.113281 0.056641 0.113281 0.060547 0.110352 0.056641 0.107422
0 0.253906 0.439453 0.253906 0.448242 0.257812 0.451172 0.257812 0.440430
0 0.549805 0.939453 0.549805 0.946289 0.553711 0.951172 0.554688 0.942383 0.552734 0.939453