0 0.880859 0.089844 0.876953 0.089844 0.874023 0.092773 0.873047 0.099609 0.879883 0.095703
0 0.361328 0.525391 0.363281 0.533203 0.368164 0.535156 0.367188 0.528320
0 0.679688 0.133789 0.672852 0.134766 0.670898 0.139648 0.676758 0.138672
0 0.038086 0.135742 0.038086 0.140625 0.043945 0.144531 0.042969 0.138672
0 0.470703 0.314453 0.462891 0.315430 0.458008 0.319336 0.458008 0.322266 0.468750 0.320312
0 0.271484 0.465820 0.267578 0.466797 0.267578 0.476562 0.271484 0.473633
0 0.936523 0.637695 0.930664 0.638672 0.926758 0.646484 0.928711 0.647461 0.934570 0.643555
0 0.212891 0.403320 0.211914 0.408203 0.213867 0.412109 0.217773 0.413086 0.217773 0.407227
0 0.588867 0.227539 0.581055 0.232422 0.580078 0.235352 0.582031 0.237305 0.587891 0.234375
0 0.513672 0.892578 0.514648 0.899414 0.518555 0.902344 0.518555 0.894531
0 0.698242 0.039062 0.697266 0.045898 0.701172 0.048828 0.701172 0.040039
0 0.786133 0.032227 0.788086 0.035156 0.796875 0.034180 0.792969 0.030273
0 0.987305 0.821289 0.981445 0.821289 0.977539 0.825195 0.977539 0.829102 0.985352 0.826172
0 0.448242 0.201172 0.440430 0.202148 0.437500 0.208008 0.442383 0.208008
0 0.824219 0.713867 0.819336 0.712891 0.814453 0.718750 0.822266 0.717773
0 0.122070 0.197266 0.114258 0.199219 0.112305 0.204102 0.118164 0.204102
0 0.577148 0.534180 0.571289 0.538086 0.571289 0.541992 0.576172 0.540039
0 0.477539 0.547852 0.479492 0.552734 0.486328 0.552734 0.484375 0.548828
0 0.121094 0.013672 0.116211 0.017578 0.116211 0.024414 0.119141 0.024414 0.122070 0.020508
0 0.670898 0.789062 0.672852 0.799805 0.675781 0.794922 0.673828 0.790039
0 0.583984 0.490234 0.578125 0.490234 0.573242 0.495117 0.581055 0.495117 0.583984 0.493164
0 0.235352 0.083008 0.235352 0.085938 0.239258 0.087891 0.246094 0.086914 0.243164 0.083008
0 0.353516 0.416992 0.357422 0.421875 0.364258 0.421875 0.358398 0.416016
0 0.041992 0.454102 0.034180 0.455078 0.033203 0.458984 0.039062 0.458984
0 0.978516 0.589844 0.980469 0.593750 0.990234 0.591797 0.985352 0.588867
0 0.857422 0.037109 0.856445 0.043945 0.862305 0.050781 0.862305 0.040039 0.860352 0.037109
0 0.687500 0.099609 0.684570 0.099609 0.681641 0.103516 0.681641 0.112305 0.687500 0.107422
0 0.910156 0.554688 0.905273 0.551758 0.901367 0.552734 0.899414 0.556641
0 0.204102 0.067383 0.199219 0.069336 0.197266 0.076172 0.199219 0.078125 0.204102 0.073242
0 0.776367 0.407227 0.775391 0.409180 0.778320 0.414062 0.783203 0.415039 0.783203 0.411133
0 0.166016 0.901367 0.160156 0.901367 0.157227 0.907227 0.163086 0.906250
0 0.867188 0.800781 0.863281 0.803711 0.863281 0.812500 0.868164 0.808594 0.869141 0.803711
0 0.174805 0.785156 0.174805 0.793945 0.180664 0.798828 0.179688 0.787109
0 0.207031 0.875000 0.200195 0.876953 0.198242 0.882812 0.205078 0.880859
0 0.243164 0.722656 0.243164 0.725586 0.246094 0.726562 0.253906 0.725586 0.251953 0.722656
0 0.480469 0.605469 0.479492 0.612305 0.483398 0.616211 0.484375 0.608398
0 0.101562 0.943359 0.094727 0.944336 0.091797 0.950195 0.098633 0.949219
0 0.615234 0.663086 0.619141 0.670898 0.626953 0.671875 0.626953 0.667969 0.624023 0.665039
0 0.193359 0.402344 0.200195 0.403320 0.204102 0.400391 0.196289 0.398438
0 0.823242 0.369141 0.818359 0.370117 0.815430 0.375000 0.822266 0.374023
0 0.754883 0.602539 0.751953 0.601562 0.748047 0.608398 0.750977 0.608398
0 0.758789 0.836914 0.765625 0.836914 0.767578 0.833008 0.761719 0.833008
0 0.474609 0.190430 0.474609 0.193359 0.477539 0.195312 0.482422 0.195312 0.483398 0.193359 0.479492 0.190430
0 0.111328 0.368164 0.107422 0.368164 0.103516 0.375977 0.109375 0.374023
0 0.411133 0.019531 0.406250 0.022461 0.405273 0.028320 0.410156 0.027344
0 0.655273 0.362305 0.647461 0.364258 0.646484 0.368164 0.652344 0.367188
0 0.812500 0.394531 0.811523 0.401367 0.816406 0.407227 0.817383 0.397461 0.815430 0.394531
0 0.272461 0.738281 0.267578 0.740234 0.266602 0.748047 0.271484 0.745117
0 0.544922 0.385742 0.537109 0.389648 0.536133 0.397461 0.542969 0.394531 0.545898 0.388672
0 0.803711 0.517578 0.804688 0.525391 0.809570 0.527344 0.808594 0.520508
0 0.656250 0.618164 0.657227 0.624023 0.662109 0.625977 0.661133 0.620117
0 0.499023 0.600586 0.495117 0.603516 0.495117 0.612305 0.498047 0.612305 0.500000 0.609375
0 0.328125 0.736328 0.330078 0.743164 0.334961 0.746094 0.334961 0.740234
0 0.189453 0.605469 0.196289 0.612305 0.196289 0.608398
0 0.692383 0.469727 0.688477 0.470703 0.684570 0.475586 0.691406 0.475586
0 0.490234 0.963867 0.489258 0.970703 0.493164 0.974609 0.494141 0.966797 0.493164 0.963867
0 0.916992 0.745117 0.916992 0.753906 0.920898 0.755859 0.921875 0.749023
0 0.265625 0.275391 0.261719 0.278320 0.261719 0.287109 0.266602 0.283203 0.267578 0.277344
0 0.318359 0.177734 0.309570 0.177734 0.306641 0.179688 0.305664 0.184570 0.317383 0.181641
0 0.521484 0.103516 0.515625 0.104492 0.513672 0.109375 0.519531 0.108398
0 0.625977 0.268555 0.621094 0.270508 0.620117 0.278320 0.625000 0.275391