0 0.815430 0.017578 0.813477 0.023438 0.815430 0.028320 0.817383 0.028320 0.818359 0.019531
0 0.610352 0.268555 0.605469 0.270508 0.604492 0.279297 0.607422 0.279297 0.610352 0.275391
0 0.985352 0.840820 0.987305 0.846680 0.993164 0.849609 0.993164 0.844727
0 0.170898 0.800781 0.173828 0.804688 0.180664 0.804688 0.177734 0.800781
0 0.330078 0.615234 0.327148 0.615234 0.325195 0.618164 0.326172 0.625977 0.330078 0.623047
0 0.621094 0.933594 0.622070 0.937500 0.631836 0.935547 0.630859 0.932617
0 0.317383 0.574219 0.313477 0.577148 0.316406 0.583984 0.318359 0.580078
0 0.974609 0.031250 0.978516 0.034180 0.985352 0.034180 0.985352 0.031250 0.980469 0.029297
0 0.191406 0.170898 0.192383 0.175781 0.195312 0.178711 0.199219 0.178711 0.199219 0.174805
0 0.114258 0.656250 0.115234 0.664062 0.119141 0.665039 0.119141 0.660156
0 0.734375 0.405273 0.742188 0.405273 0.744141 0.400391 0.738281 0.400391 0.734375 0.402344
0 0.717773 0.292969 0.718750 0.298828 0.724609 0.300781 0.723633 0.294922
0 0.774414 0.831055 0.773438 0.837891 0.776367 0.843750 0.778320 0.841797 0.778320 0.834961
0 0.556641 0.540039 0.550781 0.541992 0.548828 0.549805 0.555664 0.545898
0 0.899414 0.043945 0.895508 0.046875 0.894531 0.053711 0.899414 0.051758
0 0.155273 0.687500 0.149414 0.692383 0.149414 0.701172 0.152344 0.701172 0.155273 0.696289
0 0.125977 0.019531 0.125977 0.022461 0.128906 0.023438 0.136719 0.021484 0.135742 0.018555 0.130859 0.017578
0 0.920898 0.445312 0.915039 0.448242 0.914062 0.455078 0.919922 0.452148
0 0.847656 0.394531 0.846680 0.399414 0.849609 0.404297 0.851562 0.398438
0 0.804688 0.725586 0.805664 0.731445 0.812500 0.734375 0.813477 0.731445 0.810547 0.727539
0 0.947266 0.912109 0.945312 0.910156 0.938477 0.913086 0.936523 0.917969 0.944336 0.916992
0 0.482422 0.597656 0.481445 0.606445 0.483398 0.608398 0.486328 0.603516
0 0.378906 0.573242 0.379883 0.577148 0.387695 0.580078 0.384766 0.574219
0 0.783203 0.234375 0.780273 0.236328 0.781250 0.244141 0.784180 0.239258
0 0.679688 0.246094 0.674805 0.248047 0.673828 0.255859 0.676758 0.255859
0 0.339844 0.947266 0.344727 0.947266 0.348633 0.943359 0.342773 0.942383 0.339844 0.944336
0 0.426758 0.182617 0.430664 0.190430 0.436523 0.190430 0.433594 0.184570
0 0.230469 0.014648 0.231445 0.020508 0.241211 0.023438 0.237305 0.016602
0 0.625977 0.906250 0.621094 0.908203 0.620117 0.914062 0.626953 0.910156
0 0.497070 0.025391 0.498047 0.031250 0.503906 0.033203 0.502930 0.027344
0 0.498047 0.759766 0.498047 0.766602 0.500000 0.769531 0.502930 0.769531 0.502930 0.763672
0 0.759766 0.177734 0.758789 0.185547 0.761719 0.190430 0.763672 0.180664 0.762695 0.177734
0 0.392578 0.566406 0.392578 0.569336 0.395508 0.571289 0.402344 0.570312 0.399414 0.566406
0 0.032227 0.233398 0.024414 0.235352 0.022461 0.240234 0.028320 0.240234
0 0.640625 0.451172 0.634766 0.451172 0.632812 0.456055 0.638672 0.455078
0 0.669922 0.115234 0.667969 0.121094 0.670898 0.125977 0.672852 0.124023 0.672852 0.117188
0 0.712891 0.585938 0.715820 0.589844 0.722656 0.589844 0.720703 0.585938
0 0.595703 0.892578 0.591797 0.896484 0.592773 0.905273 0.597656 0.900391
0 0.511719 0.138672 0.513672 0.143555 0.522461 0.143555 0.517578 0.138672
0 0.225586 0.337891 0.219727 0.338867 0.215820 0.344727 0.223633 0.343750
0 0.858398 0.025391 0.851562 0.029297 0.851562 0.034180 0.858398 0.029297
0 0.514648 0.313477 0.510742 0.315430 0.511719 0.326172 0.515625 0.322266
0 0.152344 0.246094 0.151367 0.250977 0.153320 0.254883 0.158203 0.256836 0.157227 0.249023
0 0.346680 0.277344 0.349609 0.284180 0.354492 0.285156 0.353516 0.280273
0 0.915039 0.281250 0.915039 0.290039 0.916992 0.292969 0.919922 0.292969 0.920898 0.287109
0 0.951172 0.686523 0.944336 0.688477 0.942383 0.693359 0.948242 0.692383
0 0.172852 0.759766 0.174805 0.763672 0.181641 0.763672 0.186523 0.760742 0.182617 0.757812
0 0.413086 0.588867 0.405273 0.589844 0.403320 0.594727 0.412109 0.592773
0 0.736328 0.530273 0.737305 0.533203 0.743164 0.534180 0.748047 0.531250 0.747070 0.528320
0 0.665039 0.388672 0.657227 0.389648 0.655273 0.395508 0.661133 0.394531
0 0.708984 0.504883 0.708984 0.507812 0.711914 0.509766 0.722656 0.508789 0.722656 0.505859 0.718750 0.503906
0 0.161133 0.841797 0.159180 0.851562 0.160156 0.854492 0.163086 0.854492 0.165039 0.843750
0 0.170898 0.413086 0.166016 0.413086 0.163086 0.419922 0.168945 0.417969
0 0.522461 0.783203 0.524414 0.791992 0.529297 0.794922 0.529297 0.787109
0 0.047852 0.085938 0.049805 0.090820 0.056641 0.091797 0.052734 0.085938
0 0.030273 0.809570 0.031250 0.815430 0.039062 0.816406 0.036133 0.811523
0 0.566406 0.783203 0.560547 0.786133 0.558594 0.791992 0.560547 0.793945 0.565430 0.790039
0 0.371094 0.538086 0.375977 0.539062 0.381836 0.536133 0.374023 0.534180
0 0.388672 0.217773 0.382812 0.217773 0.378906 0.222656 0.384766 0.222656