0 0.242188 0.118164 0.236328 0.118164 0.233398 0.125977 0.239258 0.124023
0 0.864258 0.633789 0.859375 0.635742 0.858398 0.644531 0.863281 0.641602
0 0.439453 0.410156 0.439453 0.413086 0.444336 0.415039 0.453125 0.414062 0.449219 0.409180
0 0.570312 0.790039 0.570312 0.798828 0.575195 0.802734 0.575195 0.792969
0 0.064453 0.626953 0.060547 0.631836 0.062500 0.637695 0.065430 0.634766
0 0.563477 0.817383 0.567383 0.821289 0.576172 0.820312 0.570312 0.815430
0 0.891602 0.799805 0.886719 0.802734 0.885742 0.809570 0.890625 0.807617
0 0.510742 0.958984 0.509766 0.963867 0.511719 0.967773 0.516602 0.969727 0.515625 0.961914
0 0.309570 0.789062 0.304688 0.793945 0.305664 0.802734 0.307617 0.802734 0.310547 0.796875
0 0.645508 0.043945 0.640625 0.044922 0.638672 0.055664 0.644531 0.051758
0 0.022461 0.677734 0.023438 0.681641 0.031250 0.683594 0.030273 0.679688
0 0.889648 0.842773 0.898438 0.841797 0.900391 0.836914 0.893555 0.836914
0 0.437500 0.516602 0.437500 0.520508 0.445312 0.525391 0.445312 0.520508
0 0.490234 0.905273 0.491211 0.911133 0.498047 0.914062 0.497070 0.909180
0 0.083008 0.430664 0.083984 0.434570 0.092773 0.435547 0.089844 0.430664
0 0.445312 0.865234 0.446289 0.873047 0.452148 0.875977 0.450195 0.867188
0 0.158203 0.104492 0.161133 0.110352 0.167969 0.111328 0.165039 0.105469
0 0.476562 0.210938 0.472656 0.213867 0.472656 0.220703 0.477539 0.215820
0 0.674805 0.602539 0.673828 0.607422 0.678711 0.614258 0.678711 0.604492
0 0.405273 0.569336 0.401367 0.572266 0.401367 0.581055 0.405273 0.579102
0 0.596680 0.535156 0.592773 0.534180 0.586914 0.540039 0.594727 0.539062
0 0.636719 0.682617 0.636719 0.691406 0.639648 0.691406 0.639648 0.683594
0 0.061523 0.880859 0.065430 0.883789 0.072266 0.883789 0.067383 0.878906 0.062500 0.878906
0 0.989258 0.215820 0.985352 0.216797 0.983398 0.225586 0.988281 0.223633
0 0.351562 0.670898 0.358398 0.670898 0.363281 0.665039 0.355469 0.665039
0 0.832031 0.525391 0.824219 0.526367 0.822266 0.531250 0.829102 0.530273
0 0.254883 0.013672 0.251953 0.013672 0.250977 0.021484 0.253906 0.020508
0 0.614258 0.915039 0.609375 0.918945 0.609375 0.922852 0.613281 0.921875
0 0.734375 0.845703 0.730469 0.848633 0.731445 0.855469 0.736328 0.850586
0 0.310547 0.594727 0.310547 0.599609 0.315430 0.603516 0.314453 0.596680
0 0.838867 0.823242 0.838867 0.828125 0.842773 0.831055 0.842773 0.825195
0 0.375977 0.424805 0.380859 0.431641 0.386719 0.431641 0.383789 0.425781
0 0.083008 0.567383 0.083984 0.576172 0.087891 0.579102 0.089844 0.576172 0.088867 0.571289 0.085938 0.567383
0 0.724609 0.272461 0.720703 0.273438 0.721680 0.283203 0.724609 0.280273
0 0.366211 0.258789 0.362305 0.261719 0.364258 0.271484 0.367188 0.267578
0 0.470703 0.348633 0.462891 0.349609 0.459961 0.355469 0.466797 0.355469
0 0.366211 0.613281 0.362305 0.614258 0.360352 0.621094 0.365234 0.619141
0 0.666992 0.766602 0.665039 0.777344 0.668945 0.780273 0.670898 0.767578
0 0.324219 0.849609 0.329102 0.855469 0.335938 0.855469 0.333984 0.850586
0 0.480469 0.239258 0.480469 0.245117 0.487305 0.248047 0.485352 0.241211
0 0.302734 0.740234 0.304688 0.745117 0.310547 0.747070 0.307617 0.740234
0 0.522461 0.259766 0.524414 0.263672 0.532227 0.262695 0.532227 0.260742 0.527344 0.258789
0 0.913086 0.255859 0.916992 0.259766 0.923828 0.258789 0.919922 0.254883
0 0.547852 0.685547 0.548828 0.693359 0.552734 0.694336 0.551758 0.688477
0 0.048828 0.119141 0.044922 0.121094 0.043945 0.127930 0.047852 0.125977
0 0.378906 0.548828 0.372070 0.552734 0.371094 0.561523 0.377930 0.556641
0 0.388672 0.015625 0.388672 0.022461 0.391602 0.026367 0.394531 0.026367 0.394531 0.019531
0 0.416016 0.288086 0.408203 0.288086 0.405273 0.291992 0.415039 0.291992