0 0.447266 0.507812 0.440430 0.510742 0.438477 0.518555 0.445312 0.515625
0 0.441406 0.228516 0.436523 0.229492 0.434570 0.235352 0.437500 0.235352
0 0.408203 0.148438 0.408203 0.154297 0.416016 0.158203 0.416016 0.154297 0.412109 0.149414
0 0.517578 0.845703 0.520508 0.848633 0.529297 0.846680 0.528320 0.843750 0.518555 0.843750
0 0.273438 0.163086 0.277344 0.170898 0.284180 0.172852 0.284180 0.169922 0.278320 0.163086
0 0.358398 0.598633 0.352539 0.599609 0.349609 0.603516 0.358398 0.603516
0 0.138672 0.027344 0.141602 0.033203 0.150391 0.033203 0.147461 0.028320
0 0.803711 0.040039 0.805664 0.044922 0.814453 0.045898 0.812500 0.041992
0 0.774414 0.858398 0.769531 0.861328 0.768555 0.870117 0.774414 0.867188
0 0.364258 0.918945 0.359375 0.919922 0.357422 0.928711 0.363281 0.925781
0 0.291992 0.177734 0.293945 0.182617 0.299805 0.183594 0.297852 0.178711
0 0.519531 0.645508 0.515625 0.649414 0.515625 0.657227 0.518555 0.657227 0.520508 0.654297
0 0.880859 0.685547 0.875000 0.688477 0.873047 0.695312 0.879883 0.691406
0 0.743164 0.489258 0.739258 0.492188 0.739258 0.500977 0.742188 0.500977 0.744141 0.497070
0 0.970703 0.142578 0.966797 0.142578 0.964844 0.151367 0.969727 0.148438
0 0.101562 0.760742 0.101562 0.768555 0.106445 0.773438 0.107422 0.766602
0 0.517578 0.399414 0.514648 0.401367 0.516602 0.411133 0.518555 0.406250
0 0.958984 0.095703 0.958008 0.102539 0.961914 0.108398 0.963867 0.099609 0.962891 0.095703
0 0.097656 0.875000 0.091797 0.874023 0.088867 0.879883 0.092773 0.879883
0 0.154297 0.241211 0.155273 0.247070 0.160156 0.249023 0.159180 0.243164
0 0.479492 0.281250 0.483398 0.287109 0.489258 0.288086 0.488281 0.283203
0 0.848633 0.628906 0.845703 0.628906 0.842773 0.634766 0.844727 0.641602 0.848633 0.637695
0 0.005859 0.772461 0.006836 0.776367 0.016602 0.778320 0.014648 0.774414
0 0.139648 0.470703 0.141602 0.480469 0.147461 0.482422 0.146484 0.474609
0 0.049805 0.324219 0.044922 0.327148 0.043945 0.333984 0.049805 0.331055
0 0.785156 0.671875 0.791992 0.672852 0.796875 0.668945 0.790039 0.666992
0 0.080078 0.805664 0.075195 0.807617 0.074219 0.813477 0.080078 0.810547
0 0.114258 0.576172 0.113281 0.583984 0.118164 0.590820 0.120117 0.583984 0.117188 0.577148
0 0.470703 0.544922 0.464844 0.547852 0.463867 0.552734 0.466797 0.553711 0.469727 0.550781
0 0.115234 0.905273 0.114258 0.913086 0.116211 0.916016 0.119141 0.916016 0.119141 0.909180
0 0.189453 0.023438 0.188477 0.027344 0.192383 0.033203 0.193359 0.026367
0 0.240234 0.309570 0.242188 0.313477 0.250000 0.314453 0.247070 0.309570
0 0.259766 0.778320 0.252930 0.778320 0.249023 0.784180 0.256836 0.783203
0 0.418945 0.121094 0.416992 0.126953 0.420898 0.130859 0.422852 0.124023
0 0.217773 0.159180 0.220703 0.162109 0.226562 0.161133 0.224609 0.158203
0 0.520508 0.625977 0.515625 0.631836 0.516602 0.639648 0.522461 0.633789 0.522461 0.626953
0 0.195312 0.250977 0.187500 0.254883 0.187500 0.260742 0.193359 0.257812
0 0.144531 0.452148 0.147461 0.456055 0.154297 0.457031 0.151367 0.452148
0 0.027344 0.189453 0.027344 0.192383 0.030273 0.193359 0.038086 0.191406 0.037109 0.188477 0.032227 0.187500
0 0.982422 0.719727 0.978516 0.723633 0.978516 0.730469 0.981445 0.730469 0.983398 0.726562
0 0.768555 0.606445 0.764648 0.606445 0.761719 0.609375 0.761719 0.613281 0.766602 0.611328
0 0.095703 0.373047 0.090820 0.376953 0.092773 0.386719 0.094727 0.386719 0.096680 0.381836
0 0.684570 0.718750 0.680664 0.718750 0.678711 0.721680 0.678711 0.732422 0.681641 0.732422 0.684570 0.727539
0 0.646484 0.645508 0.641602 0.647461 0.640625 0.657227 0.645508 0.655273
0 0.203125 0.046875 0.197266 0.046875 0.192383 0.054688 0.200195 0.052734
0 0.078125 0.578125 0.072266 0.579102 0.069336 0.584961 0.075195 0.583984
0 0.041992 0.957031 0.044922 0.959961 0.053711 0.958008 0.054688 0.955078 0.044922 0.954102
0 0.925781 0.245117 0.925781 0.252930 0.928711 0.255859 0.929688 0.246094
0 0.858398 0.655273 0.866211 0.655273 0.868164 0.650391 0.862305 0.650391
0 0.526367 0.007812 0.528320 0.011719 0.534180 0.013672 0.536133 0.011719 0.533203 0.007812
0 0.595703 0.518555 0.595703 0.521484 0.598633 0.523438 0.605469 0.522461 0.600586 0.518555
0 0.018555 0.603516 0.022461 0.609375 0.031250 0.609375 0.027344 0.604492
0 0.725586 0.520508 0.721680 0.522461 0.721680 0.530273 0.726562 0.525391
0 0.027344 0.342773 0.031250 0.349609 0.037109 0.350586 0.035156 0.344727
0 0.731445 0.644531 0.730469 0.647461 0.733398 0.651367 0.740234 0.654297 0.739258 0.649414
0 0.943359 0.309570 0.938477 0.309570 0.934570 0.313477 0.932617 0.321289 0.942383 0.316406