0 0.641602 0.895508 0.637695 0.895508 0.634766 0.898438 0.633789 0.904297 0.636719 0.904297 0.641602 0.899414
0 0.042969 0.374023 0.039062 0.376953 0.040039 0.383789 0.044922 0.378906
0 0.234375 0.285156 0.228516 0.285156 0.225586 0.291016 0.231445 0.290039
0 0.275391 0.648438 0.274414 0.654297 0.278320 0.659180 0.280273 0.653320
0 0.953125 0.190430 0.956055 0.195312 0.963867 0.196289 0.959961 0.190430
0 0.585938 0.763672 0.582031 0.764648 0.578125 0.771484 0.584961 0.769531
0 0.498047 0.547852 0.499023 0.550781 0.503906 0.552734 0.509766 0.550781 0.507812 0.546875
0 0.462891 0.895508 0.456055 0.897461 0.455078 0.904297 0.460938 0.901367
0 0.812500 0.298828 0.814453 0.302734 0.823242 0.303711 0.823242 0.300781 0.820312 0.298828
0 0.948242 0.009766 0.952148 0.015625 0.958984 0.016602 0.953125 0.008789
0 0.537109 0.663086 0.537109 0.668945 0.541016 0.670898 0.541016 0.666016
0 0.047852 0.811523 0.043945 0.812500 0.042969 0.821289 0.046875 0.819336
0 0.377930 0.554688 0.377930 0.556641 0.385742 0.556641 0.387695 0.552734
0 0.857422 0.925781 0.857422 0.932617 0.859375 0.935547 0.862305 0.935547 0.861328 0.928711
0 0.583008 0.473633 0.584961 0.479492 0.590820 0.480469 0.587891 0.474609
0 0.850586 0.741211 0.850586 0.747070 0.855469 0.749023 0.854492 0.743164
0 0.392578 0.253906 0.387695 0.255859 0.386719 0.261719 0.392578 0.257812
0 0.825195 0.871094 0.826172 0.875977 0.835938 0.877930 0.833984 0.873047
0 0.117188 0.450195 0.110352 0.451172 0.107422 0.457031 0.114258 0.456055
0 0.773438 0.958984 0.765625 0.959961 0.762695 0.965820 0.767578 0.966797 0.772461 0.962891
0 0.033203 0.541992 0.034180 0.548828 0.038086 0.550781 0.038086 0.544922
0 0.363281 0.238281 0.363281 0.241211 0.373047 0.241211 0.372070 0.237305
0 0.474609 0.494141 0.469727 0.495117 0.468750 0.501953 0.473633 0.499023
0 0.262695 0.361328 0.261719 0.369141 0.264648 0.371094 0.265625 0.364258
0 0.123047 0.120117 0.116211 0.121094 0.112305 0.125977 0.119141 0.125977
0 0.206055 0.976562 0.205078 0.981445 0.207031 0.987305 0.208984 0.987305 0.209961 0.978516
0 0.114258 0.708984 0.111328 0.708008 0.106445 0.712891 0.113281 0.712891
0 0.632812 0.196289 0.639648 0.196289 0.644531 0.193359 0.644531 0.190430 0.636719 0.190430 0.632812 0.192383
0 0.698242 0.688477 0.701172 0.695312 0.709961 0.696289 0.707031 0.690430
0 0.113281 0.291992 0.107422 0.294922 0.106445 0.301758 0.112305 0.297852
0 0.870117 0.130859 0.869141 0.135742 0.873047 0.141602 0.875000 0.136719 0.873047 0.131836
0 0.422852 0.020508 0.424805 0.024414 0.433594 0.024414 0.428711 0.019531
0 0.229492 0.561523 0.238281 0.561523 0.241211 0.558594 0.240234 0.556641 0.233398 0.556641 0.229492 0.558594
0 0.837891 0.367188 0.841797 0.371094 0.850586 0.371094 0.849609 0.368164 0.843750 0.365234 0.838867 0.365234
0 0.243164 0.917969 0.246094 0.924805 0.252930 0.925781 0.249023 0.918945
0 0.093750 0.326172 0.088867 0.331055 0.089844 0.339844 0.092773 0.339844 0.095703 0.333984 0.095703 0.327148
0 0.978516 0.659180 0.970703 0.661133 0.968750 0.666016 0.975586 0.665039
0 0.197266 0.705078 0.192383 0.703125 0.188477 0.704102 0.185547 0.708008 0.194336 0.708984
0 0.884766 0.052734 0.884766 0.059570 0.888672 0.061523 0.887695 0.053711
0 0.069336 0.561523 0.076172 0.562500 0.080078 0.559570 0.080078 0.556641 0.073242 0.556641
0 0.181641 0.910156 0.179688 0.916016 0.183594 0.919922 0.185547 0.913086
0 0.239258 0.518555 0.232422 0.518555 0.227539 0.524414 0.235352 0.523438
0 0.182617 0.013672 0.176758 0.012695 0.172852 0.017578 0.180664 0.016602
0 0.593750 0.862305 0.584961 0.863281 0.582031 0.869141 0.590820 0.868164
0 0.237305 0.266602 0.236328 0.271484 0.241211 0.279297 0.243164 0.272461 0.241211 0.267578
0 0.552734 0.389648 0.547852 0.391602 0.546875 0.399414 0.551758 0.395508
0 0.197266 0.896484 0.199219 0.900391 0.208984 0.899414 0.208984 0.897461 0.203125 0.895508
0 0.654297 0.423828 0.655273 0.432617 0.659180 0.434570 0.660156 0.428711 0.657227 0.423828
0 0.796875 0.019531 0.793945 0.020508 0.794922 0.028320 0.797852 0.025391
0 0.023438 0.274414 0.024414 0.282227 0.030273 0.285156 0.030273 0.278320
0 0.681641 0.437500 0.680664 0.444336 0.685547 0.451172 0.686523 0.442383