0 0.223633 0.298828 0.222656 0.304688 0.226562 0.309570 0.228516 0.303711
0 0.423828 0.761719 0.424805 0.766602 0.432617 0.770508 0.431641 0.764648
0 0.083984 0.174805 0.078125 0.175781 0.074219 0.182617 0.081055 0.181641 0.083984 0.178711
0 0.344727 0.721680 0.351562 0.722656 0.355469 0.717773 0.348633 0.717773
0 0.101562 0.269531 0.093750 0.271484 0.092773 0.275391 0.099609 0.274414
0 0.968750 0.950195 0.966797 0.958008 0.967773 0.960938 0.970703 0.960938 0.972656 0.953125
0 0.471680 0.861328 0.471680 0.866211 0.478516 0.871094 0.477539 0.864258
0 0.839844 0.065430 0.840820 0.071289 0.845703 0.074219 0.845703 0.069336
0 0.929688 0.796875 0.937500 0.797852 0.940430 0.794922 0.932617 0.792969
0 0.027344 0.236328 0.020508 0.237305 0.014648 0.246094 0.025391 0.243164
0 0.039062 0.052734 0.046875 0.052734 0.049805 0.048828 0.042969 0.047852
0 0.401367 0.343750 0.399414 0.347656 0.401367 0.353516 0.404297 0.354492 0.405273 0.345703
0 0.592773 0.373047 0.584961 0.373047 0.583008 0.376953 0.587891 0.377930
0 0.210938 0.576172 0.211914 0.582031 0.217773 0.584961 0.215820 0.577148
0 0.058594 0.847656 0.060547 0.850586 0.068359 0.848633 0.067383 0.845703
0 0.980469 0.254883 0.983398 0.260742 0.989258 0.261719 0.985352 0.255859
0 0.216797 0.162109 0.221680 0.163086 0.226562 0.160156 0.226562 0.157227 0.220703 0.157227 0.216797 0.159180
0 0.278320 0.356445 0.276367 0.365234 0.280273 0.367188 0.282227 0.360352 0.281250 0.356445
0 0.179688 0.732422 0.182617 0.739258 0.191406 0.740234 0.188477 0.734375
0 0.755859 0.244141 0.763672 0.245117 0.767578 0.242188 0.767578 0.239258 0.760742 0.239258
0 0.868164 0.626953 0.874023 0.632812 0.878906 0.631836 0.876953 0.627930
0 0.225586 0.909180 0.226562 0.917969 0.232422 0.920898 0.231445 0.912109
0 0.044922 0.112305 0.042969 0.110352 0.039062 0.111328 0.034180 0.118164 0.041992 0.117188
0 0.713867 0.343750 0.713867 0.348633 0.720703 0.353516 0.719727 0.346680
0 0.488281 0.929688 0.487305 0.939453 0.490234 0.939453 0.491211 0.931641
0 0.677734 0.147461 0.671875 0.147461 0.667969 0.154297 0.675781 0.153320
0 0.603516 0.380859 0.606445 0.385742 0.613281 0.385742 0.611328 0.381836
0 0.556641 0.369141 0.564453 0.369141 0.567383 0.366211 0.560547 0.365234
0 0.979492 0.706055 0.979492 0.715820 0.981445 0.718750 0.984375 0.718750 0.985352 0.709961 0.983398 0.706055
0 0.693359 0.124023 0.689453 0.126953 0.690430 0.135742 0.692383 0.135742 0.695312 0.128906
0 0.245117 0.536133 0.241211 0.537109 0.240234 0.544922 0.243164 0.544922
0 0.939453 0.332031 0.941406 0.334961 0.949219 0.333008 0.948242 0.330078
0 0.883789 0.417969 0.882812 0.424805 0.886719 0.427734 0.887695 0.422852
0 0.359375 0.218750 0.355469 0.218750 0.352539 0.224609 0.357422 0.223633
0 0.732422 0.970703 0.735352 0.975586 0.741211 0.977539 0.741211 0.973633 0.738281 0.970703
0 0.311523 0.745117 0.303711 0.747070 0.301758 0.750977 0.307617 0.751953
0 0.088867 0.200195 0.089844 0.206055 0.094727 0.208984 0.092773 0.201172
0 0.779297 0.452148 0.780273 0.458008 0.788086 0.461914 0.788086 0.457031
0 0.615234 0.301758 0.610352 0.303711 0.609375 0.310547 0.614258 0.307617
0 0.036133 0.433594 0.041992 0.437500 0.045898 0.436523 0.042969 0.432617
0 0.247070 0.766602 0.246094 0.773438 0.249023 0.777344 0.250977 0.772461 0.250000 0.766602
0 0.699219 0.455078 0.705078 0.460938 0.711914 0.460938 0.711914 0.457031 0.707031 0.454102
0 0.708984 0.594727 0.710938 0.597656 0.717773 0.597656 0.716797 0.594727
0 0.231445 0.750000 0.234375 0.753906 0.243164 0.753906 0.241211 0.750000
0 0.426758 0.945312 0.420898 0.947266 0.419922 0.955078 0.424805 0.952148