0 0.627930 0.798828 0.621094 0.798828 0.616211 0.803711 0.622070 0.804688
0 0.569336 0.941406 0.569336 0.946289 0.575195 0.949219 0.574219 0.944336
0 0.971680 0.806641 0.976562 0.810547 0.983398 0.809570 0.984375 0.807617 0.980469 0.804688
0 0.357422 0.419922 0.354492 0.422852 0.354492 0.429688 0.356445 0.431641 0.359375 0.427734
0 0.391602 0.266602 0.395508 0.271484 0.404297 0.270508 0.399414 0.265625
0 0.095703 0.110352 0.094727 0.118164 0.097656 0.124023 0.100586 0.125000 0.102539 0.124023 0.102539 0.117188
0 0.084961 0.497070 0.080078 0.499023 0.079102 0.505859 0.083984 0.502930
0 0.675781 0.836914 0.669922 0.838867 0.666992 0.844727 0.671875 0.844727
0 0.474609 0.709961 0.479492 0.717773 0.480469 0.711914
0 0.542969 0.349609 0.537109 0.351562 0.535156 0.355469 0.541992 0.354492
0 0.716797 0.383789 0.707031 0.383789 0.705078 0.387695 0.710938 0.388672 0.715820 0.386719
0 0.727539 0.950195 0.722656 0.958008 0.727539 0.956055
0 0.214844 0.639648 0.212891 0.646484 0.216797 0.651367 0.218750 0.643555
0 0.666992 0.012695 0.669922 0.016602 0.676758 0.016602 0.674805 0.012695
0 0.035156 0.297852 0.031250 0.299805 0.030273 0.306641 0.033203 0.306641 0.035156 0.303711
0 0.054688 0.438477 0.057617 0.442383 0.065430 0.443359 0.065430 0.440430 0.061523 0.437500
0 0.124023 0.641602 0.120117 0.642578 0.120117 0.653320 0.124023 0.650391
0 0.655273 0.031250 0.652344 0.031250 0.650391 0.034180 0.652344 0.042969 0.655273 0.038086
0 0.951172 0.375000 0.951172 0.379883 0.958008 0.383789 0.958008 0.378906
0 0.911133 0.811523 0.913086 0.819336 0.916992 0.821289 0.916992 0.813477
0 0.401367 0.592773 0.401367 0.599609 0.403320 0.602539 0.406250 0.602539 0.407227 0.598633
0 0.680664 0.767578 0.682617 0.774414 0.690430 0.777344 0.689453 0.771484
0 0.382812 0.410156 0.380859 0.412109 0.380859 0.418945 0.386719 0.423828 0.386719 0.415039
0 0.544922 0.318359 0.543945 0.323242 0.546875 0.330078 0.548828 0.330078 0.548828 0.320312
0 0.541016 0.894531 0.533203 0.894531 0.532227 0.897461 0.539062 0.898438
0 0.370117 0.122070 0.362305 0.121094 0.357422 0.125000 0.357422 0.127930 0.365234 0.126953
0 0.712891 0.904297 0.714844 0.908203 0.722656 0.910156 0.721680 0.905273
0 0.963867 0.318359 0.965820 0.321289 0.973633 0.321289 0.969727 0.317383
0 0.205078 0.785156 0.203125 0.790039 0.206055 0.794922 0.208008 0.788086
0 0.687500 0.921875 0.689453 0.929688 0.695312 0.931641 0.694336 0.925781
0 0.525391 0.985352 0.532227 0.985352 0.536133 0.981445 0.529297 0.980469 0.525391 0.982422
0 0.554688 0.949219 0.555664 0.958008 0.561523 0.960938 0.560547 0.953125
0 0.791992 0.029297 0.784180 0.030273 0.781250 0.035156 0.789062 0.035156
0 0.091797 0.419922 0.086914 0.421875 0.085938 0.427734 0.089844 0.426758
0 0.211914 0.116211 0.211914 0.119141 0.214844 0.120117 0.222656 0.119141 0.220703 0.116211
0 0.768555 0.506836 0.761719 0.506836 0.758789 0.513672 0.765625 0.511719
0 0.727539 0.423828 0.721680 0.426758 0.721680 0.432617 0.726562 0.429688
0 0.452148 0.436523 0.456055 0.442383 0.460938 0.443359 0.459961 0.437500
0 0.887695 0.122070 0.889648 0.126953 0.893555 0.128906 0.898438 0.127930 0.894531 0.123047
0 0.622070 0.242188 0.614258 0.244141 0.611328 0.248047 0.617188 0.249023 0.621094 0.247070
0 0.542969 0.502930 0.540039 0.507812 0.541016 0.511719 0.543945 0.509766
0 0.847656 0.636719 0.848633 0.643555 0.854492 0.647461 0.855469 0.644531 0.852539 0.637695
0 0.909180 0.423828 0.911133 0.427734 0.917969 0.429688 0.916992 0.424805
0 0.729492 0.928711 0.728516 0.936523 0.731445 0.939453 0.733398 0.930664
0 0.261719 0.965820 0.262695 0.971680 0.267578 0.973633 0.266602 0.967773
0 0.867188 0.424805 0.869141 0.431641 0.875977 0.433594 0.875000 0.428711
0 0.422852 0.502930 0.417969 0.500977 0.411133 0.502930 0.411133 0.504883 0.418945 0.506836 0.422852 0.505859
0 0.977539 0.238281 0.971680 0.241211 0.970703 0.250000 0.976562 0.246094
0 0.061523 0.242188 0.060547 0.249023 0.063477 0.252930 0.067383 0.253906 0.066406 0.247070
0 0.688477 0.479492 0.691406 0.486328 0.697266 0.487305 0.693359 0.480469
0 0.786133 0.133789 0.781250 0.135742 0.781250 0.144531 0.784180 0.144531 0.786133 0.140625
0 0.342773 0.653320 0.346680 0.660156 0.351562 0.660156 0.350586 0.655273
0 0.569336 0.973633 0.565430 0.974609 0.564453 0.983398 0.568359 0.981445
0 0.444336 0.678711 0.445312 0.684570 0.451172 0.687500 0.449219 0.680664
0 0.334961 0.740234 0.339844 0.740234 0.343750 0.735352 0.337891 0.735352 0.334961 0.737305
0 0.005859 0.277344 0.006836 0.281250 0.015625 0.282227 0.012695 0.277344
0 0.197266 0.578125 0.188477 0.578125 0.185547 0.583008 0.190430 0.583984
0 0.055664 0.733398 0.051758 0.734375 0.051758 0.744141 0.055664 0.738281
0 0.316406 0.022461 0.311523 0.023438 0.307617 0.030273 0.315430 0.029297
0 0.843750 0.087891 0.839844 0.086914 0.834961 0.090820 0.840820 0.091797
0 0.139648 0.273438 0.132812 0.274414 0.128906 0.278320 0.128906 0.282227 0.137695 0.280273
0 0.364258 0.218750 0.361328 0.221680 0.362305 0.228516 0.366211 0.225586
0 0.895508 0.386719 0.903320 0.386719 0.906250 0.382812 0.899414 0.381836 0.895508 0.383789