0 0.164062 0.091797 0.166992 0.095703 0.174805 0.093750 0.171875 0.090820
0 0.916992 0.212891 0.916016 0.218750 0.920898 0.223633 0.920898 0.216797
0 0.535156 0.458984 0.537109 0.462891 0.544922 0.462891 0.542969 0.458984
0 0.622070 0.108398 0.625000 0.112305 0.632812 0.112305 0.629883 0.107422
0 0.262695 0.067383 0.263672 0.073242 0.269531 0.076172 0.269531 0.071289
0 0.758789 0.390625 0.750977 0.391602 0.749023 0.396484 0.754883 0.396484
0 0.574219 0.356445 0.569336 0.362305 0.569336 0.369141 0.572266 0.369141 0.575195 0.364258 0.576172 0.358398
0 0.367188 0.505859 0.369141 0.508789 0.377930 0.506836 0.375977 0.503906
0 0.349609 0.631836 0.348633 0.638672 0.351562 0.642578 0.354492 0.642578 0.354492 0.635742
0 0.807617 0.985352 0.808594 0.987305 0.817383 0.986328 0.816406 0.983398 0.809570 0.983398
0 0.541992 0.666016 0.537109 0.666992 0.534180 0.673828 0.540039 0.671875
0 0.745117 0.867188 0.744141 0.874023 0.746094 0.877930 0.749023 0.877930 0.749023 0.871094
0 0.722656 0.211914 0.719727 0.211914 0.718750 0.214844 0.719727 0.221680 0.723633 0.216797
0 0.062500 0.155273 0.058594 0.158203 0.057617 0.163086 0.059570 0.166992 0.063477 0.162109
0 0.556641 0.049805 0.549805 0.052734 0.548828 0.058594 0.554688 0.056641
0 0.911133 0.110352 0.913086 0.113281 0.921875 0.114258 0.916992 0.109375
0 0.193359 0.765625 0.189453 0.764648 0.186523 0.766602 0.183594 0.773438 0.191406 0.771484
0 0.366211 0.474609 0.361328 0.471680 0.357422 0.472656 0.355469 0.476562
0 0.265625 0.612305 0.261719 0.614258 0.262695 0.624023 0.266602 0.616211
0 0.461914 0.865234 0.457031 0.866211 0.455078 0.875000 0.460938 0.871094
0 0.395508 0.891602 0.395508 0.899414 0.399414 0.901367 0.399414 0.892578
0 0.880859 0.876953 0.882812 0.881836 0.889648 0.881836 0.888672 0.877930
0 0.575195 0.206055 0.569336 0.208008 0.567383 0.213867 0.572266 0.211914
0 0.383789 0.485352 0.376953 0.486328 0.374023 0.491211 0.382812 0.489258
0 0.653320 0.152344 0.649414 0.155273 0.649414 0.161133 0.653320 0.159180
0 0.517578 0.417969 0.521484 0.422852 0.530273 0.420898 0.525391 0.416992
0 0.502930 0.679688 0.498047 0.684570 0.498047 0.691406 0.503906 0.685547
0 0.234375 0.688477 0.238281 0.695312 0.243164 0.697266 0.249023 0.696289 0.247070 0.691406
0 0.014648 0.806641 0.008789 0.806641 0.006836 0.810547 0.013672 0.809570
0 0.785156 0.471680 0.779297 0.475586 0.778320 0.480469 0.782227 0.480469 0.785156 0.477539