0 0.790039 0.440430 0.791992 0.445312 0.797852 0.446289 0.793945 0.440430
0 0.215820 0.403320 0.208984 0.405273 0.206055 0.411133 0.212891 0.410156
0 0.635742 0.558594 0.631836 0.561523 0.632812 0.568359 0.636719 0.564453
0 0.052734 0.504883 0.048828 0.506836 0.048828 0.513672 0.053711 0.509766
0 0.043945 0.794922 0.042969 0.799805 0.046875 0.802734 0.046875 0.795898
0 0.979492 0.641602 0.978516 0.651367 0.981445 0.653320 0.983398 0.644531 0.982422 0.641602
0 0.881836 0.860352 0.881836 0.863281 0.887695 0.867188 0.888672 0.864258
0 0.410156 0.377930 0.411133 0.387695 0.416992 0.390625 0.416992 0.382812
0 0.333984 0.301758 0.327148 0.304688 0.325195 0.310547 0.331055 0.309570
0 0.851562 0.304688 0.846680 0.308594 0.845703 0.313477 0.847656 0.317383 0.852539 0.310547
0 0.971680 0.581055 0.975586 0.584961 0.984375 0.583008 0.979492 0.579102
0 0.744141 0.719727 0.746094 0.724609 0.751953 0.726562 0.749023 0.719727
0 0.952148 0.281250 0.947266 0.283203 0.945312 0.291016 0.948242 0.291016 0.952148 0.286133
0 0.086914 0.903320 0.082031 0.909180 0.083008 0.916992 0.086914 0.914062
0 0.353516 0.146484 0.346680 0.148438 0.343750 0.156250 0.350586 0.154297
0 0.260742 0.736328 0.260742 0.739258 0.264648 0.741211 0.270508 0.739258 0.264648 0.735352
0 0.272461 0.816406 0.270508 0.826172 0.274414 0.830078 0.276367 0.820312
0 0.374023 0.073242 0.375000 0.078125 0.381836 0.082031 0.382812 0.078125 0.380859 0.075195
0 0.535156 0.651367 0.527344 0.652344 0.522461 0.656250 0.522461 0.659180 0.533203 0.657227
0 0.285156 0.811523 0.289062 0.815430 0.295898 0.814453 0.292969 0.810547
0 0.236328 0.428711 0.244141 0.432617 0.249023 0.430664 0.245117 0.426758
0 0.593750 0.591797 0.587891 0.591797 0.583984 0.597656 0.584961 0.599609 0.591797 0.596680
0 0.205078 0.218750 0.205078 0.226562 0.210938 0.229492 0.209961 0.222656
0 0.206055 0.189453 0.201172 0.191406 0.200195 0.201172 0.205078 0.197266
0 0.128906 0.430664 0.124023 0.431641 0.120117 0.438477 0.127930 0.437500
0 0.266602 0.203125 0.260742 0.204102 0.257812 0.208984 0.263672 0.208008
0 0.747070 0.225586 0.748047 0.233398 0.752930 0.235352 0.752930 0.230469
0 0.299805 0.465820 0.299805 0.473633 0.301758 0.474609 0.303711 0.466797
0 0.753906 0.778320 0.756836 0.782227 0.763672 0.782227 0.759766 0.778320