0 0.679688 0.060547 0.674805 0.063477 0.673828 0.073242 0.680664 0.066406
0 0.493164 0.625000 0.493164 0.630859 0.497070 0.633789 0.498047 0.627930 0.496094 0.625000
0 0.570312 0.874023 0.569336 0.880859 0.575195 0.885742 0.575195 0.878906
0 0.285156 0.126953 0.281250 0.128906 0.281250 0.136719 0.285156 0.133789
0 0.758789 0.493164 0.758789 0.498047 0.763672 0.502930 0.763672 0.495117
0 0.257812 0.635742 0.260742 0.641602 0.266602 0.642578 0.264648 0.637695
0 0.763672 0.814453 0.761719 0.812500 0.755859 0.813477 0.752930 0.818359 0.757812 0.819336
0 0.079102 0.403320 0.082031 0.413086 0.083984 0.412109 0.083984 0.407227
0 0.293945 0.526367 0.292969 0.535156 0.295898 0.537109 0.297852 0.529297 0.296875 0.526367
0 0.257812 0.528320 0.262695 0.533203 0.267578 0.531250 0.265625 0.527344
0 0.375977 0.889648 0.375000 0.896484 0.378906 0.900391 0.379883 0.892578 0.378906 0.889648
0 0.484375 0.874023 0.477539 0.873047 0.472656 0.878906 0.479492 0.878906
0 0.867188 0.640625 0.868164 0.646484 0.873047 0.649414 0.873047 0.643555
0 0.121094 0.820312 0.115234 0.822266 0.112305 0.830078 0.120117 0.827148
0 0.887695 0.435547 0.890625 0.440430 0.896484 0.441406 0.892578 0.435547
0 0.751953 0.446289 0.751953 0.452148 0.755859 0.455078 0.756836 0.451172
0 0.123047 0.781250 0.124023 0.787109 0.129883 0.791016 0.128906 0.784180
0 0.591797 0.864258 0.584961 0.868164 0.583984 0.876953 0.590820 0.872070
0 0.412109 0.471680 0.410156 0.473633 0.410156 0.481445 0.414062 0.483398 0.415039 0.473633
0 0.154297 0.765625 0.148438 0.769531 0.147461 0.775391 0.153320 0.773438 0.155273 0.770508
0 0.333984 0.121094 0.330078 0.124023 0.329102 0.132812 0.334961 0.126953
0 0.949219 0.411133 0.942383 0.415039 0.941406 0.423828 0.948242 0.419922 0.950195 0.416016
0 0.357422 0.692383 0.354492 0.703125 0.359375 0.708008 0.361328 0.698242 0.360352 0.693359
0 0.835938 0.157227 0.837891 0.165039 0.842773 0.167969 0.843750 0.162109 0.838867 0.157227
0 0.917969 0.416016 0.920898 0.422852 0.926758 0.423828 0.924805 0.417969
0 0.742188 0.232422 0.740234 0.240234 0.745117 0.245117 0.747070 0.239258
0 0.761719 0.148438 0.752930 0.148438 0.751953 0.152344 0.756836 0.152344
0 0.639648 0.397461 0.638672 0.403320 0.643555 0.408203 0.643555 0.400391
0 0.135742 0.487305 0.135742 0.492188 0.143555 0.496094 0.141602 0.489258
0 0.821289 0.785156 0.812500 0.786133 0.810547 0.791016 0.816406 0.791016
0 0.572266 0.108398 0.572266 0.116211 0.575195 0.118164 0.576172 0.112305