0 0.861328 0.390625 0.856445 0.388672 0.851562 0.393555 0.856445 0.394531
0 0.558594 0.200195 0.558594 0.206055 0.563477 0.208984 0.563477 0.203125
0 0.300781 0.710938 0.303711 0.714844 0.310547 0.714844 0.307617 0.710938
0 0.433594 0.341797 0.428711 0.343750 0.427734 0.349609 0.432617 0.347656
0 0.292969 0.799805 0.293945 0.802734 0.297852 0.803711 0.304688 0.801758 0.304688 0.799805 0.299805 0.797852
0 0.519531 0.166016 0.523438 0.172852 0.530273 0.173828 0.527344 0.167969
0 0.598633 0.266602 0.599609 0.270508 0.608398 0.270508 0.606445 0.266602
0 0.272461 0.193359 0.272461 0.197266 0.278320 0.201172 0.277344 0.195312
0 0.226562 0.201172 0.227539 0.209961 0.230469 0.210938 0.230469 0.203125
0 0.046875 0.766602 0.041992 0.764648 0.035156 0.770508 0.040039 0.771484
0 0.757812 0.306641 0.756836 0.314453 0.761719 0.318359 0.762695 0.311523
0 0.140625 0.037109 0.136719 0.041992 0.138672 0.048828 0.142578 0.043945
0 0.973633 0.413086 0.968750 0.412109 0.963867 0.414062 0.963867 0.416016 0.970703 0.417969
0 0.195312 0.271484 0.188477 0.272461 0.186523 0.277344 0.192383 0.276367
0 0.375977 0.496094 0.373047 0.500000 0.373047 0.506836 0.375977 0.506836 0.377930 0.503906
0 0.663086 0.954102 0.662109 0.962891 0.666016 0.966797 0.666992 0.957031
0 0.226562 0.807617 0.227539 0.812500 0.233398 0.816406 0.232422 0.810547
0 0.261719 0.061523 0.260742 0.066406 0.265625 0.072266 0.267578 0.070312 0.266602 0.066406
0 0.375977 0.124023 0.376953 0.126953 0.384766 0.126953 0.381836 0.123047
0 0.491211 0.438477 0.487305 0.441406 0.490234 0.450195 0.493164 0.444336
0 0.894531 0.118164 0.886719 0.118164 0.883789 0.120117 0.883789 0.124023 0.892578 0.122070
0 0.307617 0.191406 0.307617 0.197266 0.312500 0.200195 0.311523 0.193359
0 0.103516 0.343750 0.109375 0.343750 0.112305 0.340820 0.106445 0.339844
0 0.836914 0.320312 0.836914 0.323242 0.842773 0.327148 0.847656 0.325195 0.844727 0.320312
0 0.656250 0.384766 0.658203 0.389648 0.665039 0.390625 0.663086 0.386719
0 0.983398 0.766602 0.985352 0.769531 0.993164 0.768555 0.990234 0.765625
0 0.348633 0.066406 0.348633 0.068359 0.355469 0.070312 0.360352 0.067383 0.359375 0.064453
0 0.039062 0.128906 0.035156 0.129883 0.034180 0.136719 0.039062 0.133789
0 0.438477 0.748047 0.438477 0.750000 0.445312 0.752930 0.454102 0.750977 0.454102 0.748047 0.451172 0.746094
0 0.741211 0.643555 0.741211 0.646484 0.745117 0.648438 0.750977 0.647461 0.748047 0.643555
0 0.497070 0.875977 0.491211 0.878906 0.490234 0.884766 0.497070 0.880859
0 0.222656 0.305664 0.217773 0.307617 0.217773 0.317383 0.220703 0.317383 0.222656 0.313477
0 0.984375 0.938477 0.978516 0.941406 0.978516 0.947266 0.983398 0.943359
0 0.553711 0.429688 0.555664 0.434570 0.563477 0.435547 0.558594 0.429688
0 0.754883 0.349609 0.755859 0.355469 0.759766 0.357422 0.758789 0.351562
0 0.941406 0.069336 0.940430 0.079102 0.944336 0.080078 0.945312 0.072266
0 0.132812 0.570312 0.134766 0.574219 0.142578 0.574219 0.144531 0.572266 0.140625 0.569336
0 0.106445 0.681641 0.101562 0.682617 0.097656 0.686523 0.098633 0.691406 0.104492 0.688477
0 0.514648 0.719727 0.513672 0.726562 0.516602 0.727539 0.517578 0.721680
0 0.299805 0.026367 0.302734 0.037109 0.307617 0.039062 0.306641 0.030273
0 0.876953 0.483398 0.875977 0.488281 0.880859 0.495117 0.882812 0.494141 0.882812 0.489258
0 0.097656 0.875977 0.101562 0.881836 0.110352 0.882812 0.106445 0.876953
0 0.270508 0.458008 0.265625 0.461914 0.264648 0.468750 0.266602 0.469727 0.270508 0.465820
0 0.211914 0.596680 0.212891 0.601562 0.215820 0.603516 0.220703 0.602539 0.216797 0.597656
0 0.120117 0.048828 0.117188 0.049805 0.117188 0.057617 0.120117 0.055664
0 0.339844 0.750977 0.340820 0.753906 0.349609 0.752930 0.347656 0.750000
0 0.503906 0.125000 0.500000 0.127930 0.501953 0.135742 0.504883 0.132812
0 0.204102 0.250977 0.207031 0.254883 0.213867 0.257812 0.212891 0.251953 0.209961 0.250000
0 0.503906 0.414062 0.495117 0.418945 0.494141 0.424805 0.501953 0.420898
0 0.848633 0.920898 0.843750 0.920898 0.839844 0.926758 0.847656 0.924805
0 0.116211 0.073242 0.111328 0.074219 0.108398 0.080078 0.115234 0.078125
0 0.461914 0.325195 0.463867 0.329102 0.474609 0.327148 0.467773 0.323242
0 0.379883 0.983398 0.378906 0.991211 0.381836 0.994141 0.383789 0.985352
0 0.477539 0.401367 0.480469 0.408203 0.485352 0.410156 0.484375 0.404297
0 0.787109 0.619141 0.787109 0.622070 0.790039 0.624023 0.798828 0.624023 0.795898 0.620117
0 0.556641 0.671875 0.551758 0.674805 0.551758 0.680664 0.555664 0.678711
0 0.945312 0.585938 0.948242 0.592773 0.955078 0.593750 0.955078 0.589844 0.952148 0.586914
0 0.337891 0.054688 0.331055 0.055664 0.327148 0.061523 0.335938 0.060547
0 0.938477 0.109375 0.933594 0.110352 0.929688 0.116211 0.935547 0.116211
0 0.908203 0.602539 0.909180 0.607422 0.913086 0.609375 0.919922 0.608398 0.916992 0.603516
0 0.973633 0.549805 0.976562 0.553711 0.986328 0.552734 0.982422 0.548828
0 0.501953 0.821289 0.494141 0.821289 0.492188 0.825195 0.497070 0.826172
0 0.877930 0.460938 0.871094 0.460938 0.867188 0.465820 0.875000 0.465820
0 0.023438 0.228516 0.027344 0.233398 0.034180 0.232422 0.032227 0.228516
0 0.290039 0.907227 0.296875 0.907227 0.299805 0.903320 0.291016 0.903320
0 0.618164 0.633789 0.611328 0.633789 0.607422 0.638672 0.615234 0.638672 0.618164 0.636719
0 0.334961 0.015625 0.332031 0.015625 0.330078 0.018555 0.330078 0.027344 0.335938 0.021484
0 0.875000 0.375977 0.876953 0.378906 0.884766 0.377930 0.881836 0.375000