0 0.606445 0.329102 0.607422 0.334961 0.614258 0.338867 0.612305 0.331055
0 0.157227 0.327148 0.159180 0.330078 0.166016 0.329102 0.164062 0.326172
0 0.571289 0.679688 0.568359 0.682617 0.569336 0.689453 0.572266 0.687500
0 0.523438 0.243164 0.524414 0.250000 0.528320 0.250977 0.527344 0.245117
0 0.027344 0.763672 0.022461 0.765625 0.021484 0.772461 0.027344 0.768555
0 0.352539 0.968750 0.353516 0.973633 0.359375 0.975586 0.358398 0.970703
0 0.143555 0.092773 0.146484 0.098633 0.152344 0.099609 0.149414 0.093750
0 0.870117 0.457031 0.860352 0.458008 0.858398 0.461914 0.860352 0.463867 0.865234 0.462891
0 0.621094 0.749023 0.622070 0.753906 0.628906 0.756836 0.626953 0.750977
0 0.982422 0.537109 0.977539 0.540039 0.975586 0.547852 0.981445 0.543945
0 0.676758 0.443359 0.677734 0.446289 0.688477 0.445312 0.688477 0.442383 0.678711 0.441406
0 0.534180 0.285156 0.527344 0.290039 0.527344 0.295898 0.533203 0.292969
0 0.212891 0.514648 0.212891 0.521484 0.217773 0.523438 0.217773 0.518555
0 0.870117 0.335938 0.863281 0.335938 0.859375 0.342773 0.867188 0.340820
0 0.741211 0.368164 0.741211 0.371094 0.745117 0.374023 0.752930 0.373047 0.748047 0.368164
0 0.516602 0.713867 0.511719 0.713867 0.507812 0.720703 0.513672 0.719727
0 0.304688 0.623047 0.302734 0.621094 0.299805 0.622070 0.294922 0.627930 0.302734 0.626953
0 0.251953 0.052734 0.254883 0.058594 0.261719 0.058594 0.258789 0.053711
0 0.036133 0.548828 0.032227 0.550781 0.032227 0.558594 0.036133 0.555664
0 0.413086 0.097656 0.414062 0.100586 0.423828 0.099609 0.422852 0.095703
0 0.486328 0.830078 0.488281 0.833008 0.498047 0.833008 0.496094 0.829102
0 0.130859 0.100586 0.124023 0.100586 0.121094 0.102539 0.121094 0.105469 0.126953 0.105469
0 0.919922 0.043945 0.916992 0.046875 0.917969 0.053711 0.921875 0.049805
0 0.118164 0.500000 0.115234 0.500977 0.112305 0.510742 0.117188 0.509766
0 0.383789 0.124023 0.375000 0.125000 0.373047 0.129883 0.379883 0.128906
0 0.602539 0.267578 0.598633 0.269531 0.598633 0.277344 0.602539 0.274414
0 0.206055 0.850586 0.207031 0.857422 0.211914 0.860352 0.210938 0.852539
0 0.355469 0.603516 0.353516 0.608398 0.355469 0.613281 0.358398 0.613281 0.358398 0.606445
0 0.650391 0.883789 0.646484 0.886719 0.648438 0.895508 0.651367 0.891602
0 0.202148 0.684570 0.200195 0.695312 0.204102 0.697266 0.206055 0.685547
0 0.515625 0.890625 0.506836 0.890625 0.504883 0.894531 0.513672 0.894531
0 0.221680 0.172852 0.217773 0.174805 0.218750 0.184570 0.222656 0.181641
0 0.077148 0.682617 0.077148 0.688477 0.082031 0.691406 0.080078 0.682617
0 0.983398 0.452148 0.983398 0.457031 0.990234 0.460938 0.989258 0.455078
0 0.500000 0.620117 0.497070 0.625000 0.498047 0.629883 0.501953 0.625977
0 0.438477 0.429688 0.441406 0.433594 0.451172 0.432617 0.451172 0.430664 0.446289 0.428711