0 0.816406 0.931641 0.817383 0.933594 0.824219 0.933594 0.828125 0.931641 0.828125 0.928711 0.819336 0.928711
0 0.950195 0.039062 0.957031 0.039062 0.962891 0.034180 0.952148 0.034180
0 0.775391 0.336914 0.775391 0.341797 0.783203 0.344727 0.781250 0.338867
0 0.538086 0.790039 0.537109 0.798828 0.541016 0.799805 0.541016 0.791016
0 0.295898 0.093750 0.300781 0.098633 0.305664 0.097656 0.303711 0.093750
0 0.603516 0.959961 0.610352 0.959961 0.612305 0.957031 0.606445 0.956055 0.603516 0.957031
0 0.424805 0.787109 0.423828 0.792969 0.426758 0.796875 0.428711 0.789062
0 0.410156 0.017578 0.412109 0.025391 0.415039 0.026367 0.414062 0.018555
0 0.568359 0.381836 0.570312 0.387695 0.575195 0.388672 0.575195 0.384766
0 0.926758 0.169922 0.924805 0.178711 0.929688 0.183594 0.930664 0.173828
0 0.267578 0.321289 0.272461 0.324219 0.278320 0.322266 0.274414 0.319336
0 0.326172 0.514648 0.322266 0.517578 0.322266 0.526367 0.326172 0.524414
0 0.586914 0.074219 0.589844 0.079102 0.598633 0.081055 0.596680 0.075195
0 0.563477 0.813477 0.562500 0.820312 0.566406 0.823242 0.567383 0.816406
0 0.166992 0.947266 0.163086 0.947266 0.160156 0.950195 0.160156 0.956055 0.165039 0.953125
0 0.581055 0.653320 0.574219 0.653320 0.569336 0.659180 0.577148 0.659180 0.581055 0.656250
0 0.318359 0.169922 0.311523 0.169922 0.308594 0.177734 0.315430 0.175781
0 0.668945 0.906250 0.670898 0.912109 0.676758 0.914062 0.676758 0.910156
0 0.652344 0.054688 0.647461 0.058594 0.648438 0.067383 0.653320 0.061523
0 0.286133 0.059570 0.277344 0.059570 0.275391 0.064453 0.280273 0.064453
0 0.813477 0.900391 0.817383 0.904297 0.826172 0.903320 0.823242 0.899414
0 0.497070 0.798828 0.497070 0.804688 0.501953 0.808594 0.502930 0.803711 0.500977 0.799805
0 0.744141 0.276367 0.740234 0.279297 0.742188 0.287109 0.745117 0.284180
0 0.551758 0.187500 0.545898 0.188477 0.543945 0.193359 0.548828 0.192383
0 0.711914 0.093750 0.716797 0.096680 0.724609 0.096680 0.727539 0.092773 0.717773 0.090820
0 0.079102 0.797852 0.074219 0.800781 0.073242 0.807617 0.078125 0.805664
0 0.201172 0.383789 0.205078 0.389648 0.212891 0.390625 0.209961 0.384766
0 0.066406 0.962891 0.060547 0.963867 0.057617 0.969727 0.063477 0.968750
0 0.110352 0.726562 0.109375 0.731445 0.115234 0.739258 0.115234 0.729492
0 0.804688 0.302734 0.809570 0.304688 0.815430 0.301758 0.807617 0.299805
0 0.523438 0.543945 0.517578 0.546875 0.515625 0.555664 0.522461 0.552734
0 0.852539 0.239258 0.861328 0.241211 0.863281 0.237305 0.855469 0.236328
0 0.579102 0.468750 0.574219 0.470703 0.573242 0.476562 0.579102 0.472656
0 0.434570 0.245117 0.436523 0.250000 0.439453 0.251953 0.443359 0.250977 0.440430 0.246094
0 0.288086 0.284180 0.295898 0.288086 0.299805 0.287109 0.297852 0.283203
0 0.370117 0.342773 0.365234 0.344727 0.365234 0.354492 0.370117 0.347656
0 0.539062 0.571289 0.536133 0.572266 0.535156 0.580078 0.539062 0.578125
0 0.668945 0.614258 0.663086 0.611328 0.654297 0.614258 0.659180 0.617188
0 0.267578 0.710938 0.272461 0.715820 0.277344 0.713867 0.274414 0.709961
0 0.118164 0.167969 0.113281 0.169922 0.113281 0.176758 0.116211 0.174805
0 0.185547 0.660156 0.191406 0.661133 0.194336 0.657227 0.187500 0.657227
0 0.283203 0.422852 0.276367 0.426758 0.276367 0.431641 0.282227 0.428711
0 0.916016 0.353516 0.915039 0.362305 0.916016 0.365234 0.918945 0.365234 0.919922 0.356445
0 0.473633 0.206055 0.465820 0.207031 0.461914 0.213867 0.468750 0.213867
0 0.416016 0.735352 0.416992 0.739258 0.425781 0.740234 0.423828 0.737305
0 0.924805 0.060547 0.928711 0.068359 0.935547 0.069336 0.933594 0.062500
0 0.716797 0.157227 0.708008 0.159180 0.705078 0.163086 0.706055 0.165039 0.712891 0.164062