0 0.548828 0.639648 0.548828 0.647461 0.553711 0.649414 0.552734 0.642578
0 0.095703 0.178711 0.091797 0.178711 0.087891 0.185547 0.093750 0.184570
0 0.244141 0.044922 0.239258 0.043945 0.235352 0.045898 0.233398 0.050781 0.241211 0.049805
0 0.078125 0.788086 0.074219 0.788086 0.069336 0.796875 0.074219 0.795898
0 0.179688 0.966797 0.173828 0.967773 0.170898 0.976562 0.178711 0.972656
0 0.761719 0.022461 0.756836 0.021484 0.750977 0.027344 0.757812 0.027344 0.761719 0.025391
0 0.084961 0.855469 0.081055 0.855469 0.078125 0.858398 0.076172 0.867188 0.083008 0.864258
0 0.866211 0.416016 0.866211 0.418945 0.873047 0.422852 0.872070 0.417969
0 0.665039 0.347656 0.659180 0.350586 0.658203 0.357422 0.664062 0.354492
0 0.089844 0.360352 0.084961 0.363281 0.087891 0.373047 0.090820 0.367188
0 0.025391 0.701172 0.026367 0.705078 0.036133 0.704102 0.033203 0.701172
0 0.714844 0.368164 0.708984 0.368164 0.704102 0.373047 0.712891 0.374023
0 0.423828 0.101562 0.418945 0.103516 0.416016 0.111328 0.423828 0.107422
0 0.453125 0.106445 0.449219 0.111328 0.450195 0.117188 0.454102 0.112305
0 0.332031 0.893555 0.328125 0.893555 0.326172 0.897461 0.327148 0.905273 0.332031 0.900391
0 0.716797 0.198242 0.711914 0.201172 0.711914 0.207031 0.715820 0.205078
0 0.845703 0.800781 0.853516 0.800781 0.856445 0.796875 0.849609 0.795898 0.845703 0.797852
0 0.500977 0.664062 0.495117 0.664062 0.491211 0.668945 0.498047 0.668945 0.500977 0.666992
0 0.172852 0.182617 0.170898 0.193359 0.174805 0.197266 0.176758 0.188477 0.174805 0.182617
0 0.387695 0.862305 0.385742 0.867188 0.387695 0.872070 0.390625 0.872070 0.390625 0.865234
0 0.467773 0.095703 0.467773 0.100586 0.473633 0.107422 0.474609 0.100586 0.471680 0.095703
0 0.618164 0.383789 0.615234 0.383789 0.612305 0.391602 0.614258 0.393555 0.618164 0.388672
0 0.763672 0.520508 0.761719 0.522461 0.762695 0.533203 0.765625 0.533203 0.766602 0.523438
0 0.920898 0.411133 0.924805 0.416016 0.933594 0.414062 0.928711 0.410156
0 0.544922 0.111328 0.544922 0.114258 0.547852 0.116211 0.557617 0.115234 0.557617 0.112305 0.553711 0.110352
0 0.163086 0.953125 0.157227 0.954102 0.154297 0.960938 0.160156 0.958984
0 0.311523 0.450195 0.312500 0.457031 0.316406 0.458008 0.315430 0.452148
0 0.940430 0.065430 0.948242 0.065430 0.951172 0.062500 0.950195 0.060547 0.943359 0.060547 0.940430 0.062500
0 0.868164 0.726562 0.868164 0.729492 0.871094 0.731445 0.877930 0.730469 0.875000 0.726562
0 0.012695 0.503906 0.006836 0.503906 0.002930 0.507812 0.011719 0.508789
0 0.634766 0.124023 0.633789 0.133789 0.638672 0.136719 0.639648 0.130859
0 0.836914 0.640625 0.836914 0.644531 0.840820 0.648438 0.846680 0.649414 0.842773 0.641602
0 0.659180 0.649414 0.662109 0.653320 0.669922 0.652344 0.669922 0.649414 0.665039 0.647461
0 0.029297 0.530273 0.026367 0.533203 0.028320 0.541992 0.030273 0.541992 0.031250 0.536133
0 0.724609 0.520508 0.716797 0.522461 0.714844 0.527344 0.721680 0.526367
0 0.396484 0.896484 0.392578 0.899414 0.393555 0.906250 0.397461 0.902344
0 0.114258 0.441406 0.108398 0.443359 0.107422 0.451172 0.113281 0.447266
0 0.955078 0.305664 0.953125 0.312500 0.954102 0.315430 0.957031 0.315430 0.958008 0.307617
0 0.519531 0.170898 0.513672 0.171875 0.510742 0.176758 0.515625 0.176758
0 0.477539 0.304688 0.484375 0.305664 0.488281 0.301758 0.480469 0.300781
0 0.708984 0.720703 0.707031 0.727539 0.710938 0.731445 0.711914 0.723633
0 0.430664 0.831055 0.432617 0.833008 0.443359 0.832031 0.440430 0.828125 0.432617 0.828125
0 0.731445 0.561523 0.733398 0.565430 0.742188 0.565430 0.737305 0.560547