0 0.183594 0.551758 0.182617 0.555664 0.185547 0.561523 0.187500 0.554688
0 0.417969 0.708984 0.416992 0.713867 0.420898 0.719727 0.422852 0.714844 0.420898 0.709961
0 0.693359 0.817383 0.696289 0.824219 0.701172 0.825195 0.700195 0.820312
0 0.351562 0.139648 0.352539 0.146484 0.357422 0.150391 0.361328 0.150391 0.358398 0.141602 0.353516 0.138672
0 0.656250 0.611328 0.658203 0.616211 0.663086 0.618164 0.662109 0.614258
0 0.749023 0.652344 0.744141 0.654297 0.743164 0.660156 0.749023 0.656250
0 0.327148 0.320312 0.327148 0.327148 0.332031 0.330078 0.331055 0.322266
0 0.402344 0.440430 0.408203 0.446289 0.413086 0.445312 0.410156 0.440430
0 0.381836 0.711914 0.375977 0.712891 0.373047 0.718750 0.377930 0.718750
0 0.452148 0.816406 0.458984 0.816406 0.462891 0.811523 0.456055 0.811523
0 0.315430 0.043945 0.322266 0.048828 0.327148 0.048828 0.325195 0.043945
0 0.312500 0.931641 0.312500 0.940430 0.316406 0.943359 0.317383 0.934570
0 0.588867 0.759766 0.584961 0.759766 0.580078 0.764648 0.580078 0.769531 0.588867 0.764648
0 0.356445 0.842773 0.351562 0.841797 0.345703 0.849609 0.352539 0.848633
0 0.365234 0.217773 0.356445 0.218750 0.353516 0.223633 0.362305 0.222656
0 0.336914 0.260742 0.331055 0.261719 0.327148 0.266602 0.328125 0.268555 0.333008 0.267578
0 0.590820 0.347656 0.585938 0.348633 0.583984 0.357422 0.589844 0.353516
0 0.168945 0.259766 0.166992 0.257812 0.161133 0.258789 0.158203 0.263672 0.165039 0.263672
0 0.987305 0.414062 0.988281 0.419922 0.994141 0.422852 0.992188 0.415039
0 0.540039 0.419922 0.532227 0.420898 0.528320 0.427734 0.537109 0.425781
0 0.380859 0.695312 0.382812 0.698242 0.389648 0.696289 0.389648 0.694336
0 0.269531 0.020508 0.276367 0.021484 0.280273 0.016602 0.272461 0.016602
0 0.593750 0.969727 0.588867 0.971680 0.588867 0.978516 0.592773 0.975586
0 0.520508 0.025391 0.514648 0.028320 0.513672 0.035156 0.519531 0.032227
0 0.024414 0.335938 0.024414 0.338867 0.027344 0.339844 0.037109 0.338867 0.034180 0.334961
0 0.505859 0.340820 0.501953 0.343750 0.503906 0.353516 0.506836 0.347656
0 0.416992 0.367188 0.413086 0.369141 0.411133 0.375977 0.416016 0.374023
0 0.694336 0.952148 0.692383 0.961914 0.693359 0.964844 0.696289 0.964844 0.698242 0.955078
0 0.352539 0.678711 0.347656 0.679688 0.343750 0.687500 0.350586 0.684570
0 0.663086 0.152344 0.664062 0.160156 0.669922 0.163086 0.667969 0.154297
0 0.371094 0.987305 0.367188 0.988281 0.366211 0.994141 0.371094 0.992188
0 0.149414 0.358398 0.154297 0.359375 0.159180 0.354492 0.151367 0.354492
0 0.098633 0.804688 0.093750 0.808594 0.093750 0.815430 0.098633 0.811523
0 0.360352 0.612305 0.357422 0.612305 0.353516 0.617188 0.357422 0.618164
0 0.360352 0.978516 0.359375 0.987305 0.362305 0.986328
0 0.550781 0.686523 0.550781 0.688477 0.554688 0.689453 0.560547 0.687500 0.556641 0.684570
0 0.545898 0.861328 0.543945 0.862305 0.543945 0.870117 0.546875 0.869141
0 0.966797 0.094727 0.961914 0.095703 0.959961 0.107422 0.963867 0.106445
0 0.704102 0.128906 0.704102 0.132812 0.711914 0.136719 0.710938 0.131836
0 0.232422 0.103516 0.227539 0.108398 0.227539 0.114258 0.230469 0.119141 0.234375 0.112305
0 0.112305 0.082031 0.106445 0.083984 0.104492 0.090820 0.111328 0.087891
0 0.617188 0.509766 0.616211 0.517578 0.621094 0.522461 0.623047 0.515625 0.621094 0.510742
0 0.303711 0.885742 0.302734 0.893555 0.305664 0.896484 0.307617 0.887695
0 0.537109 0.606445 0.532227 0.608398 0.530273 0.612305 0.532227 0.616211 0.536133 0.612305
0 0.354492 0.045898 0.356445 0.048828 0.365234 0.046875 0.362305 0.043945
0 0.256836 0.840820 0.256836 0.849609 0.259766 0.849609 0.259766 0.841797
0 0.145508 0.893555 0.140625 0.894531 0.137695 0.901367 0.143555 0.899414