0 0.806641 0.006836 0.799805 0.009766 0.797852 0.015625 0.803711 0.014648
0 0.721680 0.079102 0.717773 0.081055 0.717773 0.089844 0.722656 0.084961
0 0.672852 0.899414 0.672852 0.908203 0.676758 0.912109 0.677734 0.901367
0 0.601562 0.175781 0.598633 0.175781 0.596680 0.178711 0.596680 0.186523 0.601562 0.180664
0 0.987305 0.526367 0.985352 0.533203 0.989258 0.537109 0.990234 0.528320
0 0.494141 0.413086 0.489258 0.415039 0.488281 0.420898 0.493164 0.418945
0 0.493164 0.948242 0.495117 0.952148 0.501953 0.951172 0.500977 0.948242
0 0.222656 0.971680 0.220703 0.979492 0.222656 0.983398 0.225586 0.983398 0.226562 0.974609
0 0.909180 0.942383 0.910156 0.948242 0.916016 0.951172 0.916016 0.946289
0 0.919922 0.679688 0.919922 0.686523 0.922852 0.691406 0.925781 0.691406 0.925781 0.683594 0.922852 0.679688
0 0.777344 0.954102 0.771484 0.954102 0.768555 0.957031 0.768555 0.960938 0.773438 0.959961
0 0.440430 0.125977 0.433594 0.125977 0.430664 0.128906 0.438477 0.129883
0 0.581055 0.430664 0.584961 0.435547 0.591797 0.436523 0.589844 0.431641
0 0.061523 0.852539 0.061523 0.856445 0.068359 0.860352 0.067383 0.854492
0 0.524414 0.146484 0.521484 0.150391 0.522461 0.158203 0.525391 0.157227 0.526367 0.152344
0 0.374023 0.567383 0.376953 0.573242 0.382812 0.574219 0.381836 0.569336
0 0.845703 0.635742 0.848633 0.638672 0.857422 0.639648 0.854492 0.633789 0.846680 0.633789
0 0.174805 0.611328 0.167969 0.611328 0.165039 0.617188 0.170898 0.616211
0 0.958984 0.050781 0.958008 0.055664 0.961914 0.061523 0.963867 0.056641 0.961914 0.051758
0 0.674805 0.417969 0.670898 0.420898 0.670898 0.426758 0.674805 0.422852
0 0.749023 0.197266 0.752930 0.201172 0.759766 0.200195 0.755859 0.196289
0 0.256836 0.871094 0.249023 0.871094 0.245117 0.874023 0.245117 0.876953 0.252930 0.876953 0.256836 0.874023
0 0.021484 0.098633 0.015625 0.097656 0.009766 0.099609 0.009766 0.101562 0.017578 0.103516 0.021484 0.101562
0 0.491211 0.208008 0.488281 0.211914 0.489258 0.220703 0.492188 0.220703 0.494141 0.216797 0.493164 0.208984
0 0.702148 0.110352 0.700195 0.111328 0.700195 0.117188 0.705078 0.121094 0.705078 0.112305
0 0.973633 0.762695 0.976562 0.769531 0.983398 0.772461 0.982422 0.767578
0 0.120117 0.129883 0.123047 0.134766 0.129883 0.134766 0.126953 0.129883
0 0.017578 0.722656 0.010742 0.723633 0.007812 0.730469 0.014648 0.728516
0 0.620117 0.263672 0.615234 0.264648 0.611328 0.270508 0.617188 0.270508 0.620117 0.267578
0 0.395508 0.254883 0.400391 0.260742 0.407227 0.258789 0.404297 0.254883
0 0.244141 0.326172 0.235352 0.326172 0.234375 0.330078 0.239258 0.330078
0 0.476562 0.830078 0.470703 0.830078 0.466797 0.835938 0.474609 0.833984
0 0.243164 0.498047 0.234375 0.498047 0.230469 0.500977 0.230469 0.503906 0.239258 0.503906
0 0.042969 0.700195 0.046875 0.704102 0.052734 0.703125 0.049805 0.699219
0 0.493164 0.473633 0.501953 0.475586 0.505859 0.471680 0.499023 0.469727
0 0.826172 0.663086 0.826172 0.668945 0.833984 0.672852 0.834961 0.670898 0.831055 0.665039
0 0.138672 0.642578 0.138672 0.645508 0.143555 0.646484 0.151367 0.644531 0.151367 0.640625 0.141602 0.640625
0 0.325195 0.618164 0.332031 0.618164 0.333984 0.614258 0.328125 0.614258
0 0.616211 0.930664 0.611328 0.932617 0.611328 0.942383 0.617188 0.937500 0.618164 0.933594
0 0.206055 0.281250 0.201172 0.285156 0.202148 0.291992 0.206055 0.288086
0 0.776367 0.786133 0.785156 0.789062 0.790039 0.786133 0.790039 0.783203 0.782227 0.782227
0 0.510742 0.042969 0.513672 0.046875 0.520508 0.046875 0.516602 0.042969
0 0.539062 0.608398 0.538086 0.610352 0.541016 0.614258 0.547852 0.614258 0.543945 0.609375
0 0.689453 0.918945 0.690430 0.925781 0.694336 0.927734 0.694336 0.921875
0 0.081055 0.269531 0.081055 0.272461 0.084961 0.275391 0.090820 0.276367 0.087891 0.270508
0 0.143555 0.223633 0.144531 0.230469 0.148438 0.232422 0.146484 0.223633
0 0.314453 0.468750 0.317383 0.473633 0.324219 0.473633 0.320312 0.468750
0 0.137695 0.447266 0.132812 0.449219 0.131836 0.457031 0.136719 0.453125
0 0.621094 0.199219 0.622070 0.205078 0.630859 0.208008 0.626953 0.200195