0 0.661133 0.425781 0.652344 0.425781 0.650391 0.429688 0.657227 0.430664
0 0.142578 0.419922 0.144531 0.424805 0.153320 0.426758 0.149414 0.419922
0 0.900391 0.562500 0.903320 0.568359 0.910156 0.568359 0.907227 0.563477
0 0.249023 0.473633 0.246094 0.473633 0.241211 0.478516 0.241211 0.484375 0.247070 0.480469
0 0.375977 0.158203 0.370117 0.159180 0.367188 0.165039 0.374023 0.163086
0 0.180664 0.840820 0.181641 0.845703 0.189453 0.849609 0.188477 0.843750
0 0.622070 0.453125 0.617188 0.454102 0.615234 0.458008 0.615234 0.467773 0.622070 0.459961
0 0.092773 0.679688 0.094727 0.683594 0.103516 0.685547 0.102539 0.680664
0 0.952148 0.625977 0.953125 0.632812 0.957031 0.634766 0.957031 0.628906
0 0.189453 0.215820 0.184570 0.216797 0.181641 0.222656 0.188477 0.220703
0 0.370117 0.136719 0.365234 0.140625 0.366211 0.150391 0.369141 0.149414 0.371094 0.144531
0 0.208008 0.674805 0.204102 0.677734 0.204102 0.686523 0.208984 0.682617 0.209961 0.676758
0 0.214844 0.251953 0.215820 0.257812 0.219727 0.259766 0.219727 0.254883
0 0.221680 0.551758 0.223633 0.555664 0.230469 0.557617 0.228516 0.552734
0 0.826172 0.708008 0.830078 0.713867 0.838867 0.714844 0.834961 0.708984
0 0.256836 0.103516 0.250977 0.105469 0.250000 0.112305 0.256836 0.107422
0 0.625977 0.332031 0.626953 0.335938 0.635742 0.336914 0.633789 0.333008
0 0.886719 0.366211 0.883789 0.367188 0.882812 0.375000 0.886719 0.373047
0 0.708984 0.879883 0.712891 0.883789 0.719727 0.882812 0.715820 0.878906
0 0.826172 0.068359 0.828125 0.072266 0.833984 0.074219 0.832031 0.068359
0 0.774414 0.932617 0.768555 0.935547 0.767578 0.942383 0.772461 0.940430
0 0.895508 0.260742 0.887695 0.264648 0.887695 0.269531 0.894531 0.266602
0 0.400391 0.724609 0.399414 0.734375 0.403320 0.735352 0.404297 0.728516
0 0.196289 0.436523 0.191406 0.441406 0.192383 0.446289 0.197266 0.441406
0 0.608398 0.188477 0.609375 0.193359 0.615234 0.195312 0.614258 0.190430
0 0.497070 0.704102 0.491211 0.705078 0.488281 0.710938 0.494141 0.709961
0 0.138672 0.250977 0.141602 0.255859 0.148438 0.256836 0.145508 0.251953
0 0.959961 0.458008 0.959961 0.464844 0.963867 0.469727 0.964844 0.460938 0.962891 0.458008
0 0.983398 0.299805 0.985352 0.304688 0.993164 0.303711 0.990234 0.299805
0 0.178711 0.273438 0.180664 0.278320 0.188477 0.280273 0.188477 0.277344 0.183594 0.273438
0 0.954102 0.057617 0.955078 0.065430 0.959961 0.068359 0.958984 0.059570
0 0.915039 0.247070 0.912109 0.248047 0.913086 0.255859 0.916016 0.252930
0 0.323242 0.127930 0.324219 0.131836 0.331055 0.135742 0.330078 0.130859
0 0.028320 0.909180 0.034180 0.909180 0.037109 0.905273 0.031250 0.905273
0 0.485352 0.350586 0.482422 0.349609 0.477539 0.354492 0.484375 0.354492
0 0.085938 0.551758 0.081055 0.553711 0.081055 0.562500 0.084961 0.559570
0 0.159180 0.671875 0.159180 0.675781 0.166016 0.679688 0.166992 0.676758
0 0.764648 0.181641 0.763672 0.189453 0.766602 0.193359 0.768555 0.182617
0 0.379883 0.975586 0.380859 0.983398 0.385742 0.985352 0.385742 0.979492
0 0.366211 0.862305 0.366211 0.869141 0.370117 0.873047 0.371094 0.867188
0 0.715820 0.948242 0.713867 0.948242 0.711914 0.953125 0.712891 0.959961 0.716797 0.957031 0.717773 0.951172
0 0.913086 0.721680 0.913086 0.727539 0.916992 0.731445 0.917969 0.725586
0 0.152344 0.944336 0.146484 0.947266 0.145508 0.953125 0.152344 0.948242
0 0.665039 0.298828 0.668945 0.305664 0.673828 0.306641 0.668945 0.298828
0 0.312500 0.768555 0.302734 0.769531 0.301758 0.775391 0.309570 0.773438
0 0.080078 0.506836 0.073242 0.508789 0.070312 0.514648 0.078125 0.512695
0 0.697266 0.018555 0.694336 0.018555 0.692383 0.021484 0.693359 0.028320 0.697266 0.023438
0 0.366211 0.393555 0.361328 0.393555 0.358398 0.398438 0.363281 0.397461
0 0.842773 0.293945 0.846680 0.299805 0.852539 0.300781 0.851562 0.295898
0 0.421875 0.386719 0.421875 0.395508 0.426758 0.399414 0.426758 0.390625
0 0.167969 0.501953 0.164062 0.507812 0.166016 0.514648 0.169922 0.506836
0 0.393555 0.282227 0.385742 0.283203 0.382812 0.290039 0.388672 0.290039
0 0.669922 0.010742 0.668945 0.017578 0.672852 0.023438 0.675781 0.023438 0.674805 0.013672 0.672852 0.010742
0 0.316406 0.936523 0.325195 0.937500 0.329102 0.933594 0.321289 0.931641 0.316406 0.933594
0 0.125977 0.570312 0.125977 0.573242 0.129883 0.575195 0.137695 0.573242 0.132812 0.569336
0 0.376953 0.629883 0.376953 0.635742 0.382812 0.641602 0.382812 0.633789 0.379883 0.629883
0 0.236328 0.636719 0.233398 0.636719 0.231445 0.639648 0.232422 0.647461 0.235352 0.646484
0 0.257812 0.910156 0.261719 0.917969 0.267578 0.918945 0.263672 0.912109
0 0.079102 0.658203 0.073242 0.661133 0.072266 0.666992 0.079102 0.663086
0 0.854492 0.745117 0.851562 0.745117 0.849609 0.748047 0.849609 0.755859 0.854492 0.751953
0 0.328125 0.633789 0.323242 0.633789 0.318359 0.640625 0.325195 0.639648
0 0.626953 0.014648 0.627930 0.019531 0.634766 0.022461 0.632812 0.016602
0 0.726562 0.406250 0.729492 0.409180 0.738281 0.409180 0.736328 0.405273