0 0.549805 0.903320 0.556641 0.903320 0.561523 0.898438 0.553711 0.897461 0.549805 0.899414
0 0.334961 0.390625 0.329102 0.390625 0.325195 0.397461 0.333008 0.395508
0 0.495117 0.555664 0.501953 0.555664 0.504883 0.551758 0.499023 0.550781
0 0.227539 0.320312 0.218750 0.322266 0.218750 0.325195 0.225586 0.324219
0 0.488281 0.923828 0.488281 0.929688 0.492188 0.933594 0.492188 0.925781
0 0.420898 0.681641 0.420898 0.690430 0.423828 0.691406 0.425781 0.684570 0.424805 0.681641
0 0.245117 0.268555 0.246094 0.276367 0.251953 0.279297 0.252930 0.274414 0.249023 0.269531
0 0.463867 0.250977 0.457031 0.251953 0.455078 0.255859 0.462891 0.254883
0 0.125977 0.619141 0.121094 0.620117 0.117188 0.626953 0.122070 0.626953
0 0.204102 0.439453 0.198242 0.441406 0.196289 0.449219 0.203125 0.444336
0 0.933594 0.833984 0.935547 0.840820 0.940430 0.843750 0.941406 0.838867
0 0.831055 0.770508 0.825195 0.773438 0.822266 0.782227 0.829102 0.779297 0.832031 0.773438
0 0.390625 0.009766 0.388672 0.006836 0.378906 0.008789 0.377930 0.011719 0.385742 0.012695
0 0.762695 0.935547 0.764648 0.944336 0.769531 0.946289 0.767578 0.936523
0 0.172852 0.473633 0.168945 0.473633 0.165039 0.481445 0.167969 0.481445
0 0.144531 0.155273 0.138672 0.156250 0.136719 0.162109 0.142578 0.161133
0 0.206055 0.407227 0.199219 0.408203 0.196289 0.413086 0.205078 0.411133
0 0.976562 0.502930 0.971680 0.505859 0.970703 0.512695 0.975586 0.510742
0 0.319336 0.011719 0.314453 0.012695 0.313477 0.017578 0.318359 0.015625
0 0.839844 0.704102 0.835938 0.707031 0.836914 0.715820 0.840820 0.710938
0 0.353516 0.073242 0.347656 0.075195 0.344727 0.081055 0.345703 0.083984 0.352539 0.079102
0 0.034180 0.395508 0.032227 0.403320 0.035156 0.405273 0.037109 0.400391
0 0.129883 0.658203 0.136719 0.658203 0.138672 0.654297 0.131836 0.654297
0 0.861328 0.405273 0.863281 0.409180 0.873047 0.409180 0.875000 0.407227 0.865234 0.403320
0 0.533203 0.865234 0.525391 0.865234 0.521484 0.869141 0.521484 0.873047 0.529297 0.871094
0 0.080078 0.301758 0.081055 0.310547 0.086914 0.313477 0.085938 0.304688
0 0.835938 0.229492 0.829102 0.230469 0.827148 0.234375 0.833984 0.234375
0 0.424805 0.179688 0.419922 0.181641 0.420898 0.190430 0.424805 0.186523
0 0.788086 0.522461 0.786133 0.531250 0.788086 0.536133 0.792969 0.538086 0.793945 0.532227
0 0.704102 0.551758 0.697266 0.551758 0.693359 0.557617 0.701172 0.556641
0 0.629883 0.290039 0.632812 0.293945 0.643555 0.294922 0.643555 0.291992 0.637695 0.288086 0.630859 0.288086
0 0.371094 0.361328 0.374023 0.366211 0.380859 0.368164 0.377930 0.361328
0 0.819336 0.673828 0.815430 0.675781 0.814453 0.683594 0.819336 0.680664
0 0.672852 0.788086 0.674805 0.791016 0.679688 0.791016 0.683594 0.789062 0.683594 0.786133 0.676758 0.785156
0 0.795898 0.592773 0.791016 0.594727 0.789062 0.601562 0.794922 0.598633