0 0.488281 0.450195 0.491211 0.453125 0.500000 0.453125 0.498047 0.449219
0 0.387695 0.112305 0.382812 0.112305 0.377930 0.116211 0.384766 0.117188
0 0.495117 0.295898 0.490234 0.299805 0.489258 0.309570 0.497070 0.300781
0 0.828125 0.324219 0.831055 0.327148 0.841797 0.326172 0.841797 0.323242 0.834961 0.321289
0 0.731445 0.459961 0.731445 0.467773 0.734375 0.471680 0.737305 0.471680 0.737305 0.465820
0 0.915039 0.473633 0.919922 0.478516 0.926758 0.478516 0.922852 0.473633
0 0.629883 0.881836 0.633789 0.887695 0.640625 0.887695 0.638672 0.883789
0 0.772461 0.352539 0.774414 0.356445 0.783203 0.355469 0.779297 0.351562
0 0.136719 0.331055 0.130859 0.329102 0.124023 0.335938 0.132812 0.334961
0 0.793945 0.405273 0.795898 0.413086 0.802734 0.416016 0.802734 0.410156 0.798828 0.406250
0 0.853516 0.159180 0.847656 0.162109 0.847656 0.167969 0.851562 0.166016
0 0.770508 0.247070 0.765625 0.246094 0.760742 0.250000 0.764648 0.251953
0 0.535156 0.721680 0.529297 0.721680 0.526367 0.728516 0.531250 0.727539
0 0.589844 0.153320 0.584961 0.159180 0.585938 0.166992 0.591797 0.161133 0.591797 0.154297
0 0.725586 0.347656 0.725586 0.349609 0.734375 0.348633 0.733398 0.345703
0 0.108398 0.436523 0.111328 0.439453 0.118164 0.437500 0.114258 0.434570
0 0.637695 0.322266 0.632812 0.322266 0.629883 0.327148 0.636719 0.326172
0 0.562500 0.689453 0.556641 0.693359 0.556641 0.700195 0.560547 0.699219
0 0.586914 0.115234 0.582031 0.118164 0.581055 0.125000 0.585938 0.123047
0 0.126953 0.143555 0.131836 0.147461 0.138672 0.146484 0.131836 0.141602
0 0.402344 0.407227 0.395508 0.406250 0.390625 0.410156 0.390625 0.413086 0.397461 0.412109
0 0.480469 0.661133 0.483398 0.666992 0.489258 0.667969 0.487305 0.662109
0 0.171875 0.750977 0.173828 0.753906 0.181641 0.751953 0.180664 0.749023
0 0.935547 0.742188 0.935547 0.745117 0.938477 0.747070 0.947266 0.746094 0.943359 0.742188
0 0.327148 0.782227 0.326172 0.787109 0.333984 0.791016 0.332031 0.785156
0 0.045898 0.424805 0.038086 0.426758 0.038086 0.430664 0.043945 0.429688
0 0.941406 0.291992 0.942383 0.297852 0.947266 0.300781 0.947266 0.294922
0 0.889648 0.387695 0.885742 0.390625 0.885742 0.398438 0.890625 0.394531