0 0.369141 0.312500 0.368164 0.317383 0.371094 0.322266 0.373047 0.316406
0 0.229492 0.674805 0.227539 0.672852 0.221680 0.674805 0.217773 0.681641 0.220703 0.682617 0.227539 0.679688
0 0.026367 0.291992 0.026367 0.294922 0.029297 0.296875 0.036133 0.296875 0.033203 0.291992
0 0.641602 0.467773 0.641602 0.472656 0.647461 0.476562 0.646484 0.469727
0 0.894531 0.276367 0.895508 0.279297 0.900391 0.281250 0.906250 0.279297 0.903320 0.275391
0 0.743164 0.829102 0.744141 0.837891 0.748047 0.839844 0.749023 0.833984 0.746094 0.829102
0 0.983398 0.294922 0.983398 0.299805 0.987305 0.303711 0.991211 0.303711 0.989258 0.296875
0 0.924805 0.614258 0.917969 0.616211 0.915039 0.621094 0.916016 0.625000 0.924805 0.619141
0 0.918945 0.340820 0.918945 0.347656 0.922852 0.351562 0.923828 0.343750
0 0.037109 0.106445 0.032227 0.109375 0.031250 0.115234 0.037109 0.112305
0 0.874023 0.343750 0.875977 0.348633 0.883789 0.349609 0.882812 0.345703
0 0.602539 0.169922 0.597656 0.167969 0.591797 0.169922 0.590820 0.172852 0.601562 0.172852
0 0.061523 0.655273 0.063477 0.660156 0.071289 0.661133 0.067383 0.656250
0 0.101562 0.199219 0.094727 0.200195 0.092773 0.205078 0.098633 0.204102
0 0.126953 0.915039 0.119141 0.916016 0.117188 0.920898 0.125000 0.918945
0 0.631836 0.863281 0.633789 0.869141 0.639648 0.871094 0.637695 0.865234
0 0.361328 0.671875 0.355469 0.673828 0.353516 0.679688 0.359375 0.677734
0 0.728516 0.258789 0.728516 0.264648 0.731445 0.268555 0.734375 0.268555 0.733398 0.259766
0 0.805664 0.797852 0.800781 0.797852 0.796875 0.804688 0.802734 0.803711
0 0.194336 0.666992 0.193359 0.674805 0.195312 0.677734 0.198242 0.677734 0.198242 0.668945
0 0.234375 0.008789 0.226562 0.013672 0.226562 0.018555 0.233398 0.015625
0 0.772461 0.463867 0.766602 0.466797 0.765625 0.473633 0.771484 0.470703
0 0.401367 0.728516 0.397461 0.730469 0.395508 0.736328 0.400391 0.734375
0 0.882812 0.657227 0.880859 0.663086 0.885742 0.668945 0.886719 0.663086
0 0.398438 0.058594 0.406250 0.058594 0.408203 0.055664 0.399414 0.054688
0 0.098633 0.872070 0.092773 0.874023 0.090820 0.880859 0.098633 0.875977
0 0.065430 0.962891 0.066406 0.968750 0.072266 0.971680 0.070312 0.964844
0 0.351562 0.948242 0.344727 0.947266 0.338867 0.952148 0.344727 0.954102
0 0.777344 0.217773 0.778320 0.225586 0.783203 0.227539 0.782227 0.221680
0 0.004883 0.096680 0.008789 0.100586 0.017578 0.100586 0.016602 0.097656 0.010742 0.094727
0 0.571289 0.629883 0.577148 0.635742 0.585938 0.634766 0.585938 0.631836 0.583008 0.629883
0 0.504883 0.824219 0.503906 0.832031 0.507812 0.834961 0.508789 0.827148
0 0.042969 0.609375 0.036133 0.610352 0.034180 0.615234 0.041016 0.614258
0 0.153320 0.607422 0.150391 0.612305 0.153320 0.622070 0.156250 0.616211
0 0.688477 0.398438 0.684570 0.401367 0.685547 0.408203 0.689453 0.403320
0 0.687500 0.166016 0.689453 0.169922 0.699219 0.168945 0.698242 0.166016 0.692383 0.164062
0 0.646484 0.085938 0.640625 0.088867 0.639648 0.095703 0.645508 0.092773
0 0.216797 0.834961 0.209961 0.838867 0.209961 0.843750 0.216797 0.838867
0 0.801758 0.641602 0.800781 0.651367 0.803711 0.656250 0.806641 0.656250 0.807617 0.649414
0 0.355469 0.054688 0.359375 0.060547 0.365234 0.061523 0.362305 0.055664
0 0.971680 0.615234 0.970703 0.619141 0.979492 0.624023 0.978516 0.618164
0 0.670898 0.886719 0.669922 0.891602 0.673828 0.897461 0.675781 0.892578 0.673828 0.887695
0 0.249023 0.028320 0.243164 0.029297 0.240234 0.035156 0.248047 0.033203
0 0.804688 0.705078 0.799805 0.706055 0.796875 0.711914 0.801758 0.711914
0 0.866211 0.422852 0.863281 0.424805 0.863281 0.430664 0.867188 0.427734
0 0.873047 0.483398 0.875000 0.491211 0.879883 0.493164 0.879883 0.487305
0 0.383789 0.779297 0.383789 0.787109 0.387695 0.789062 0.387695 0.780273
0 0.553711 0.906250 0.559570 0.912109 0.570312 0.911133 0.570312 0.908203 0.564453 0.905273
0 0.044922 0.384766 0.052734 0.385742 0.057617 0.383789 0.057617 0.381836 0.047852 0.380859
0 0.567383 0.051758 0.570312 0.056641 0.578125 0.057617 0.574219 0.051758
0 0.185547 0.054688 0.183594 0.065430 0.184570 0.068359 0.187500 0.068359 0.189453 0.060547 0.188477 0.055664
0 0.352539 0.728516 0.347656 0.727539 0.342773 0.732422 0.350586 0.731445
0 0.420898 0.747070 0.413086 0.749023 0.410156 0.751953 0.410156 0.755859 0.416992 0.754883
0 0.375000 0.961914 0.376953 0.966797 0.384766 0.967773 0.381836 0.962891
0 0.130859 0.372070 0.131836 0.376953 0.137695 0.379883 0.135742 0.374023
0 0.336914 0.074219 0.338867 0.082031 0.343750 0.083984 0.343750 0.078125
0 0.630859 0.786133 0.632812 0.793945 0.636719 0.794922 0.635742 0.788086
0 0.831055 0.910156 0.831055 0.917969 0.835938 0.922852 0.836914 0.916016
0 0.702148 0.478516 0.705078 0.483398 0.710938 0.484375 0.709961 0.479492
0 0.521484 0.014648 0.521484 0.018555 0.524414 0.020508 0.533203 0.019531 0.530273 0.015625