0 0.517578 0.871094 0.513672 0.872070 0.514648 0.880859 0.517578 0.877930
0 0.233398 0.751953 0.230469 0.753906 0.230469 0.762695 0.234375 0.758789
0 0.723633 0.491211 0.716797 0.495117 0.716797 0.500000 0.721680 0.499023
0 0.080078 0.821289 0.083008 0.826172 0.086914 0.826172 0.083984 0.821289
0 0.435547 0.161133 0.427734 0.161133 0.425781 0.166016 0.430664 0.166016
0 0.690430 0.877930 0.688477 0.888672 0.692383 0.893555 0.695312 0.885742 0.693359 0.878906
0 0.053711 0.022461 0.046875 0.023438 0.043945 0.029297 0.050781 0.028320
0 0.158203 0.240234 0.162109 0.245117 0.168945 0.245117 0.166992 0.240234
0 0.194336 0.857422 0.187500 0.857422 0.182617 0.863281 0.190430 0.863281 0.194336 0.860352
0 0.273438 0.706055 0.265625 0.707031 0.263672 0.711914 0.271484 0.709961
0 0.241211 0.623047 0.238281 0.630859 0.239258 0.634766 0.244141 0.636719 0.245117 0.628906
0 0.689453 0.765625 0.688477 0.772461 0.692383 0.776367 0.692383 0.768555
0 0.603516 0.933594 0.603516 0.941406 0.606445 0.945312 0.609375 0.945312 0.609375 0.937500
0 0.874023 0.925781 0.865234 0.925781 0.863281 0.929688 0.869141 0.929688
0 0.970703 0.019531 0.962891 0.020508 0.960938 0.025391 0.966797 0.025391
0 0.833008 0.435547 0.828125 0.437500 0.825195 0.445312 0.833008 0.441406
0 0.821289 0.211914 0.823242 0.216797 0.831055 0.217773 0.828125 0.212891
0 0.006836 0.952148 0.009766 0.956055 0.018555 0.956055 0.017578 0.952148
0 0.245117 0.553711 0.245117 0.556641 0.251953 0.560547 0.251953 0.556641
0 0.844727 0.844727 0.847656 0.849609 0.856445 0.850586 0.852539 0.844727
0 0.599609 0.655273 0.601562 0.658203 0.608398 0.658203 0.608398 0.655273
0 0.541992 0.831055 0.544922 0.833984 0.552734 0.833008 0.550781 0.829102
0 0.324219 0.155273 0.325195 0.161133 0.331055 0.163086 0.330078 0.157227
0 0.557617 0.864258 0.559570 0.868164 0.566406 0.869141 0.564453 0.865234
0 0.335938 0.035156 0.333984 0.036133 0.334961 0.044922 0.337891 0.042969
0 0.252930 0.303711 0.247070 0.305664 0.246094 0.311523 0.251953 0.308594
0 0.805664 0.119141 0.801758 0.119141 0.796875 0.126953 0.802734 0.125977
0 0.315430 0.446289 0.316406 0.453125 0.321289 0.456055 0.321289 0.449219
0 0.927734 0.244141 0.930664 0.247070 0.938477 0.245117 0.936523 0.242188
0 0.959961 0.134766 0.958984 0.141602 0.963867 0.145508 0.963867 0.137695
0 0.027344 0.323242 0.026367 0.328125 0.031250 0.334961 0.031250 0.325195
0 0.706055 0.687500 0.706055 0.691406 0.714844 0.696289 0.713867 0.691406
0 0.284180 0.916992 0.279297 0.918945 0.278320 0.926758 0.283203 0.923828
0 0.160156 0.820312 0.157227 0.820312 0.155273 0.823242 0.155273 0.833008 0.157227 0.833984 0.161133 0.826172
0 0.112305 0.139648 0.117188 0.142578 0.123047 0.140625 0.119141 0.137695
0 0.626953 0.743164 0.620117 0.747070 0.620117 0.750977 0.624023 0.750000
0 0.058594 0.807617 0.057617 0.815430 0.060547 0.817383 0.062500 0.810547
0 0.692383 0.854492 0.687500 0.857422 0.687500 0.867188 0.692383 0.862305
0 0.774414 0.696289 0.768555 0.700195 0.767578 0.706055 0.773438 0.704102 0.775391 0.701172
0 0.145508 0.733398 0.153320 0.733398 0.155273 0.730469 0.148438 0.729492
0 0.709961 0.639648 0.701172 0.640625 0.699219 0.645508 0.708008 0.644531
0 0.890625 0.987305 0.890625 0.991211 0.895508 0.994141 0.895508 0.990234
0 0.935547 0.618164 0.927734 0.622070 0.927734 0.627930 0.933594 0.625000
0 0.030273 0.575195 0.024414 0.578125 0.022461 0.584961 0.029297 0.581055
0 0.964844 0.223633 0.958008 0.227539 0.956055 0.234375 0.960938 0.233398 0.964844 0.229492
0 0.630859 0.309570 0.632812 0.314453 0.639648 0.315430 0.637695 0.310547
0 0.092773 0.684570 0.088867 0.684570 0.084961 0.691406 0.090820 0.690430
0 0.837891 0.862305 0.832031 0.865234 0.831055 0.873047 0.835938 0.871094