0 0.756836 0.681641 0.751953 0.684570 0.750977 0.691406 0.756836 0.686523
0 0.182617 0.827148 0.177734 0.829102 0.175781 0.833008 0.176758 0.838867 0.180664 0.837891
0 0.424805 0.213867 0.419922 0.213867 0.416016 0.221680 0.422852 0.219727
0 0.365234 0.556641 0.361328 0.555664 0.358398 0.557617 0.355469 0.565430 0.362305 0.563477
0 0.167969 0.516602 0.163086 0.519531 0.162109 0.525391 0.166992 0.522461
0 0.832031 0.105469 0.824219 0.106445 0.819336 0.113281 0.828125 0.112305
0 0.886719 0.622070 0.879883 0.626953 0.879883 0.632812 0.885742 0.628906
0 0.634766 0.699219 0.638672 0.703125 0.643555 0.703125 0.641602 0.699219
0 0.721680 0.926758 0.721680 0.929688 0.732422 0.929688 0.730469 0.925781
0 0.789062 0.695312 0.790039 0.701172 0.795898 0.704102 0.794922 0.698242
0 0.658203 0.936523 0.649414 0.938477 0.647461 0.942383 0.654297 0.942383
0 0.946289 0.929688 0.939453 0.929688 0.937500 0.932617 0.946289 0.932617
0 0.674805 0.041016 0.670898 0.042969 0.668945 0.049805 0.673828 0.048828
0 0.166992 0.828125 0.160156 0.827148 0.155273 0.831055 0.155273 0.833984 0.162109 0.833008
0 0.376953 0.205078 0.378906 0.210938 0.384766 0.214844 0.384766 0.208984
0 0.467773 0.349609 0.473633 0.353516 0.478516 0.352539 0.477539 0.348633
0 0.785156 0.037109 0.788086 0.040039 0.794922 0.039062 0.792969 0.036133
0 0.508789 0.236328 0.511719 0.242188 0.517578 0.243164 0.512695 0.236328
0 0.664062 0.622070 0.664062 0.625977 0.673828 0.625000 0.671875 0.622070
0 0.556641 0.109375 0.560547 0.114258 0.567383 0.113281 0.565430 0.109375
0 0.102539 0.535156 0.100586 0.536133 0.101562 0.544922 0.104492 0.542969
0 0.369141 0.368164 0.361328 0.369141 0.357422 0.375977 0.365234 0.375000
0 0.188477 0.807617 0.193359 0.811523 0.200195 0.810547 0.199219 0.807617 0.193359 0.805664
0 0.139648 0.410156 0.140625 0.413086 0.148438 0.411133
0 0.714844 0.833984 0.717773 0.839844 0.725586 0.839844 0.722656 0.835938
0 0.870117 0.772461 0.869141 0.777344 0.874023 0.785156 0.875000 0.777344
0 0.858398 0.248047 0.854492 0.250977 0.855469 0.258789 0.857422 0.258789 0.859375 0.253906
0 0.817383 0.234375 0.811523 0.233398 0.806641 0.237305 0.813477 0.239258
0 0.682617 0.184570 0.675781 0.187500 0.673828 0.195312 0.676758 0.195312 0.681641 0.190430
0 0.088867 0.470703 0.093750 0.477539 0.098633 0.478516 0.100586 0.476562 0.098633 0.472656
0 0.703125 0.774414 0.707031 0.778320 0.711914 0.778320 0.711914 0.775391 0.708984 0.773438
0 0.180664 0.211914 0.174805 0.212891 0.172852 0.216797 0.180664 0.214844
0 0.584961 0.391602 0.584961 0.401367 0.588867 0.402344 0.589844 0.395508 0.587891 0.391602
0 0.453125 0.225586 0.447266 0.225586 0.441406 0.230469 0.448242 0.231445 0.453125 0.228516
0 0.256836 0.637695 0.252930 0.638672 0.252930 0.646484 0.255859 0.644531
0 0.557617 0.466797 0.547852 0.468750 0.545898 0.473633 0.555664 0.471680
0 0.886719 0.506836 0.895508 0.505859 0.897461 0.502930 0.889648 0.501953 0.886719 0.503906
0 0.648438 0.968750 0.651367 0.973633 0.658203 0.975586 0.655273 0.968750
0 0.213867 0.302734 0.211914 0.305664 0.212891 0.311523 0.217773 0.316406 0.218750 0.306641
0 0.075195 0.027344 0.076172 0.032227 0.080078 0.035156 0.079102 0.028320
0 0.796875 0.798828 0.800781 0.801758 0.806641 0.800781 0.804688 0.796875
0 0.589844 0.256836 0.583984 0.254883 0.579102 0.256836 0.577148 0.260742 0.583984 0.261719 0.588867 0.259766
0 0.916992 0.939453 0.914062 0.943359 0.915039 0.949219 0.918945 0.945312 0.918945 0.940430
0 0.351562 0.433594 0.350586 0.437500 0.354492 0.441406 0.359375 0.442383 0.360352 0.440430 0.357422 0.435547
0 0.699219 0.291016 0.691406 0.291992 0.688477 0.297852 0.694336 0.297852
0 0.844727 0.462891 0.841797 0.465820 0.842773 0.474609 0.847656 0.469727 0.847656 0.465820
0 0.107422 0.333984 0.107422 0.341797 0.112305 0.345703 0.114258 0.344727 0.113281 0.337891
0 0.689453 0.376953 0.689453 0.383789 0.693359 0.385742 0.693359 0.379883
0 0.251953 0.214844 0.247070 0.214844 0.242188 0.223633 0.250000 0.221680
0 0.062500 0.895508 0.067383 0.900391 0.072266 0.899414 0.069336 0.894531
0 0.480469 0.624023 0.477539 0.624023 0.475586 0.626953 0.475586 0.634766 0.480469 0.630859
0 0.467773 0.390625 0.462891 0.390625 0.457031 0.398438 0.465820 0.396484
0 0.956055 0.557617 0.958008 0.565430 0.963867 0.566406 0.961914 0.559570
0 0.068359 0.378906 0.068359 0.381836 0.071289 0.383789 0.079102 0.382812 0.076172 0.378906
0 0.778320 0.169922 0.778320 0.171875 0.783203 0.173828 0.788086 0.171875 0.786133 0.167969
0 0.832031 0.079102 0.827148 0.083008 0.828125 0.091797 0.833008 0.087891
0 0.464844 0.835938 0.464844 0.843750 0.466797 0.846680 0.469727 0.846680 0.469727 0.840820