0 0.612305 0.317383 0.608398 0.322266 0.611328 0.332031 0.614258 0.326172
0 0.908203 0.361328 0.907227 0.371094 0.910156 0.375000 0.913086 0.367188 0.911133 0.362305
0 0.407227 0.866211 0.405273 0.872070 0.407227 0.877930 0.409180 0.877930 0.410156 0.867188
0 0.381836 0.442383 0.376953 0.443359 0.375000 0.451172 0.380859 0.447266
0 0.285156 0.315430 0.287109 0.323242 0.291992 0.325195 0.291016 0.318359
0 0.826172 0.955078 0.826172 0.958008 0.830078 0.959961 0.835938 0.958984 0.833008 0.955078
0 0.750977 0.438477 0.748047 0.438477 0.744141 0.443359 0.744141 0.450195 0.750000 0.446289
0 0.752930 0.155273 0.753906 0.160156 0.761719 0.165039 0.760742 0.158203
0 0.501953 0.845703 0.499023 0.848633 0.500000 0.858398 0.502930 0.857422 0.503906 0.852539
0 0.860352 0.302734 0.860352 0.305664 0.866211 0.306641 0.870117 0.304688 0.870117 0.301758
0 0.404297 0.743164 0.403320 0.748047 0.408203 0.752930 0.408203 0.747070
0 0.062500 0.524414 0.055664 0.524414 0.052734 0.526367 0.052734 0.529297 0.059570 0.528320
0 0.168945 0.659180 0.172852 0.665039 0.181641 0.666016 0.177734 0.660156
0 0.318359 0.075195 0.312500 0.078125 0.311523 0.083984 0.317383 0.081055
0 0.021484 0.836914 0.025391 0.840820 0.032227 0.839844 0.029297 0.836914
0 0.078125 0.159180 0.079102 0.165039 0.083008 0.166992 0.083008 0.161133
0 0.816406 0.391602 0.817383 0.394531 0.827148 0.392578 0.825195 0.389648
0 0.686523 0.574219 0.683594 0.575195 0.684570 0.583008 0.687500 0.580078
0 0.602539 0.852539 0.595703 0.852539 0.591797 0.857422 0.599609 0.857422 0.602539 0.855469
0 0.105469 0.591797 0.108398 0.595703 0.115234 0.595703 0.111328 0.591797
0 0.768555 0.295898 0.771484 0.301758 0.777344 0.303711 0.774414 0.296875
0 0.726562 0.443359 0.725586 0.448242 0.730469 0.453125 0.730469 0.445312
0 0.856445 0.231445 0.858398 0.236328 0.865234 0.236328 0.862305 0.232422
0 0.523438 0.833984 0.526367 0.837891 0.532227 0.836914 0.531250 0.833984
0 0.248047 0.239258 0.250977 0.246094 0.258789 0.248047 0.255859 0.241211
0 0.471680 0.896484 0.470703 0.901367 0.476562 0.907227 0.476562 0.900391
0 0.379883 0.162109 0.383789 0.166992 0.391602 0.166992 0.391602 0.164062 0.385742 0.161133
0 0.892578 0.463867 0.894531 0.467773 0.901367 0.468750 0.898438 0.463867
0 0.081055 0.467773 0.078125 0.469727 0.079102 0.478516 0.083008 0.474609
0 0.595703 0.978516 0.590820 0.981445 0.588867 0.990234 0.591797 0.990234 0.595703 0.985352
0 0.637695 0.320312 0.639648 0.325195 0.645508 0.326172 0.643555 0.321289
0 0.870117 0.678711 0.866211 0.681641 0.866211 0.690430 0.869141 0.690430 0.871094 0.687500
0 0.808594 0.709961 0.808594 0.716797 0.814453 0.720703 0.813477 0.712891
0 0.400391 0.684570 0.405273 0.690430 0.410156 0.690430 0.409180 0.686523
0 0.265625 0.314453 0.258789 0.314453 0.254883 0.319336 0.262695 0.319336 0.265625 0.317383
0 0.349609 0.646484 0.343750 0.651367 0.344727 0.657227 0.349609 0.653320
0 0.118164 0.109375 0.112305 0.109375 0.106445 0.114258 0.113281 0.115234 0.118164 0.112305
0 0.408203 0.293945 0.410156 0.301758 0.416016 0.305664 0.416992 0.302734 0.414062 0.295898
0 0.823242 0.638672 0.825195 0.645508 0.831055 0.648438 0.830078 0.641602
0 0.055664 0.113281 0.054688 0.121094 0.058594 0.124023 0.059570 0.117188
0 0.336914 0.818359 0.332031 0.821289 0.332031 0.828125 0.335938 0.826172
0 0.406250 0.899414 0.402344 0.900391 0.401367 0.908203 0.404297 0.906250
0 0.708008 0.694336 0.707031 0.699219 0.711914 0.704102 0.711914 0.696289
0 0.776367 0.911133 0.769531 0.910156 0.764648 0.913086 0.764648 0.916016 0.774414 0.915039
0 0.021484 0.547852 0.024414 0.551758 0.032227 0.551758 0.032227 0.548828 0.028320 0.546875
0 0.891602 0.229492 0.893555 0.237305 0.898438 0.239258 0.898438 0.233398
0 0.970703 0.536133 0.964844 0.534180 0.958008 0.537109 0.958008 0.540039 0.968750 0.540039
0 0.444336 0.716797 0.445312 0.720703 0.454102 0.720703 0.452148 0.716797
0 0.090820 0.217773 0.090820 0.222656 0.095703 0.227539 0.096680 0.222656 0.093750 0.217773
0 0.251953 0.717773 0.251953 0.725586 0.254883 0.726562 0.255859 0.719727
0 0.654297 0.863281 0.649414 0.866211 0.649414 0.870117 0.653320 0.869141
0 0.720703 0.292969 0.717773 0.294922 0.718750 0.302734 0.721680 0.299805
0 0.202148 0.308594 0.205078 0.312500 0.210938 0.312500 0.208984 0.308594
0 0.658203 0.655273 0.654297 0.657227 0.652344 0.664062 0.657227 0.662109
0 0.433594 0.147461 0.434570 0.155273 0.437500 0.156250 0.438477 0.150391 0.436523 0.147461
0 0.570312 0.510742 0.566406 0.512695 0.565430 0.519531 0.570312 0.515625
0 0.449219 0.125977 0.440430 0.125977 0.439453 0.129883 0.444336 0.129883
0 0.571289 0.189453 0.563477 0.190430 0.560547 0.196289 0.568359 0.195312
0 0.823242 0.445312 0.830078 0.447266 0.833984 0.443359 0.825195 0.442383
0 0.767578 0.564453 0.769531 0.569336 0.777344 0.571289 0.773438 0.564453
0 0.081055 0.203125 0.088867 0.203125 0.091797 0.199219 0.084961 0.198242
0 0.336914 0.776367 0.337891 0.779297 0.341797 0.780273 0.346680 0.777344 0.344727 0.774414
0 0.444336 0.764648 0.446289 0.767578 0.453125 0.767578 0.451172 0.764648
0 0.682617 0.120117 0.686523 0.125000 0.691406 0.124023 0.688477 0.120117
0 0.789062 0.102539 0.790039 0.109375 0.793945 0.112305 0.792969 0.103516