0 0.084961 0.886719 0.078125 0.890625 0.078125 0.897461 0.083008 0.895508
0 0.252930 0.794922 0.250000 0.795898 0.250000 0.803711 0.251953 0.805664 0.254883 0.802734
0 0.449219 0.176758 0.450195 0.183594 0.455078 0.185547 0.455078 0.180664 0.452148 0.176758
0 0.286133 0.084961 0.289062 0.087891 0.295898 0.086914 0.293945 0.083984
0 0.193359 0.526367 0.195312 0.532227 0.200195 0.533203 0.200195 0.529297
0 0.256836 0.151367 0.249023 0.150391 0.244141 0.153320 0.244141 0.157227 0.253906 0.156250
0 0.832031 0.375977 0.831055 0.381836 0.835938 0.386719 0.836914 0.377930
0 0.790039 0.207031 0.790039 0.213867 0.792969 0.215820 0.793945 0.208984
0 0.500000 0.446289 0.500977 0.454102 0.505859 0.456055 0.505859 0.450195
0 0.633789 0.979492 0.625977 0.981445 0.624023 0.986328 0.629883 0.986328
0 0.645508 0.519531 0.648438 0.523438 0.655273 0.523438 0.659180 0.520508 0.654297 0.517578
0 0.026367 0.043945 0.020508 0.043945 0.016602 0.049805 0.025391 0.048828
0 0.060547 0.246094 0.060547 0.251953 0.065430 0.255859 0.066406 0.250977
0 0.409180 0.875977 0.399414 0.875977 0.396484 0.879883 0.397461 0.881836 0.402344 0.881836 0.408203 0.878906
0 0.333984 0.311523 0.334961 0.316406 0.345703 0.318359 0.343750 0.313477
0 0.112305 0.260742 0.115234 0.265625 0.124023 0.265625 0.118164 0.259766
0 0.509766 0.326172 0.505859 0.325195 0.500000 0.331055 0.506836 0.331055 0.509766 0.329102
0 0.430664 0.862305 0.432617 0.870117 0.437500 0.873047 0.435547 0.863281
0 0.818359 0.672852 0.811523 0.671875 0.805664 0.677734 0.813477 0.677734
0 0.992188 0.919922 0.984375 0.919922 0.979492 0.925781 0.988281 0.925781
0 0.458008 0.820312 0.453125 0.823242 0.451172 0.830078 0.456055 0.829102
0 0.124023 0.183594 0.118164 0.183594 0.115234 0.189453 0.123047 0.188477
0 0.343750 0.422852 0.351562 0.421875 0.352539 0.417969 0.344727 0.418945
0 0.977539 0.477539 0.977539 0.485352 0.983398 0.490234 0.983398 0.481445 0.981445 0.477539
0 0.839844 0.281250 0.839844 0.289062 0.846680 0.293945 0.845703 0.285156
0 0.934570 0.422852 0.930664 0.426758 0.931641 0.432617 0.935547 0.428711
0 0.841797 0.071289 0.837891 0.073242 0.836914 0.081055 0.841797 0.078125
0 0.813477 0.304688 0.813477 0.308594 0.820312 0.312500 0.820312 0.308594
0 0.110352 0.772461 0.110352 0.781250 0.112305 0.785156 0.115234 0.785156 0.115234 0.775391 0.113281 0.772461
0 0.973633 0.344727 0.976562 0.349609 0.987305 0.349609 0.981445 0.343750
0 0.762695 0.106445 0.754883 0.106445 0.750977 0.112305 0.759766 0.111328
0 0.282227 0.466797 0.279297 0.466797 0.277344 0.469727 0.277344 0.477539 0.282227 0.473633
0 0.316406 0.982422 0.308594 0.984375 0.306641 0.989258 0.312500 0.989258
0 0.540039 0.494141 0.541016 0.500977 0.545898 0.502930 0.544922 0.497070
0 0.771484 0.604492 0.770508 0.611328 0.774414 0.616211 0.777344 0.616211 0.776367 0.609375
0 0.813477 0.122070 0.814453 0.129883 0.819336 0.130859 0.819336 0.125977
0 0.307617 0.856445 0.314453 0.857422 0.320312 0.854492 0.311523 0.851562 0.307617 0.853516
0 0.666016 0.352539 0.662109 0.354492 0.661133 0.361328 0.666016 0.357422
0 0.528320 0.412109 0.528320 0.414062 0.534180 0.416992 0.540039 0.416016 0.537109 0.412109
0 0.229492 0.478516 0.231445 0.482422 0.239258 0.481445 0.239258 0.479492 0.234375 0.477539
0 0.305664 0.543945 0.299805 0.546875 0.299805 0.553711 0.304688 0.549805
0 0.549805 0.192383 0.553711 0.199219 0.558594 0.199219 0.555664 0.193359
0 0.078125 0.791992 0.070312 0.791992 0.068359 0.795898 0.076172 0.794922
0 0.409180 0.861328 0.414062 0.862305 0.419922 0.857422 0.413086 0.856445
0 0.569336 0.764648 0.571289 0.767578 0.578125 0.768555 0.576172 0.763672
0 0.259766 0.925781 0.263672 0.929688 0.269531 0.926758 0.266602 0.924805