0 0.541992 0.978516 0.541992 0.984375 0.546875 0.987305 0.545898 0.980469
0 0.649414 0.664062 0.650391 0.668945 0.657227 0.672852 0.657227 0.667969
0 0.587891 0.288086 0.589844 0.291992 0.598633 0.291016 0.598633 0.288086 0.595703 0.287109
0 0.368164 0.613281 0.362305 0.614258 0.361328 0.619141 0.367188 0.617188
0 0.768555 0.083984 0.762695 0.083008 0.752930 0.088867 0.761719 0.090820 0.766602 0.088867
0 0.266602 0.387695 0.261719 0.391602 0.261719 0.399414 0.266602 0.394531
0 0.277344 0.350586 0.271484 0.354492 0.270508 0.360352 0.275391 0.360352
0 0.549805 0.740234 0.543945 0.743164 0.541992 0.751953 0.545898 0.751953 0.548828 0.749023
0 0.321289 0.625000 0.322266 0.630859 0.330078 0.635742 0.329102 0.628906
0 0.164062 0.493164 0.166016 0.496094 0.172852 0.495117 0.171875 0.492188
0 0.703125 0.130859 0.698242 0.130859 0.694336 0.134766 0.699219 0.135742
0 0.534180 0.097656 0.535156 0.100586 0.544922 0.099609 0.543945 0.095703
0 0.678711 0.668945 0.671875 0.672852 0.670898 0.679688 0.677734 0.675781
0 0.618164 0.775391 0.613281 0.777344 0.612305 0.786133 0.617188 0.783203
0 0.179688 0.041992 0.180664 0.047852 0.185547 0.049805 0.185547 0.044922
0 0.837891 0.619141 0.844727 0.620117 0.848633 0.615234 0.841797 0.615234
0 0.315430 0.491211 0.316406 0.497070 0.321289 0.500000 0.321289 0.494141
0 0.420898 0.671875 0.420898 0.679688 0.423828 0.682617 0.425781 0.677734 0.423828 0.672852
0 0.971680 0.347656 0.974609 0.352539 0.982422 0.353516 0.980469 0.348633
0 0.237305 0.212891 0.233398 0.218750 0.235352 0.226562 0.240234 0.221680
0 0.675781 0.568359 0.675781 0.571289 0.681641 0.575195 0.683594 0.574219 0.682617 0.570312
0 0.792969 0.775391 0.798828 0.782227 0.803711 0.780273 0.800781 0.775391
0 0.415039 0.654297 0.410156 0.656250 0.408203 0.665039 0.415039 0.661133
0 0.277344 0.812500 0.285156 0.812500 0.287109 0.808594 0.280273 0.808594
0 0.708008 0.295898 0.701172 0.295898 0.696289 0.300781 0.702148 0.301758
0 0.688477 0.886719 0.687500 0.891602 0.691406 0.895508 0.692383 0.891602
0 0.846680 0.093750 0.839844 0.096680 0.837891 0.101562 0.841797 0.102539 0.844727 0.100586
0 0.630859 0.331055 0.625977 0.330078 0.622070 0.333984 0.626953 0.334961
0 0.789062 0.714844 0.792969 0.720703 0.798828 0.721680 0.797852 0.716797
0 0.473633 0.322266 0.480469 0.322266 0.483398 0.319336 0.477539 0.317383 0.473633 0.319336
0 0.534180 0.755859 0.530273 0.757812 0.529297 0.765625 0.535156 0.762695 0.536133 0.758789
0 0.056641 0.881836 0.053711 0.883789 0.054688 0.892578 0.057617 0.889648
0 0.823242 0.828125 0.815430 0.833008 0.816406 0.838867 0.822266 0.834961
0 0.679688 0.556641 0.680664 0.560547 0.689453 0.561523 0.687500 0.558594
0 0.196289 0.832031 0.191406 0.833008 0.187500 0.838867 0.193359 0.838867
0 0.178711 0.783203 0.176758 0.783203 0.175781 0.787109 0.177734 0.792969 0.180664 0.789062
0 0.279297 0.061523 0.276367 0.061523 0.274414 0.064453 0.274414 0.072266 0.279297 0.067383
0 0.719727 0.336914 0.723633 0.340820 0.731445 0.338867 0.731445 0.336914 0.726562 0.334961
0 0.585938 0.752930 0.584961 0.758789 0.586914 0.763672 0.589844 0.764648 0.590820 0.756836 0.588867 0.752930
0 0.110352 0.966797 0.107422 0.969727 0.108398 0.979492 0.110352 0.979492 0.112305 0.967773
0 0.649414 0.218750 0.649414 0.224609 0.655273 0.230469 0.655273 0.222656 0.652344 0.218750
0 0.711914 0.680664 0.715820 0.684570 0.722656 0.683594 0.722656 0.680664 0.717773 0.678711
0 0.756836 0.265625 0.750977 0.266602 0.747070 0.275391 0.751953 0.274414 0.755859 0.270508
0 0.646484 0.569336 0.644531 0.581055 0.648438 0.583008 0.651367 0.577148 0.649414 0.569336
0 0.561523 0.429688 0.562500 0.435547 0.568359 0.438477 0.567383 0.431641
0 0.523438 0.304688 0.518555 0.308594 0.518555 0.317383 0.521484 0.317383 0.525391 0.310547
0 0.090820 0.663086 0.085938 0.667969 0.085938 0.674805 0.088867 0.674805 0.091797 0.670898