0 0.261719 0.538086 0.254883 0.539062 0.252930 0.542969 0.258789 0.542969
0 0.738281 0.146484 0.740234 0.155273 0.743164 0.155273 0.743164 0.148438
0 0.524414 0.303711 0.525391 0.307617 0.532227 0.311523 0.531250 0.306641
0 0.083008 0.380859 0.082031 0.385742 0.083984 0.390625 0.085938 0.390625 0.087891 0.383789
0 0.413086 0.230469 0.407227 0.234375 0.407227 0.238281 0.412109 0.236328
0 0.414062 0.939453 0.416992 0.943359 0.423828 0.943359 0.421875 0.939453
0 0.038086 0.887695 0.033203 0.891602 0.033203 0.900391 0.038086 0.896484
0 0.549805 0.360352 0.554688 0.364258 0.561523 0.363281 0.561523 0.360352 0.556641 0.358398
0 0.445312 0.648438 0.446289 0.656250 0.449219 0.659180 0.451172 0.657227 0.450195 0.651367
0 0.039062 0.434570 0.040039 0.438477 0.048828 0.439453 0.046875 0.435547
0 0.164062 0.305664 0.157227 0.305664 0.152344 0.310547 0.152344 0.313477 0.160156 0.312500
0 0.486328 0.877930 0.485352 0.885742 0.488281 0.887695 0.490234 0.880859 0.489258 0.877930
0 0.845703 0.222656 0.839844 0.224609 0.837891 0.231445 0.845703 0.226562
0 0.286133 0.443359 0.282227 0.448242 0.283203 0.453125 0.287109 0.451172
0 0.806641 0.038086 0.805664 0.045898 0.810547 0.052734 0.811523 0.042969
0 0.079102 0.210938 0.075195 0.214844 0.075195 0.219727 0.080078 0.214844
0 0.104492 0.424805 0.109375 0.428711 0.113281 0.428711 0.116211 0.425781 0.114258 0.422852
0 0.687500 0.860352 0.687500 0.868164 0.690430 0.871094 0.691406 0.861328
0 0.753906 0.617188 0.757812 0.623047 0.766602 0.623047 0.760742 0.616211
0 0.816406 0.274414 0.811523 0.272461 0.806641 0.273438 0.805664 0.276367 0.814453 0.278320
0 0.418945 0.721680 0.420898 0.726562 0.429688 0.727539 0.423828 0.721680
0 0.923828 0.041992 0.920898 0.043945 0.919922 0.050781 0.924805 0.048828
0 0.872070 0.084961 0.874023 0.091797 0.878906 0.092773 0.877930 0.087891
0 0.529297 0.355469 0.521484 0.355469 0.517578 0.359375 0.523438 0.361328
0 0.942383 0.142578 0.952148 0.140625 0.953125 0.136719 0.946289 0.136719
0 0.300781 0.211914 0.299805 0.216797 0.303711 0.220703 0.304688 0.214844 0.303711 0.211914
0 0.483398 0.288086 0.480469 0.286133 0.476562 0.287109 0.472656 0.291016 0.480469 0.291016
0 0.604492 0.641602 0.598633 0.640625 0.594727 0.645508 0.601562 0.645508
0 0.030273 0.711914 0.029297 0.719727 0.033203 0.724609 0.034180 0.713867
0 0.766602 0.728516 0.767578 0.733398 0.772461 0.736328 0.771484 0.730469
0 0.911133 0.628906 0.910156 0.636719 0.913086 0.637695 0.913086 0.629883
0 0.388672 0.976562 0.387695 0.981445 0.392578 0.987305 0.392578 0.977539
0 0.676758 0.253906 0.676758 0.263672 0.680664 0.265625 0.681641 0.257812 0.679688 0.253906
0 0.791992 0.841797 0.793945 0.845703 0.802734 0.844727 0.801758 0.841797
0 0.514648 0.899414 0.516602 0.902344 0.524414 0.902344 0.522461 0.898438
0 0.275391 0.960938 0.271484 0.960938 0.266602 0.968750 0.273438 0.966797
0 0.498047 0.434570 0.498047 0.438477 0.501953 0.442383 0.502930 0.438477
0 0.733398 0.161133 0.728516 0.164062 0.727539 0.169922 0.733398 0.166992
0 0.189453 0.045898 0.191406 0.052734 0.198242 0.054688 0.198242 0.049805
0 0.885742 0.206055 0.882812 0.208008 0.884766 0.217773 0.886719 0.214844
0 0.678711 0.156250 0.682617 0.161133 0.686523 0.162109 0.689453 0.160156 0.685547 0.155273
0 0.475586 0.352539 0.471680 0.354492 0.472656 0.363281 0.476562 0.356445
0 0.028320 0.517578 0.030273 0.521484 0.038086 0.522461 0.037109 0.518555
0 0.587891 0.703125 0.585938 0.712891 0.589844 0.717773 0.591797 0.710938
0 0.433594 0.187500 0.437500 0.195312 0.443359 0.195312 0.440430 0.189453
0 0.563477 0.633789 0.556641 0.633789 0.553711 0.639648 0.561523 0.637695
0 0.697266 0.756836 0.691406 0.758789 0.690430 0.767578 0.696289 0.763672
0 0.039062 0.190430 0.040039 0.194336 0.046875 0.195312 0.044922 0.191406