0 0.770508 0.111328 0.770508 0.119141 0.773438 0.120117 0.774414 0.116211
0 0.026367 0.252930 0.026367 0.255859 0.035156 0.257812 0.033203 0.253906
0 0.603516 0.693359 0.598633 0.699219 0.600586 0.707031 0.604492 0.702148
0 0.784180 0.497070 0.780273 0.500000 0.779297 0.506836 0.784180 0.504883
0 0.874023 0.546875 0.875977 0.553711 0.880859 0.556641 0.879883 0.548828
0 0.341797 0.729492 0.343750 0.734375 0.349609 0.735352 0.354492 0.733398 0.350586 0.729492
0 0.738281 0.209961 0.733398 0.208984 0.726562 0.212891 0.734375 0.214844 0.738281 0.212891
0 0.096680 0.770508 0.091797 0.770508 0.087891 0.776367 0.092773 0.776367
0 0.694336 0.229492 0.693359 0.235352 0.696289 0.238281 0.698242 0.231445
0 0.040039 0.176758 0.042969 0.180664 0.048828 0.180664 0.047852 0.176758
0 0.548828 0.409180 0.545898 0.408203 0.541992 0.415039 0.544922 0.415039
0 0.649414 0.129883 0.648438 0.133789 0.654297 0.139648 0.654297 0.130859
0 0.451172 0.416992 0.446289 0.416992 0.442383 0.420898 0.442383 0.424805 0.448242 0.423828
0 0.739258 0.508789 0.738281 0.512695 0.742188 0.520508 0.743164 0.510742
0 0.430664 0.600586 0.428711 0.610352 0.429688 0.613281 0.433594 0.613281 0.434570 0.602539
0 0.255859 0.837891 0.255859 0.843750 0.260742 0.848633 0.261719 0.842773
0 0.616211 0.804688 0.616211 0.811523 0.620117 0.815430 0.620117 0.806641
0 0.183594 0.503906 0.183594 0.506836 0.193359 0.508789 0.193359 0.505859 0.190430 0.503906
0 0.504883 0.221680 0.506836 0.230469 0.510742 0.232422 0.510742 0.223633
0 0.246094 0.446289 0.245117 0.453125 0.249023 0.457031 0.250000 0.450195
0 0.434570 0.754883 0.430664 0.758789 0.431641 0.767578 0.436523 0.763672
0 0.364258 0.443359 0.370117 0.447266 0.375000 0.445312 0.369141 0.441406
0 0.916016 0.981445 0.919922 0.987305 0.927734 0.987305 0.925781 0.982422
0 0.772461 0.019531 0.764648 0.020508 0.761719 0.026367 0.771484 0.023438
0 0.356445 0.705078 0.350586 0.705078 0.346680 0.708008 0.346680 0.710938 0.355469 0.709961
0 0.061523 0.469727 0.068359 0.469727 0.071289 0.465820 0.065430 0.464844 0.061523 0.466797
0 0.767578 0.308594 0.767578 0.318359 0.771484 0.318359 0.771484 0.310547
0 0.141602 0.411133 0.148438 0.411133 0.151367 0.409180 0.151367 0.406250 0.145508 0.406250
0 0.587891 0.976562 0.595703 0.977539 0.598633 0.974609 0.589844 0.972656
0 0.864258 0.674805 0.856445 0.676758 0.853516 0.680664 0.855469 0.682617 0.862305 0.680664
0 0.431641 0.567383 0.425781 0.567383 0.420898 0.572266 0.429688 0.573242
0 0.845703 0.970703 0.840820 0.971680 0.837891 0.977539 0.842773 0.976562
0 0.047852 0.536133 0.048828 0.541992 0.053711 0.544922 0.052734 0.539062
0 0.780273 0.166016 0.777344 0.166016 0.775391 0.169922 0.777344 0.177734 0.781250 0.172852
0 0.678711 0.531250 0.670898 0.531250 0.667969 0.535156 0.673828 0.536133
0 0.937500 0.342773 0.933594 0.342773 0.929688 0.350586 0.934570 0.349609
0 0.891602 0.102539 0.887695 0.109375 0.888672 0.115234 0.892578 0.115234 0.894531 0.111328 0.893555 0.103516
0 0.454102 0.280273 0.448242 0.281250 0.445312 0.291016 0.452148 0.287109
0 0.610352 0.516602 0.605469 0.516602 0.602539 0.523438 0.606445 0.523438
0 0.766602 0.045898 0.762695 0.048828 0.763672 0.056641 0.767578 0.052734
0 0.320312 0.514648 0.310547 0.514648 0.307617 0.516602 0.307617 0.519531 0.316406 0.520508 0.320312 0.518555
0 0.701172 0.312500 0.705078 0.317383 0.708984 0.318359 0.708008 0.313477
0 0.818359 0.867188 0.825195 0.868164 0.828125 0.865234 0.821289 0.864258
0 0.339844 0.167969 0.338867 0.177734 0.343750 0.179688 0.344727 0.172852 0.342773 0.167969
0 0.209961 0.250000 0.205078 0.250977 0.201172 0.257812 0.208984 0.254883
0 0.860352 0.423828 0.864258 0.429688 0.870117 0.430664 0.867188 0.424805
0 0.650391 0.874023 0.643555 0.875977 0.640625 0.881836 0.647461 0.880859
0 0.941406 0.221680 0.938477 0.221680 0.931641 0.227539 0.931641 0.232422 0.939453 0.228516
0 0.901367 0.472656 0.897461 0.474609 0.898438 0.484375 0.901367 0.479492
0 0.460938 0.713867 0.456055 0.711914 0.447266 0.716797 0.451172 0.718750 0.458008 0.717773
0 0.313477 0.930664 0.313477 0.933594 0.317383 0.935547 0.324219 0.933594 0.324219 0.931641 0.319336 0.929688
0 0.519531 0.264648 0.517578 0.263672 0.511719 0.268555 0.510742 0.274414 0.518555 0.270508