0 0.817383 0.493164 0.818359 0.498047 0.826172 0.501953 0.824219 0.495117
0 0.884766 0.097656 0.884766 0.105469 0.889648 0.110352 0.890625 0.103516
0 0.688477 0.870117 0.689453 0.874023 0.701172 0.873047 0.698242 0.869141 0.692383 0.868164
0 0.166992 0.583984 0.163086 0.584961 0.161133 0.590820 0.166016 0.588867
0 0.578125 0.377930 0.582031 0.381836 0.588867 0.380859 0.585938 0.376953
0 0.836914 0.253906 0.835938 0.260742 0.839844 0.264648 0.840820 0.256836 0.839844 0.253906
0 0.700195 0.035156 0.704102 0.039062 0.713867 0.038086 0.712891 0.035156 0.707031 0.033203
0 0.013672 0.569336 0.005859 0.570312 0.003906 0.575195 0.011719 0.573242
0 0.903320 0.918945 0.906250 0.923828 0.913086 0.923828 0.911133 0.919922
0 0.689453 0.378906 0.685547 0.379883 0.684570 0.387695 0.688477 0.385742
0 0.910156 0.570312 0.913086 0.574219 0.918945 0.574219 0.916016 0.570312
0 0.895508 0.670898 0.890625 0.671875 0.886719 0.677734 0.891602 0.678711
0 0.890625 0.200195 0.889648 0.206055 0.894531 0.211914 0.895508 0.205078
0 0.853516 0.575195 0.854492 0.583984 0.859375 0.586914 0.859375 0.579102
0 0.188477 0.644531 0.182617 0.647461 0.181641 0.654297 0.189453 0.650391
0 0.043945 0.716797 0.050781 0.719727 0.055664 0.717773 0.056641 0.714844 0.046875 0.713867
0 0.235352 0.236328 0.229492 0.236328 0.223633 0.241211 0.230469 0.242188 0.235352 0.239258
0 0.921875 0.557617 0.931641 0.559570 0.934570 0.558594 0.934570 0.555664 0.926758 0.554688
0 0.781250 0.499023 0.783203 0.504883 0.788086 0.506836 0.787109 0.500977
0 0.241211 0.706055 0.236328 0.707031 0.233398 0.711914 0.240234 0.710938
0 0.835938 0.416016 0.841797 0.417969 0.846680 0.414062 0.838867 0.413086
0 0.701172 0.104492 0.709961 0.104492 0.713867 0.102539 0.713867 0.099609 0.704102 0.099609 0.701172 0.101562
0 0.844727 0.333008 0.840820 0.333984 0.841797 0.342773 0.845703 0.336914
0 0.631836 0.974609 0.632812 0.980469 0.636719 0.982422 0.635742 0.976562
0 0.219727 0.215820 0.220703 0.221680 0.225586 0.223633 0.224609 0.217773
0 0.841797 0.756836 0.844727 0.762695 0.850586 0.763672 0.847656 0.757812
0 0.593750 0.887695 0.593750 0.890625 0.599609 0.893555 0.606445 0.891602 0.602539 0.887695
0 0.128906 0.128906 0.128906 0.131836 0.140625 0.132812 0.136719 0.127930
0 0.156250 0.719727 0.150391 0.722656 0.150391 0.728516 0.155273 0.724609
0 0.780273 0.724609 0.782227 0.731445 0.787109 0.733398 0.787109 0.727539 0.784180 0.724609
0 0.117188 0.144531 0.116211 0.153320 0.121094 0.157227 0.122070 0.151367
0 0.797852 0.065430 0.792969 0.063477 0.786133 0.067383 0.786133 0.069336 0.791016 0.070312
0 0.617188 0.804688 0.611328 0.806641 0.609375 0.812500 0.614258 0.811523
0 0.124023 0.439453 0.123047 0.449219 0.127930 0.454102 0.128906 0.445312
0 0.642578 0.865234 0.637695 0.866211 0.635742 0.877930 0.638672 0.877930 0.641602 0.874023
0 0.596680 0.123047 0.596680 0.127930 0.604492 0.131836 0.603516 0.126953
0 0.774414 0.670898 0.769531 0.672852 0.767578 0.679688 0.773438 0.676758
0 0.647461 0.725586 0.650391 0.728516 0.657227 0.727539 0.655273 0.724609