0 0.136719 0.435547 0.133789 0.434570 0.127930 0.438477 0.133789 0.439453
0 0.345703 0.111328 0.353516 0.112305 0.354492 0.108398 0.348633 0.108398
0 0.802734 0.233398 0.798828 0.238281 0.800781 0.245117 0.804688 0.240234
0 0.826172 0.336914 0.827148 0.342773 0.832031 0.345703 0.832031 0.340820
0 0.189453 0.528320 0.190430 0.533203 0.198242 0.537109 0.197266 0.531250
0 0.907227 0.727539 0.899414 0.728516 0.895508 0.734375 0.900391 0.735352 0.904297 0.733398
0 0.435547 0.833008 0.434570 0.836914 0.437500 0.841797 0.443359 0.843750 0.441406 0.835938
0 0.378906 0.574219 0.378906 0.576172 0.383789 0.578125 0.392578 0.576172 0.391602 0.573242 0.385742 0.571289
0 0.051758 0.017578 0.053711 0.021484 0.060547 0.021484 0.065430 0.018555 0.061523 0.015625
0 0.113281 0.653320 0.113281 0.656250 0.116211 0.658203 0.123047 0.657227 0.120117 0.653320
0 0.502930 0.711914 0.496094 0.714844 0.493164 0.722656 0.500977 0.719727
0 0.085938 0.862305 0.085938 0.868164 0.090820 0.873047 0.090820 0.865234 0.088867 0.862305
0 0.457031 0.587891 0.455078 0.598633 0.458984 0.602539 0.460938 0.593750 0.458984 0.587891
0 0.700195 0.200195 0.695312 0.203125 0.695312 0.208984 0.699219 0.207031
0 0.048828 0.980469 0.049805 0.983398 0.058594 0.981445 0.057617 0.978516
0 0.254883 0.593750 0.252930 0.597656 0.255859 0.604492 0.258789 0.605469 0.258789 0.597656
0 0.174805 0.476562 0.171875 0.479492 0.171875 0.483398 0.175781 0.489258 0.177734 0.481445
0 0.263672 0.741211 0.266602 0.742188 0.274414 0.739258 0.272461 0.737305 0.265625 0.737305
0 0.691406 0.582031 0.686523 0.581055 0.679688 0.585938 0.685547 0.586914
0 0.710938 0.340820 0.706055 0.343750 0.704102 0.350586 0.708008 0.350586 0.710938 0.347656
0 0.671875 0.452148 0.671875 0.455078 0.675781 0.457031 0.682617 0.456055 0.681641 0.452148
0 0.492188 0.629883 0.487305 0.629883 0.483398 0.636719 0.490234 0.634766
0 0.432617 0.800781 0.428711 0.803711 0.429688 0.812500 0.433594 0.808594
0 0.131836 0.482422 0.132812 0.488281 0.139648 0.492188 0.137695 0.484375
0 0.359375 0.747070 0.353516 0.749023 0.351562 0.757812 0.358398 0.753906