0 0.143555 0.144531 0.149414 0.150391 0.158203 0.149414 0.154297 0.144531
0 0.743164 0.408203 0.744141 0.411133 0.752930 0.409180 0.751953 0.406250
0 0.100586 0.089844 0.094727 0.095703 0.094727 0.104492 0.100586 0.098633
0 0.696289 0.588867 0.695312 0.592773 0.698242 0.598633 0.700195 0.591797 0.699219 0.588867
0 0.768555 0.966797 0.761719 0.969727 0.759766 0.975586 0.765625 0.974609
0 0.678711 0.981445 0.670898 0.983398 0.667969 0.988281 0.673828 0.989258 0.678711 0.984375
0 0.530273 0.541992 0.534180 0.545898 0.541016 0.544922 0.541016 0.541016 0.538086 0.540039
0 0.653320 0.932617 0.645508 0.933594 0.643555 0.938477 0.650391 0.937500
0 0.546875 0.908203 0.541016 0.907227 0.536133 0.912109 0.543945 0.913086
0 0.046875 0.334961 0.041016 0.335938 0.038086 0.340820 0.043945 0.340820
0 0.045898 0.425781 0.040039 0.424805 0.036133 0.429688 0.042969 0.429688
0 0.607422 0.619141 0.604492 0.622070 0.604492 0.629883 0.608398 0.625977 0.609375 0.621094
0 0.034180 0.756836 0.032227 0.765625 0.036133 0.770508 0.038086 0.769531 0.038086 0.760742
0 0.562500 0.453125 0.571289 0.453125 0.573242 0.450195 0.565430 0.449219
0 0.227539 0.903320 0.222656 0.904297 0.219727 0.910156 0.225586 0.908203
0 0.514648 0.627930 0.517578 0.633789 0.526367 0.635742 0.523438 0.629883
0 0.371094 0.576172 0.366211 0.578125 0.365234 0.583984 0.371094 0.580078
0 0.707031 0.684570 0.702148 0.689453 0.702148 0.695312 0.708008 0.690430 0.708984 0.686523
0 0.473633 0.970703 0.473633 0.972656 0.480469 0.976562 0.486328 0.975586 0.482422 0.970703
0 0.179688 0.122070 0.187500 0.123047 0.191406 0.119141 0.184570 0.118164
0 0.910156 0.377930 0.902344 0.378906 0.898438 0.384766 0.907227 0.383789
0 0.611328 0.969727 0.611328 0.977539 0.615234 0.979492 0.615234 0.971680
0 0.627930 0.510742 0.623047 0.514648 0.624023 0.520508 0.627930 0.516602
0 0.919922 0.037109 0.914062 0.037109 0.911133 0.041992 0.916992 0.041016
0 0.141602 0.614258 0.145508 0.619141 0.150391 0.618164 0.146484 0.613281
0 0.939453 0.560547 0.937500 0.567383 0.941406 0.574219 0.943359 0.564453
0 0.669922 0.858398 0.674805 0.863281 0.681641 0.863281 0.681641 0.860352 0.678711 0.858398
0 0.679688 0.734375 0.679688 0.737305 0.683594 0.739258 0.689453 0.738281 0.686523 0.734375
0 0.242188 0.285156 0.239258 0.289062 0.240234 0.294922 0.243164 0.291992
0 0.230469 0.639648 0.226562 0.643555 0.228516 0.649414 0.231445 0.644531
0 0.221680 0.438477 0.217773 0.441406 0.216797 0.448242 0.221680 0.446289
0 0.620117 0.851562 0.622070 0.858398 0.627930 0.861328 0.626953 0.854492
0 0.389648 0.495117 0.389648 0.498047 0.399414 0.500000 0.399414 0.497070 0.396484 0.495117
0 0.542969 0.641602 0.539062 0.641602 0.536133 0.644531 0.535156 0.652344 0.541992 0.648438