0 0.546875 0.255859 0.542969 0.257812 0.542969 0.266602 0.547852 0.262695
0 0.783203 0.566406 0.779297 0.565430 0.774414 0.571289 0.779297 0.572266
0 0.433594 0.777344 0.427734 0.778320 0.424805 0.783203 0.431641 0.782227
0 0.263672 0.916992 0.258789 0.917969 0.256836 0.923828 0.259766 0.923828
0 0.937500 0.725586 0.931641 0.726562 0.929688 0.732422 0.935547 0.731445
0 0.178711 0.153320 0.173828 0.153320 0.169922 0.157227 0.174805 0.158203
0 0.485352 0.355469 0.482422 0.355469 0.478516 0.362305 0.483398 0.361328
0 0.142578 0.441406 0.141602 0.449219 0.145508 0.453125 0.146484 0.444336 0.145508 0.441406
0 0.708984 0.892578 0.708984 0.895508 0.711914 0.897461 0.720703 0.896484 0.715820 0.891602
0 0.825195 0.473633 0.818359 0.477539 0.817383 0.482422 0.821289 0.482422 0.824219 0.479492
0 0.373047 0.744141 0.378906 0.750000 0.384766 0.749023 0.379883 0.744141
0 0.137695 0.182617 0.131836 0.185547 0.129883 0.189453 0.130859 0.194336 0.136719 0.189453
0 0.662109 0.444336 0.662109 0.450195 0.668945 0.454102 0.666992 0.446289
0 0.587891 0.125977 0.585938 0.127930 0.585938 0.134766 0.587891 0.138672 0.590820 0.138672 0.591797 0.129883
0 0.880859 0.775391 0.880859 0.778320 0.883789 0.779297 0.891602 0.777344 0.889648 0.774414
0 0.306641 0.469727 0.315430 0.471680 0.320312 0.466797 0.312500 0.464844
0 0.702148 0.182617 0.705078 0.188477 0.711914 0.189453 0.708984 0.183594
0 0.054688 0.065430 0.058594 0.071289 0.063477 0.072266 0.062500 0.066406
0 0.188477 0.526367 0.190430 0.531250 0.198242 0.531250 0.200195 0.529297 0.195312 0.526367
0 0.937500 0.421875 0.931641 0.423828 0.929688 0.427734 0.933594 0.428711
0 0.647461 0.883789 0.651367 0.888672 0.658203 0.888672 0.658203 0.885742 0.655273 0.883789
0 0.713867 0.034180 0.714844 0.036133 0.722656 0.036133 0.724609 0.034180 0.719727 0.032227
0 0.092773 0.345703 0.088867 0.346680 0.089844 0.356445 0.092773 0.353516
0 0.118164 0.396484 0.108398 0.397461 0.108398 0.400391 0.116211 0.400391
0 0.813477 0.738281 0.807617 0.740234 0.804688 0.746094 0.810547 0.745117
0 0.862305 0.173828 0.861328 0.181641 0.864258 0.186523 0.866211 0.184570 0.866211 0.177734
0 0.324219 0.567383 0.325195 0.571289 0.330078 0.574219 0.329102 0.568359
0 0.318359 0.766602 0.318359 0.770508 0.326172 0.774414 0.325195 0.769531
0 0.578125 0.375977 0.572266 0.376953 0.569336 0.382812 0.575195 0.380859
0 0.414062 0.941406 0.407227 0.940430 0.402344 0.943359 0.402344 0.946289 0.412109 0.945312
0 0.450195 0.387695 0.449219 0.398438 0.453125 0.401367 0.454102 0.391602
0 0.332031 0.017578 0.326172 0.022461 0.328125 0.029297 0.332031 0.024414
0 0.445312 0.466797 0.445312 0.472656 0.449219 0.476562 0.450195 0.470703
0 0.694336 0.526367 0.695312 0.531250 0.700195 0.534180 0.699219 0.527344
0 0.484375 0.923828 0.487305 0.926758 0.494141 0.926758 0.491211 0.922852
0 0.597656 0.359375 0.591797 0.363281 0.590820 0.371094 0.596680 0.369141
0 0.512695 0.833008 0.512695 0.838867 0.517578 0.841797 0.516602 0.834961