0 0.346680 0.012695 0.343750 0.013672 0.343750 0.021484 0.347656 0.018555
0 0.654297 0.561523 0.648438 0.563477 0.646484 0.569336 0.650391 0.569336
0 0.902344 0.909180 0.900391 0.915039 0.904297 0.920898 0.906250 0.914062 0.904297 0.909180
0 0.364258 0.787109 0.364258 0.790039 0.368164 0.791016 0.375977 0.789062 0.375977 0.786133
0 0.219727 0.284180 0.217773 0.291016 0.221680 0.294922 0.223633 0.288086
0 0.346680 0.689453 0.339844 0.689453 0.335938 0.695312 0.343750 0.694336
0 0.278320 0.951172 0.275391 0.952148 0.275391 0.961914 0.278320 0.960938 0.280273 0.956055
0 0.917969 0.805664 0.912109 0.809570 0.912109 0.813477 0.916992 0.811523
0 0.458008 0.552734 0.457031 0.559570 0.460938 0.564453 0.461914 0.554688
0 0.045898 0.415039 0.053711 0.416016 0.059570 0.412109 0.050781 0.410156
0 0.763672 0.386719 0.760742 0.388672 0.761719 0.397461 0.765625 0.393555
0 0.643555 0.299805 0.645508 0.304688 0.654297 0.304688 0.654297 0.301758 0.650391 0.299805
0 0.822266 0.956055 0.826172 0.961914 0.830078 0.962891 0.833008 0.960938 0.830078 0.957031
0 0.683594 0.259766 0.687500 0.262695 0.695312 0.262695 0.695312 0.259766 0.692383 0.257812
0 0.373047 0.401367 0.366211 0.403320 0.363281 0.410156 0.368164 0.410156
0 0.534180 0.643555 0.532227 0.646484 0.535156 0.652344 0.540039 0.654297 0.539062 0.646484
0 0.321289 0.109375 0.322266 0.116211 0.326172 0.118164 0.326172 0.111328
0 0.798828 0.893555 0.800781 0.901367 0.804688 0.904297 0.805664 0.898438 0.803711 0.894531
0 0.191406 0.208984 0.186523 0.210938 0.186523 0.217773 0.190430 0.215820
0 0.256836 0.580078 0.252930 0.581055 0.251953 0.589844 0.254883 0.588867
0 0.936523 0.572266 0.937500 0.579102 0.946289 0.583984 0.947266 0.581055 0.944336 0.575195
0 0.477539 0.745117 0.479492 0.752930 0.482422 0.753906 0.482422 0.748047
0 0.201172 0.231445 0.196289 0.235352 0.196289 0.242188 0.202148 0.237305
0 0.736328 0.821289 0.734375 0.828125 0.738281 0.833008 0.740234 0.825195
0 0.738281 0.579102 0.733398 0.580078 0.732422 0.585938 0.737305 0.583008
0 0.241211 0.509766 0.244141 0.513672 0.251953 0.511719 0.249023 0.508789
0 0.529297 0.581055 0.522461 0.581055 0.519531 0.586914 0.525391 0.585938
0 0.787109 0.560547 0.784180 0.569336 0.788086 0.576172 0.790039 0.566406
0 0.767578 0.710938 0.767578 0.713867 0.771484 0.715820 0.778320 0.715820 0.776367 0.710938
0 0.327148 0.512695 0.333008 0.518555 0.338867 0.519531 0.339844 0.517578 0.333008 0.511719 0.329102 0.510742
0 0.185547 0.561523 0.181641 0.560547 0.176758 0.565430 0.183594 0.565430
0 0.882812 0.923828 0.883789 0.926758 0.892578 0.924805 0.891602 0.921875