0 0.357422 0.178711 0.355469 0.186523 0.359375 0.188477 0.360352 0.179688
0 0.789062 0.027344 0.783203 0.029297 0.782227 0.038086 0.788086 0.034180
0 0.974609 0.871094 0.975586 0.877930 0.979492 0.879883 0.978516 0.872070
0 0.870117 0.664062 0.867188 0.666016 0.867188 0.675781 0.871094 0.672852
0 0.391602 0.119141 0.388672 0.119141 0.386719 0.122070 0.386719 0.130859 0.390625 0.128906
0 0.805664 0.386719 0.804688 0.394531 0.806641 0.397461 0.809570 0.397461 0.808594 0.388672
0 0.103516 0.687500 0.098633 0.689453 0.097656 0.695312 0.101562 0.694336
0 0.250977 0.443359 0.254883 0.450195 0.260742 0.450195 0.258789 0.444336
0 0.238281 0.927734 0.241211 0.931641 0.249023 0.931641 0.247070 0.927734
0 0.624023 0.159180 0.619141 0.158203 0.614258 0.162109 0.620117 0.163086
0 0.780273 0.979492 0.784180 0.986328 0.789062 0.986328 0.786133 0.980469
0 0.342773 0.035156 0.345703 0.039062 0.352539 0.039062 0.351562 0.035156
0 0.206055 0.867188 0.204102 0.867188 0.202148 0.872070 0.204102 0.878906 0.208008 0.874023
0 0.127930 0.551758 0.123047 0.552734 0.119141 0.557617 0.125977 0.556641
0 0.166992 0.959961 0.171875 0.964844 0.178711 0.964844 0.178711 0.961914 0.174805 0.958984
0 0.520508 0.736328 0.520508 0.745117 0.523438 0.748047 0.526367 0.747070 0.523438 0.736328
0 0.416992 0.658203 0.410156 0.659180 0.407227 0.665039 0.414062 0.664062
0 0.131836 0.744141 0.132812 0.748047 0.141602 0.748047 0.136719 0.744141
0 0.960938 0.428711 0.960938 0.436523 0.965820 0.439453 0.966797 0.434570
0 0.148438 0.575195 0.143555 0.573242 0.132812 0.577148 0.132812 0.579102 0.141602 0.581055 0.148438 0.578125
0 0.174805 0.898438 0.168945 0.898438 0.164062 0.905273 0.171875 0.903320
0 0.435547 0.712891 0.432617 0.713867 0.431641 0.717773 0.433594 0.724609 0.437500 0.720703
0 0.093750 0.291016 0.096680 0.293945 0.104492 0.291992 0.101562 0.289062
0 0.538086 0.776367 0.536133 0.776367 0.533203 0.783203 0.536133 0.790039 0.539062 0.786133
0 0.301758 0.445312 0.304688 0.452148 0.313477 0.453125 0.310547 0.447266
0 0.544922 0.870117 0.537109 0.870117 0.535156 0.874023 0.541016 0.874023
0 0.374023 0.846680 0.371094 0.844727 0.365234 0.845703 0.361328 0.849609 0.372070 0.850586
0 0.176758 0.525391 0.176758 0.528320 0.179688 0.530273 0.187500 0.528320 0.187500 0.526367 0.182617 0.524414
0 0.145508 0.661133 0.145508 0.666992 0.152344 0.670898 0.150391 0.663086
0 0.467773 0.222656 0.469727 0.228516 0.478516 0.230469 0.474609 0.223633
0 0.590820 0.346680 0.588867 0.347656 0.587891 0.354492 0.589844 0.359375 0.592773 0.360352 0.594727 0.352539
0 0.683594 0.975586 0.678711 0.983398 0.680664 0.990234 0.685547 0.986328 0.686523 0.978516
0 0.201172 0.649414 0.195312 0.650391 0.190430 0.656250 0.198242 0.656250 0.202148 0.652344
0 0.298828 0.937500 0.306641 0.938477 0.311523 0.933594 0.302734 0.932617
0 0.908203 0.128906 0.906250 0.128906 0.904297 0.133789 0.905273 0.138672 0.909180 0.136719
0 0.820312 0.643555 0.816406 0.646484 0.816406 0.654297 0.821289 0.649414 0.822266 0.645508
0 0.795898 0.162109 0.797852 0.166992 0.803711 0.167969 0.802734 0.164062
0 0.902344 0.364258 0.905273 0.369141 0.912109 0.369141 0.910156 0.365234
0 0.958984 0.218750 0.956055 0.220703 0.958008 0.229492 0.960938 0.227539