0 0.906250 0.426758 0.909180 0.431641 0.916016 0.432617 0.914062 0.427734
0 0.760742 0.781250 0.760742 0.789062 0.768555 0.792969 0.766602 0.785156
0 0.704102 0.155273 0.703125 0.164062 0.707031 0.166016 0.708008 0.159180
0 0.788086 0.266602 0.782227 0.266602 0.779297 0.270508 0.784180 0.271484
0 0.096680 0.578125 0.088867 0.579102 0.085938 0.583984 0.094727 0.583008
0 0.475586 0.614258 0.471680 0.619141 0.471680 0.625000 0.474609 0.628906 0.477539 0.622070
0 0.909180 0.015625 0.911133 0.018555 0.919922 0.017578 0.917969 0.013672
0 0.191406 0.773438 0.185547 0.776367 0.185547 0.784180 0.189453 0.782227
0 0.460938 0.127930 0.459961 0.132812 0.465820 0.137695 0.463867 0.129883
0 0.529297 0.419922 0.533203 0.423828 0.540039 0.423828 0.538086 0.418945
0 0.107422 0.494141 0.100586 0.496094 0.099609 0.500000 0.105469 0.498047
0 0.396484 0.171875 0.397461 0.174805 0.402344 0.176758 0.409180 0.175781 0.405273 0.170898
0 0.584961 0.575195 0.590820 0.580078 0.597656 0.579102 0.593750 0.574219 0.588867 0.573242
0 0.692383 0.636719 0.695312 0.640625 0.703125 0.639648 0.700195 0.635742
0 0.266602 0.480469 0.261719 0.483398 0.260742 0.492188 0.264648 0.491211
0 0.533203 0.948242 0.534180 0.953125 0.540039 0.957031 0.540039 0.951172
0 0.819336 0.269531 0.817383 0.277344 0.821289 0.280273 0.823242 0.275391 0.821289 0.269531
0 0.982422 0.522461 0.989258 0.522461 0.994141 0.517578 0.986328 0.516602 0.982422 0.519531
0 0.534180 0.144531 0.529297 0.146484 0.527344 0.157227 0.534180 0.152344
0 0.199219 0.708008 0.202148 0.711914 0.209961 0.710938 0.207031 0.707031
0 0.760742 0.233398 0.751953 0.235352 0.750977 0.240234 0.758789 0.238281
0 0.560547 0.270508 0.562500 0.280273 0.567383 0.283203 0.565430 0.271484
0 0.816406 0.007812 0.821289 0.013672 0.826172 0.012695 0.822266 0.007812
0 0.920898 0.817383 0.914062 0.817383 0.909180 0.823242 0.916992 0.823242 0.920898 0.820312
0 0.499023 0.662109 0.495117 0.665039 0.497070 0.672852 0.500000 0.668945
0 0.056641 0.064453 0.049805 0.064453 0.046875 0.070312 0.054688 0.068359
0 0.722656 0.302734 0.722656 0.307617 0.729492 0.312500 0.728516 0.303711
0 0.514648 0.288086 0.509766 0.291992 0.508789 0.296875 0.510742 0.298828 0.514648 0.293945
0 0.218750 0.251953 0.215820 0.251953 0.210938 0.256836 0.209961 0.262695 0.216797 0.260742
0 0.985352 0.243164 0.980469 0.246094 0.978516 0.251953 0.980469 0.254883 0.987305 0.247070
0 0.612305 0.227539 0.614258 0.232422 0.621094 0.232422 0.619141 0.229492
0 0.121094 0.078125 0.115234 0.081055 0.114258 0.087891 0.121094 0.084961
0 0.591797 0.038086 0.591797 0.042969 0.597656 0.046875 0.595703 0.039062
0 0.309570 0.021484 0.304688 0.027344 0.305664 0.035156 0.309570 0.032227
0 0.036133 0.299805 0.035156 0.307617 0.038086 0.309570 0.040039 0.300781
0 0.819336 0.596680 0.822266 0.602539 0.828125 0.603516 0.826172 0.598633
0 0.006836 0.796875 0.014648 0.798828 0.020508 0.795898 0.020508 0.792969 0.012695 0.791992
0 0.802734 0.784180 0.804688 0.790039 0.809570 0.791992 0.808594 0.786133
0 0.850586 0.879883 0.849609 0.886719 0.854492 0.891602 0.855469 0.883789 0.853516 0.879883
0 0.761719 0.615234 0.761719 0.623047 0.764648 0.624023 0.764648 0.617188
0 0.842773 0.712891 0.835938 0.715820 0.834961 0.721680 0.840820 0.719727
0 0.247070 0.175781 0.243164 0.175781 0.239258 0.182617 0.246094 0.180664
0 0.447266 0.066406 0.448242 0.070312 0.458008 0.072266 0.456055 0.068359
0 0.354492 0.009766 0.361328 0.014648 0.369141 0.012695 0.365234 0.008789
0 0.361328 0.047852 0.363281 0.053711 0.370117 0.056641 0.370117 0.052734 0.366211 0.048828
0 0.361328 0.396484 0.362305 0.398438 0.370117 0.399414 0.369141 0.396484
0 0.618164 0.082031 0.617188 0.087891 0.623047 0.093750 0.622070 0.083984
0 0.633789 0.541992 0.638672 0.546875 0.645508 0.546875 0.645508 0.543945 0.642578 0.541992
0 0.548828 0.214844 0.555664 0.216797 0.559570 0.213867 0.551758 0.211914
0 0.360352 0.709961 0.363281 0.714844 0.367188 0.714844 0.366211 0.710938
0 0.493164 0.406250 0.487305 0.406250 0.483398 0.411133 0.490234 0.411133
0 0.579102 0.604492 0.579102 0.612305 0.586914 0.616211 0.584961 0.607422
0 0.629883 0.695312 0.625000 0.697266 0.624023 0.707031 0.626953 0.707031
0 0.582031 0.595703 0.584961 0.599609 0.591797 0.599609 0.588867 0.595703
0 0.039062 0.968750 0.035156 0.972656 0.036133 0.979492 0.041016 0.974609
0 0.554688 0.856445 0.556641 0.862305 0.561523 0.865234 0.564453 0.864258 0.561523 0.857422
0 0.060547 0.678711 0.059570 0.686523 0.064453 0.693359 0.066406 0.686523 0.063477 0.679688
0 0.201172 0.738281 0.196289 0.739258 0.191406 0.747070 0.194336 0.748047 0.199219 0.745117 0.202148 0.740234
0 0.578125 0.384766 0.577148 0.389648 0.583984 0.392578 0.583008 0.387695
0 0.914062 0.606445 0.917969 0.610352 0.924805 0.610352 0.924805 0.607422 0.921875 0.605469
0 0.796875 0.925781 0.798828 0.930664 0.805664 0.931641 0.804688 0.927734
0 0.540039 0.698242 0.532227 0.700195 0.530273 0.707031 0.536133 0.706055
0 0.615234 0.206055 0.622070 0.205078 0.624023 0.201172 0.618164 0.201172
0 0.250000 0.644531 0.254883 0.651367 0.260742 0.651367 0.257812 0.645508
0 0.348633 0.453125 0.348633 0.460938 0.351562 0.463867 0.355469 0.463867 0.353516 0.456055
0 0.397461 0.509766 0.398438 0.516602 0.404297 0.519531 0.403320 0.512695
0 0.212891 0.647461 0.217773 0.649414 0.222656 0.647461 0.223633 0.644531 0.216797 0.643555
0 0.121094 0.304688 0.121094 0.312500 0.128906 0.316406 0.126953 0.307617
0 0.792969 0.842773 0.793945 0.844727 0.801758 0.845703 0.800781 0.842773