0 0.685547 0.848633 0.686523 0.855469 0.691406 0.859375 0.695312 0.859375 0.696289 0.855469 0.694336 0.852539
0 0.094727 0.028320 0.093750 0.033203 0.098633 0.039062 0.100586 0.037109 0.099609 0.033203
0 0.648438 0.140625 0.644531 0.143555 0.646484 0.150391 0.649414 0.146484
0 0.216797 0.866211 0.213867 0.868164 0.214844 0.876953 0.217773 0.873047
0 0.558594 0.819336 0.551758 0.820312 0.549805 0.824219 0.555664 0.824219
0 0.344727 0.700195 0.334961 0.701172 0.333008 0.707031 0.341797 0.705078
0 0.215820 0.909180 0.211914 0.911133 0.211914 0.918945 0.215820 0.915039
0 0.317383 0.394531 0.317383 0.398438 0.320312 0.401367 0.329102 0.402344 0.326172 0.396484
0 0.307617 0.588867 0.311523 0.592773 0.316406 0.592773 0.315430 0.588867
0 0.882812 0.726562 0.877930 0.729492 0.877930 0.735352 0.881836 0.733398
0 0.973633 0.639648 0.969727 0.639648 0.966797 0.646484 0.969727 0.646484
0 0.317383 0.153320 0.313477 0.159180 0.315430 0.168945 0.319336 0.164062
0 0.368164 0.642578 0.372070 0.648438 0.377930 0.649414 0.374023 0.642578
0 0.208984 0.673828 0.213867 0.673828 0.217773 0.668945 0.211914 0.668945 0.208984 0.670898
0 0.185547 0.585938 0.185547 0.590820 0.193359 0.594727 0.191406 0.587891
0 0.573242 0.497070 0.576172 0.501953 0.583984 0.501953 0.582031 0.498047
0 0.912109 0.522461 0.908203 0.527344 0.909180 0.532227 0.913086 0.530273
0 0.770508 0.227539 0.767578 0.228516 0.767578 0.237305 0.771484 0.234375
0 0.063477 0.285156 0.061523 0.287109 0.062500 0.291016 0.069336 0.295898 0.068359 0.288086
0 0.318359 0.321289 0.321289 0.324219 0.329102 0.323242 0.326172 0.319336
0 0.523438 0.127930 0.518555 0.128906 0.515625 0.134766 0.521484 0.133789
0 0.277344 0.359375 0.279297 0.368164 0.282227 0.368164 0.282227 0.361328
0 0.965820 0.723633 0.967773 0.733398 0.972656 0.735352 0.972656 0.727539
0 0.250000 0.573242 0.250000 0.576172 0.254883 0.579102 0.262695 0.577148 0.255859 0.572266
0 0.945312 0.554688 0.940430 0.557617 0.939453 0.564453 0.945312 0.561523
0 0.809570 0.247070 0.806641 0.248047 0.808594 0.257812 0.810547 0.254883
0 0.107422 0.683594 0.102539 0.684570 0.100586 0.693359 0.106445 0.690430
0 0.952148 0.411133 0.952148 0.417969 0.958008 0.422852 0.958008 0.414062