0 0.590820 0.124023 0.582031 0.124023 0.580078 0.127930 0.586914 0.127930
0 0.275391 0.843750 0.278320 0.852539 0.283203 0.854492 0.282227 0.846680
0 0.633789 0.693359 0.641602 0.693359 0.643555 0.690430 0.634766 0.689453
0 0.286133 0.409180 0.278320 0.409180 0.274414 0.412109 0.274414 0.415039 0.282227 0.415039
0 0.077148 0.853516 0.078125 0.861328 0.083008 0.864258 0.082031 0.854492
0 0.610352 0.238281 0.607422 0.241211 0.608398 0.250000 0.613281 0.245117 0.613281 0.240234
0 0.105469 0.411133 0.105469 0.417969 0.107422 0.421875 0.110352 0.421875 0.110352 0.415039
0 0.474609 0.808594 0.482422 0.808594 0.486328 0.805664 0.485352 0.803711 0.479492 0.803711
0 0.594727 0.518555 0.595703 0.523438 0.601562 0.525391 0.599609 0.519531
0 0.932617 0.359375 0.928711 0.364258 0.929688 0.370117 0.934570 0.366211 0.934570 0.360352
0 0.980469 0.667969 0.982422 0.678711 0.988281 0.680664 0.987305 0.672852 0.983398 0.667969
0 0.609375 0.767578 0.609375 0.775391 0.614258 0.777344 0.613281 0.770508
0 0.057617 0.837891 0.060547 0.840820 0.068359 0.838867 0.065430 0.835938
0 0.556641 0.487305 0.552734 0.490234 0.552734 0.498047 0.557617 0.493164
0 0.343750 0.581055 0.345703 0.585938 0.353516 0.586914 0.350586 0.582031
0 0.718750 0.964844 0.719727 0.970703 0.727539 0.973633 0.724609 0.965820
0 0.494141 0.946289 0.493164 0.950195 0.499023 0.957031 0.499023 0.950195
0 0.340820 0.250000 0.340820 0.252930 0.347656 0.256836 0.346680 0.251953
0 0.431641 0.967773 0.433594 0.971680 0.442383 0.969727
0 0.314453 0.586914 0.311523 0.586914 0.308594 0.591797 0.309570 0.597656 0.314453 0.592773
0 0.666016 0.763672 0.672852 0.764648 0.678711 0.760742 0.668945 0.759766
0 0.060547 0.785156 0.065430 0.791016 0.071289 0.791992 0.066406 0.784180 0.062500 0.783203
0 0.291016 0.734375 0.293945 0.741211 0.301758 0.743164 0.296875 0.735352
0 0.120117 0.779297 0.121094 0.782227 0.129883 0.782227 0.125977 0.778320
0 0.907227 0.608398 0.908203 0.613281 0.913086 0.616211 0.912109 0.610352
0 0.877930 0.967773 0.871094 0.971680 0.871094 0.976562 0.876953 0.974609
0 0.819336 0.814453 0.817383 0.823242 0.821289 0.825195 0.823242 0.820312 0.822266 0.815430
0 0.212891 0.079102 0.207031 0.081055 0.203125 0.085938 0.208984 0.086914 0.212891 0.083008
0 0.535156 0.769531 0.535156 0.774414 0.542969 0.779297 0.541992 0.773438
0 0.760742 0.749023 0.761719 0.751953 0.766602 0.753906 0.774414 0.752930 0.770508 0.748047
0 0.593750 0.754883 0.593750 0.760742 0.597656 0.763672 0.597656 0.756836
0 0.756836 0.538086 0.765625 0.539062 0.769531 0.534180 0.761719 0.533203
0 0.505859 0.051758 0.499023 0.052734 0.496094 0.057617 0.504883 0.055664
0 0.850586 0.115234 0.851562 0.118164 0.861328 0.116211 0.860352 0.113281
0 0.634766 0.135742 0.632812 0.141602 0.638672 0.148438 0.639648 0.141602
0 0.326172 0.287109 0.326172 0.296875 0.328125 0.299805 0.331055 0.299805 0.331055 0.289062
0 0.040039 0.346680 0.038086 0.356445 0.041992 0.358398 0.042969 0.348633
0 0.194336 0.303711 0.194336 0.308594 0.199219 0.313477 0.199219 0.305664
0 0.748047 0.796875 0.746094 0.800781 0.750000 0.806641 0.750977 0.799805
0 0.499023 0.137695 0.493164 0.138672 0.491211 0.142578 0.499023 0.140625
0 0.928711 0.875977 0.926758 0.877930 0.927734 0.881836 0.934570 0.886719 0.933594 0.878906
0 0.215820 0.419922 0.219727 0.426758 0.224609 0.426758 0.221680 0.420898
0 0.633789 0.438477 0.632812 0.444336 0.636719 0.449219 0.638672 0.440430
0 0.455078 0.115234 0.455078 0.121094 0.460938 0.125000 0.459961 0.117188
0 0.450195 0.956055 0.454102 0.960938 0.462891 0.961914 0.457031 0.955078
0 0.623047 0.726562 0.618164 0.730469 0.618164 0.738281 0.621094 0.738281 0.623047 0.734375
0 0.078125 0.942383 0.081055 0.946289 0.085938 0.946289 0.086914 0.944336 0.083008 0.941406
0 0.300781 0.548828 0.299805 0.555664 0.303711 0.558594 0.304688 0.551758
0 0.368164 0.129883 0.370117 0.136719 0.375000 0.138672 0.374023 0.132812
0 0.180664 0.818359 0.182617 0.822266 0.190430 0.823242 0.186523 0.818359