0 0.208008 0.565430 0.211914 0.570312 0.217773 0.571289 0.216797 0.566406
0 0.672852 0.371094 0.671875 0.375977 0.673828 0.381836 0.675781 0.381836 0.676758 0.373047
0 0.794922 0.379883 0.791992 0.379883 0.788086 0.386719 0.791992 0.386719
0 0.346680 0.568359 0.347656 0.571289 0.357422 0.569336 0.355469 0.566406
0 0.678711 0.956055 0.678711 0.958008 0.683594 0.959961 0.690430 0.958984 0.687500 0.955078 0.681641 0.954102
0 0.054688 0.446289 0.054688 0.453125 0.056641 0.456055 0.059570 0.456055 0.059570 0.450195
0 0.457031 0.103516 0.456055 0.107422 0.459961 0.115234 0.460938 0.105469
0 0.682617 0.485352 0.684570 0.490234 0.692383 0.491211 0.689453 0.486328
0 0.377930 0.789062 0.378906 0.795898 0.383789 0.798828 0.385742 0.797852 0.384766 0.792969
0 0.202148 0.533203 0.206055 0.540039 0.211914 0.541016 0.209961 0.535156
0 0.293945 0.331055 0.292969 0.337891 0.295898 0.340820 0.297852 0.334961
0 0.879883 0.253906 0.874023 0.253906 0.869141 0.258789 0.869141 0.261719 0.876953 0.259766
0 0.616211 0.541992 0.608398 0.543945 0.605469 0.547852 0.606445 0.549805 0.614258 0.547852
0 0.168945 0.253906 0.162109 0.253906 0.159180 0.255859 0.159180 0.258789 0.165039 0.258789
0 0.182617 0.016602 0.185547 0.025391 0.189453 0.026367 0.189453 0.020508
0 0.275391 0.849609 0.275391 0.851562 0.283203 0.852539 0.288086 0.850586 0.288086 0.847656 0.281250 0.846680
0 0.264648 0.606445 0.257812 0.609375 0.255859 0.618164 0.262695 0.615234
0 0.030273 0.838867 0.033203 0.841797 0.041016 0.840820 0.038086 0.836914
0 0.772461 0.449219 0.781250 0.449219 0.785156 0.444336 0.774414 0.444336
0 0.453125 0.551758 0.455078 0.555664 0.461914 0.554688 0.460938 0.551758
0 0.732422 0.251953 0.727539 0.250977 0.720703 0.255859 0.730469 0.255859
0 0.316406 0.860352 0.314453 0.862305 0.314453 0.872070 0.320312 0.876953 0.321289 0.868164
0 0.824219 0.135742 0.830078 0.137695 0.836914 0.132812 0.826172 0.131836
0 0.955078 0.528320 0.955078 0.530273 0.959961 0.532227 0.964844 0.531250 0.960938 0.527344
0 0.105469 0.463867 0.104492 0.471680 0.108398 0.475586 0.109375 0.465820
0 0.497070 0.284180 0.493164 0.287109 0.494141 0.293945 0.499023 0.289062
0 0.818359 0.092773 0.814453 0.092773 0.809570 0.099609 0.817383 0.098633
0 0.292969 0.455078 0.295898 0.458008 0.303711 0.456055 0.300781 0.453125
0 0.074219 0.125000 0.073242 0.131836 0.077148 0.134766 0.077148 0.126953
0 0.930664 0.184570 0.926758 0.185547 0.923828 0.193359 0.929688 0.190430
0 0.082031 0.192383 0.079102 0.194336 0.081055 0.202148 0.083984 0.199219
0 0.063477 0.375977 0.067383 0.380859 0.073242 0.381836 0.071289 0.376953
0 0.863281 0.853516 0.864258 0.862305 0.870117 0.865234 0.869141 0.857422
0 0.764648 0.980469 0.760742 0.980469 0.757812 0.983398 0.757812 0.989258 0.762695 0.986328
0 0.146484 0.973633 0.141602 0.976562 0.140625 0.983398 0.145508 0.981445
0 0.152344 0.458008 0.145508 0.458008 0.141602 0.463867 0.149414 0.462891
0 0.497070 0.548828 0.498047 0.553711 0.505859 0.558594 0.504883 0.551758
0 0.030273 0.798828 0.029297 0.808594 0.031250 0.811523 0.034180 0.811523 0.035156 0.804688 0.033203 0.799805
0 0.774414 0.394531 0.770508 0.396484 0.770508 0.404297 0.775391 0.398438
0 0.893555 0.955078 0.887695 0.956055 0.884766 0.961914 0.890625 0.960938
0 0.954102 0.650391 0.947266 0.650391 0.943359 0.653320 0.943359 0.656250 0.951172 0.655273