0 0.123047 0.783203 0.125000 0.790039 0.129883 0.791992 0.128906 0.786133
0 0.442383 0.568359 0.441406 0.574219 0.445312 0.577148 0.445312 0.570312
0 0.054688 0.251953 0.055664 0.258789 0.061523 0.261719 0.061523 0.255859
0 0.345703 0.386719 0.341797 0.390625 0.341797 0.397461 0.343750 0.399414 0.347656 0.395508
0 0.797852 0.950195 0.793945 0.949219 0.787109 0.955078 0.794922 0.955078 0.797852 0.953125
0 0.608398 0.281250 0.608398 0.288086 0.610352 0.291992 0.613281 0.291992 0.613281 0.283203
0 0.870117 0.907227 0.866211 0.905273 0.861328 0.906250 0.859375 0.910156 0.863281 0.911133
0 0.152344 0.627930 0.154297 0.630859 0.161133 0.630859 0.161133 0.627930
0 0.668945 0.602539 0.663086 0.603516 0.661133 0.609375 0.666992 0.607422
0 0.674805 0.665039 0.673828 0.668945 0.679688 0.674805 0.679688 0.666016
0 0.705078 0.864258 0.708984 0.869141 0.714844 0.869141 0.715820 0.867188 0.710938 0.863281
0 0.500000 0.278320 0.498047 0.286133 0.499023 0.289062 0.501953 0.289062 0.502930 0.281250
0 0.208008 0.192383 0.207031 0.196289 0.212891 0.200195 0.211914 0.193359
0 0.822266 0.040039 0.826172 0.045898 0.832031 0.045898 0.830078 0.041016
0 0.616211 0.766602 0.612305 0.768555 0.611328 0.775391 0.615234 0.773438
0 0.836914 0.838867 0.840820 0.842773 0.848633 0.841797 0.846680 0.837891 0.839844 0.836914
0 0.359375 0.238281 0.361328 0.246094 0.363281 0.241211 0.362305 0.238281
0 0.739258 0.358398 0.740234 0.364258 0.746094 0.367188 0.744141 0.359375
0 0.761719 0.150391 0.761719 0.153320 0.765625 0.155273 0.774414 0.154297 0.774414 0.151367 0.769531 0.149414
0 0.259766 0.401367 0.258789 0.406250 0.264648 0.412109 0.264648 0.406250
0 0.727539 0.496094 0.731445 0.500000 0.737305 0.499023 0.735352 0.495117
0 0.728516 0.791992 0.719727 0.791016 0.715820 0.792969 0.715820 0.795898 0.725586 0.795898
0 0.945312 0.932617 0.944336 0.937500 0.947266 0.942383 0.948242 0.933594
0 0.980469 0.657227 0.974609 0.656250 0.969727 0.658203 0.968750 0.661133 0.975586 0.662109
0 0.866211 0.206055 0.864258 0.214844 0.868164 0.218750 0.869141 0.208008
0 0.267578 0.457031 0.267578 0.460938 0.272461 0.466797 0.271484 0.458008
0 0.674805 0.692383 0.668945 0.694336 0.668945 0.700195 0.672852 0.698242
0 0.664062 0.266602 0.660156 0.266602 0.658203 0.276367 0.662109 0.274414
0 0.190430 0.587891 0.186523 0.589844 0.187500 0.597656 0.191406 0.593750
0 0.115234 0.010742 0.118164 0.015625 0.125977 0.016602 0.125977 0.013672 0.120117 0.009766
0 0.715820 0.446289 0.711914 0.449219 0.712891 0.457031 0.716797 0.451172
0 0.293945 0.422852 0.295898 0.425781 0.301758 0.425781 0.301758 0.422852
0 0.812500 0.309570 0.814453 0.314453 0.822266 0.315430 0.818359 0.310547
0 0.489258 0.972656 0.485352 0.973633 0.483398 0.982422 0.488281 0.980469
0 0.551758 0.200195 0.551758 0.204102 0.557617 0.208008 0.556641 0.202148
0 0.135742 0.026367 0.138672 0.030273 0.145508 0.030273 0.143555 0.026367
0 0.988281 0.865234 0.984375 0.866211 0.982422 0.872070 0.988281 0.870117
0 0.123047 0.407227 0.126953 0.411133 0.132812 0.411133 0.130859 0.407227
0 0.530273 0.566406 0.521484 0.566406 0.519531 0.570312 0.525391 0.571289
0 0.488281 0.790039 0.483398 0.794922 0.483398 0.801758 0.489258 0.795898
0 0.333008 0.499023 0.331055 0.499023 0.329102 0.503906 0.331055 0.510742 0.334961 0.506836
0 0.137695 0.522461 0.138672 0.530273 0.143555 0.532227 0.143555 0.527344
0 0.958984 0.136719 0.960938 0.140625 0.967773 0.140625 0.965820 0.136719
0 0.552734 0.547852 0.551758 0.557617 0.555664 0.560547 0.557617 0.552734
0 0.153320 0.725586 0.156250 0.731445 0.163086 0.731445 0.158203 0.725586
0 0.824219 0.693359 0.827148 0.702148 0.830078 0.702148 0.830078 0.696289
0 0.239258 0.420898 0.239258 0.427734 0.243164 0.429688 0.243164 0.423828
0 0.375000 0.735352 0.369141 0.736328 0.367188 0.741211 0.373047 0.740234