0 0.964844 0.732422 0.969727 0.736328 0.974609 0.736328 0.974609 0.733398 0.971680 0.731445
0 0.625977 0.215820 0.619141 0.215820 0.616211 0.220703 0.622070 0.220703
0 0.402344 0.732422 0.406250 0.739258 0.411133 0.738281 0.410156 0.734375
0 0.320312 0.610352 0.317383 0.610352 0.315430 0.613281 0.316406 0.620117 0.319336 0.617188
0 0.497070 0.760742 0.493164 0.762695 0.492188 0.770508 0.498047 0.767578 0.499023 0.763672
0 0.517578 0.738281 0.518555 0.741211 0.525391 0.742188 0.523438 0.738281
0 0.697266 0.027344 0.702148 0.032227 0.707031 0.033203 0.709961 0.031250 0.705078 0.026367
0 0.559570 0.977539 0.563477 0.981445 0.571289 0.979492 0.568359 0.976562
0 0.487305 0.423828 0.482422 0.423828 0.477539 0.430664 0.486328 0.429688
0 0.783203 0.939453 0.777344 0.943359 0.776367 0.952148 0.782227 0.948242
0 0.334961 0.685547 0.329102 0.687500 0.327148 0.696289 0.334961 0.691406
0 0.340820 0.526367 0.344727 0.531250 0.348633 0.532227 0.347656 0.527344
0 0.414062 0.382812 0.421875 0.380859 0.416016 0.378906
0 0.200195 0.461914 0.203125 0.467773 0.210938 0.468750 0.208008 0.462891
0 0.548828 0.101562 0.550781 0.104492 0.556641 0.104492 0.559570 0.102539 0.559570 0.099609
0 0.942383 0.841797 0.942383 0.849609 0.947266 0.851562 0.947266 0.845703 0.945312 0.841797
0 0.794922 0.359375 0.790039 0.363281 0.790039 0.370117 0.795898 0.365234 0.796875 0.361328
0 0.129883 0.645508 0.131836 0.650391 0.139648 0.651367 0.136719 0.646484
0 0.241211 0.476562 0.243164 0.480469 0.250000 0.480469 0.254883 0.477539 0.250977 0.474609
0 0.097656 0.511719 0.098633 0.515625 0.107422 0.516602 0.106445 0.512695
0 0.037109 0.738281 0.029297 0.737305 0.027344 0.741211 0.033203 0.742188
0 0.942383 0.305664 0.943359 0.311523 0.948242 0.313477 0.947266 0.305664
0 0.537109 0.177734 0.538086 0.181641 0.544922 0.181641 0.546875 0.179688 0.545898 0.177734
0 0.390625 0.625000 0.385742 0.627930 0.385742 0.636719 0.391602 0.629883
0 0.362305 0.902344 0.356445 0.905273 0.356445 0.911133 0.361328 0.908203
0 0.575195 0.149414 0.577148 0.154297 0.583984 0.154297 0.583008 0.150391
0 0.574219 0.903320 0.582031 0.904297 0.584961 0.900391 0.578125 0.899414
0 0.876953 0.777344 0.874023 0.776367 0.869141 0.779297 0.867188 0.785156 0.872070 0.785156
0 0.333008 0.394531 0.328125 0.395508 0.324219 0.403320 0.330078 0.402344
0 0.303711 0.914062 0.299805 0.915039 0.297852 0.921875 0.302734 0.919922
0 0.540039 0.258789 0.541992 0.262695 0.550781 0.264648 0.548828 0.259766
0 0.032227 0.205078 0.033203 0.211914 0.040039 0.214844 0.038086 0.208008
0 0.864258 0.241211 0.857422 0.240234 0.853516 0.242188 0.851562 0.248047 0.861328 0.246094
0 0.611328 0.116211 0.613281 0.122070 0.619141 0.124023 0.618164 0.119141
0 0.982422 0.862305 0.986328 0.866211 0.991211 0.864258 0.991211 0.862305 0.987305 0.861328
0 0.544922 0.319336 0.554688 0.322266 0.560547 0.318359 0.549805 0.316406
0 0.719727 0.086914 0.723633 0.092773 0.732422 0.092773 0.728516 0.087891
0 0.837891 0.960938 0.840820 0.966797 0.847656 0.966797 0.842773 0.960938
0 0.057617 0.932617 0.061523 0.938477 0.067383 0.939453 0.064453 0.932617 0.059570 0.930664
0 0.819336 0.522461 0.821289 0.525391 0.830078 0.523438 0.828125 0.520508
0 0.644531 0.729492 0.637695 0.730469 0.636719 0.734375 0.642578 0.733398
0 0.795898 0.968750 0.790039 0.968750 0.786133 0.973633 0.791016 0.974609 0.794922 0.972656
0 0.889648 0.394531 0.888672 0.398438 0.891602 0.405273 0.894531 0.401367 0.892578 0.395508
0 0.186523 0.646484 0.191406 0.652344 0.197266 0.650391 0.194336 0.646484
0 0.525391 0.821289 0.529297 0.827148 0.538086 0.828125 0.534180 0.822266