0 0.813477 0.622070 0.815430 0.625977 0.825195 0.625000 0.825195 0.623047 0.819336 0.621094
0 0.431641 0.649414 0.434570 0.653320 0.442383 0.652344 0.442383 0.649414 0.437500 0.647461
0 0.843750 0.593750 0.843750 0.599609 0.850586 0.603516 0.848633 0.595703
0 0.594727 0.532227 0.595703 0.535156 0.605469 0.534180 0.604492 0.530273
0 0.843750 0.636719 0.846680 0.642578 0.851562 0.643555 0.849609 0.638672
0 0.843750 0.973633 0.846680 0.977539 0.854492 0.977539 0.850586 0.972656
0 0.064453 0.085938 0.058594 0.085938 0.056641 0.089844 0.063477 0.089844
0 0.269531 0.895508 0.263672 0.894531 0.258789 0.897461 0.257812 0.901367 0.269531 0.898438
0 0.575195 0.774414 0.572266 0.774414 0.570312 0.779297 0.573242 0.788086 0.576172 0.783203
0 0.244141 0.025391 0.241211 0.035156 0.243164 0.040039 0.247070 0.041016 0.248047 0.031250 0.246094 0.025391
0 0.834961 0.895508 0.841797 0.895508 0.844727 0.891602 0.836914 0.891602
0 0.678711 0.967773 0.673828 0.965820 0.666992 0.967773 0.666992 0.969727 0.677734 0.970703
0 0.780273 0.015625 0.783203 0.020508 0.791992 0.020508 0.786133 0.014648
0 0.725586 0.721680 0.728516 0.726562 0.735352 0.726562 0.731445 0.721680
0 0.699219 0.705078 0.698242 0.712891 0.701172 0.715820 0.703125 0.708008
0 0.492188 0.891602 0.489258 0.891602 0.487305 0.894531 0.488281 0.902344 0.491211 0.901367
0 0.718750 0.630859 0.712891 0.629883 0.708984 0.634766 0.714844 0.634766
0 0.941406 0.526367 0.938477 0.526367 0.935547 0.530273 0.935547 0.539062 0.938477 0.539062 0.941406 0.534180
0 0.430664 0.497070 0.432617 0.500000 0.439453 0.499023 0.437500 0.496094
0 0.967773 0.195312 0.963867 0.199219 0.963867 0.205078 0.968750 0.200195
0 0.458984 0.526367 0.455078 0.528320 0.455078 0.535156 0.459961 0.531250
0 0.162109 0.441406 0.162109 0.445312 0.168945 0.449219 0.166992 0.443359
0 0.450195 0.886719 0.450195 0.897461 0.454102 0.900391 0.456055 0.898438 0.455078 0.890625
0 0.891602 0.943359 0.885742 0.946289 0.884766 0.953125 0.890625 0.950195
0 0.103516 0.788086 0.103516 0.796875 0.107422 0.801758 0.110352 0.801758 0.110352 0.794922
0 0.957031 0.618164 0.957031 0.622070 0.964844 0.625977 0.963867 0.622070
0 0.300781 0.832031 0.299805 0.841797 0.303711 0.843750 0.305664 0.837891 0.304688 0.833984
0 0.279297 0.552734 0.278320 0.557617 0.282227 0.563477 0.284180 0.558594 0.282227 0.553711
0 0.286133 0.918945 0.277344 0.918945 0.272461 0.923828 0.280273 0.924805
0 0.765625 0.115234 0.757812 0.116211 0.755859 0.121094 0.763672 0.119141