0 0.980469 0.167969 0.980469 0.174805 0.984375 0.176758 0.984375 0.170898
0 0.590820 0.829102 0.585938 0.832031 0.584961 0.840820 0.590820 0.836914
0 0.596680 0.266602 0.598633 0.272461 0.608398 0.274414 0.608398 0.271484 0.603516 0.267578
0 0.019531 0.351562 0.013672 0.351562 0.009766 0.358398 0.016602 0.357422
0 0.486328 0.113281 0.482422 0.118164 0.483398 0.124023 0.487305 0.119141
0 0.723633 0.334961 0.722656 0.342773 0.725586 0.345703 0.727539 0.338867
0 0.428711 0.401367 0.431641 0.404297 0.441406 0.403320 0.440430 0.399414
0 0.700195 0.750000 0.704102 0.755859 0.712891 0.755859 0.706055 0.749023
0 0.373047 0.508789 0.376953 0.511719 0.385742 0.509766 0.382812 0.505859
0 0.218750 0.324219 0.218750 0.333008 0.223633 0.336914 0.223633 0.328125
0 0.652344 0.328125 0.661133 0.328125 0.665039 0.323242 0.657227 0.322266 0.652344 0.325195
0 0.537109 0.829102 0.531250 0.832031 0.530273 0.837891 0.535156 0.836914
0 0.203125 0.515625 0.205078 0.521484 0.213867 0.521484 0.209961 0.516602
0 0.074219 0.550781 0.069336 0.553711 0.069336 0.561523 0.074219 0.556641
0 0.566406 0.040039 0.566406 0.045898 0.571289 0.050781 0.572266 0.041992
0 0.811523 0.983398 0.803711 0.988281 0.802734 0.994141 0.809570 0.991211
0 0.984375 0.035156 0.980469 0.035156 0.977539 0.038086 0.975586 0.045898 0.978516 0.045898 0.983398 0.041016
0 0.731445 0.167969 0.737305 0.170898 0.744141 0.169922 0.741211 0.166016
0 0.140625 0.040039 0.135742 0.042969 0.134766 0.048828 0.141602 0.044922
0 0.237305 0.283203 0.236328 0.289062 0.244141 0.292969 0.242188 0.286133
0 0.963867 0.225586 0.964844 0.229492 0.971680 0.230469 0.970703 0.227539
0 0.160156 0.098633 0.155273 0.096680 0.149414 0.098633 0.149414 0.100586 0.155273 0.102539 0.160156 0.100586
0 0.946289 0.734375 0.936523 0.734375 0.934570 0.738281 0.940430 0.739258
0 0.093750 0.442383 0.088867 0.445312 0.088867 0.452148 0.093750 0.448242
0 0.101562 0.859375 0.103516 0.864258 0.114258 0.862305 0.114258 0.860352 0.109375 0.858398
0 0.235352 0.556641 0.235352 0.563477 0.239258 0.567383 0.239258 0.557617
0 0.930664 0.980469 0.933594 0.985352 0.940430 0.986328 0.938477 0.981445
0 0.788086 0.416992 0.787109 0.420898 0.792969 0.426758 0.792969 0.417969
0 0.703125 0.895508 0.705078 0.898438 0.712891 0.897461 0.711914 0.894531 0.708008 0.893555
0 0.710938 0.924805 0.706055 0.927734 0.705078 0.934570 0.710938 0.931641