0 0.764648 0.149414 0.763672 0.155273 0.769531 0.161133 0.770508 0.156250
0 0.612305 0.666992 0.616211 0.672852 0.624023 0.672852 0.622070 0.667969 0.618164 0.666016
0 0.947266 0.266602 0.942383 0.271484 0.944336 0.281250 0.947266 0.277344
0 0.211914 0.947266 0.212891 0.952148 0.219727 0.956055 0.218750 0.950195 0.215820 0.947266
0 0.631836 0.361328 0.625977 0.361328 0.623047 0.364258 0.628906 0.365234
0 0.359375 0.899414 0.353516 0.902344 0.352539 0.908203 0.358398 0.906250
0 0.541016 0.721680 0.544922 0.725586 0.551758 0.724609 0.546875 0.720703
0 0.402344 0.197266 0.409180 0.198242 0.413086 0.194336 0.405273 0.193359
0 0.854492 0.305664 0.850586 0.307617 0.851562 0.315430
0 0.306641 0.887695 0.309570 0.893555 0.315430 0.893555 0.314453 0.889648
0 0.568359 0.404297 0.562500 0.407227 0.560547 0.414062 0.567383 0.410156
0 0.681641 0.315430 0.676758 0.318359 0.675781 0.324219 0.682617 0.320312
0 0.894531 0.091797 0.888672 0.095703 0.888672 0.101562 0.893555 0.099609
0 0.105469 0.393555 0.101562 0.394531 0.100586 0.403320 0.104492 0.401367
0 0.347656 0.575195 0.349609 0.583008 0.354492 0.584961 0.354492 0.579102
0 0.753906 0.267578 0.757812 0.270508 0.767578 0.268555 0.765625 0.264648
0 0.803711 0.557617 0.796875 0.561523 0.796875 0.566406 0.802734 0.564453
0 0.695312 0.752930 0.694336 0.758789 0.698242 0.762695 0.699219 0.754883
0 0.198242 0.742188 0.199219 0.747070 0.208008 0.752930 0.208008 0.747070
0 0.535156 0.715820 0.531250 0.718750 0.531250 0.725586 0.535156 0.721680
0 0.645508 0.459961 0.639648 0.459961 0.636719 0.465820 0.642578 0.464844
0 0.663086 0.788086 0.657227 0.790039 0.656250 0.795898 0.663086 0.791992
0 0.601562 0.985352 0.593750 0.985352 0.591797 0.990234 0.596680 0.990234
0 0.867188 0.173828 0.868164 0.179688 0.873047 0.182617 0.873047 0.176758
0 0.343750 0.703125 0.345703 0.710938 0.351562 0.713867 0.351562 0.707031
0 0.971680 0.358398 0.971680 0.367188 0.976562 0.371094 0.976562 0.361328
0 0.342773 0.895508 0.339844 0.895508 0.337891 0.899414 0.337891 0.908203 0.340820 0.908203 0.343750 0.904297
0 0.792969 0.101562 0.793945 0.103516 0.802734 0.102539 0.801758 0.099609
0 0.730469 0.555664 0.731445 0.561523 0.738281 0.564453 0.736328 0.558594
0 0.401367 0.685547 0.397461 0.689453 0.398438 0.700195 0.403320 0.696289 0.404297 0.690430
0 0.841797 0.701172 0.840820 0.707031 0.844727 0.711914 0.846680 0.707031 0.844727 0.702148
0 0.717773 0.436523 0.718750 0.444336 0.723633 0.445312 0.720703 0.436523
0 0.461914 0.745117 0.468750 0.750977 0.473633 0.750000 0.471680 0.745117
0 0.278320 0.476562 0.280273 0.480469 0.288086 0.481445 0.288086 0.478516 0.285156 0.476562
0 0.333984 0.494141 0.333984 0.499023 0.338867 0.502930 0.338867 0.496094
0 0.227539 0.416016 0.228516 0.423828 0.233398 0.425781 0.233398 0.420898
0 0.283203 0.641602 0.280273 0.644531 0.281250 0.652344 0.284180 0.648438
0 0.720703 0.258789 0.717773 0.258789 0.715820 0.261719 0.716797 0.269531 0.719727 0.266602
0 0.084961 0.419922 0.087891 0.428711 0.093750 0.430664 0.092773 0.423828
0 0.263672 0.982422 0.265625 0.988281 0.270508 0.990234 0.270508 0.985352
0 0.437500 0.074219 0.433594 0.075195 0.431641 0.082031 0.436523 0.080078
0 0.403320 0.880859 0.405273 0.883789 0.413086 0.883789 0.411133 0.879883
0 0.038086 0.268555 0.036133 0.270508 0.036133 0.277344 0.040039 0.282227 0.041992 0.272461
0 0.737305 0.650391 0.735352 0.652344 0.737305 0.658203 0.745117 0.661133 0.743164 0.654297
0 0.132812 0.801758 0.125977 0.800781 0.122070 0.803711 0.121094 0.807617 0.128906 0.806641
0 0.722656 0.169922 0.716797 0.173828 0.716797 0.181641 0.721680 0.178711