0 0.515625 0.515625 0.513672 0.521484 0.517578 0.529297 0.519531 0.517578
0 0.086914 0.628906 0.085938 0.635742 0.089844 0.638672 0.090820 0.633789 0.088867 0.628906
0 0.743164 0.764648 0.747070 0.769531 0.754883 0.769531 0.750000 0.764648
0 0.865234 0.020508 0.858398 0.020508 0.854492 0.026367 0.862305 0.025391
0 0.584961 0.228516 0.583984 0.232422 0.585938 0.235352 0.592773 0.238281 0.593750 0.236328 0.589844 0.230469
0 0.143555 0.416016 0.146484 0.417969 0.154297 0.416992 0.153320 0.414062
0 0.823242 0.087891 0.818359 0.090820 0.818359 0.101562 0.824219 0.095703
0 0.877930 0.803711 0.875977 0.801758 0.871094 0.803711 0.868164 0.809570 0.872070 0.809570
0 0.318359 0.055664 0.310547 0.056641 0.307617 0.062500 0.315430 0.060547
0 0.514648 0.449219 0.510742 0.449219 0.506836 0.456055 0.512695 0.454102
0 0.002930 0.218750 0.002930 0.220703 0.010742 0.221680 0.008789 0.217773
0 0.082031 0.258789 0.083008 0.263672 0.086914 0.265625 0.086914 0.260742
0 0.092773 0.331055 0.092773 0.337891 0.095703 0.341797 0.098633 0.341797 0.097656 0.333984
0 0.397461 0.395508 0.399414 0.400391 0.406250 0.401367 0.402344 0.395508
0 0.416016 0.470703 0.420898 0.476562 0.429688 0.476562 0.423828 0.469727 0.417969 0.468750
0 0.222656 0.637695 0.214844 0.638672 0.212891 0.643555 0.220703 0.642578
0 0.447266 0.333008 0.450195 0.336914 0.458008 0.335938 0.458008 0.333984 0.453125 0.332031
0 0.294922 0.922852 0.297852 0.927734 0.303711 0.928711 0.299805 0.921875
0 0.239258 0.233398 0.234375 0.233398 0.230469 0.240234 0.236328 0.239258
0 0.333984 0.805664 0.329102 0.808594 0.328125 0.815430 0.332031 0.814453
0 0.150391 0.456055 0.153320 0.460938 0.162109 0.459961 0.156250 0.455078
0 0.701172 0.898438 0.703125 0.903320 0.711914 0.905273 0.708984 0.899414
0 0.680664 0.850586 0.675781 0.853516 0.674805 0.860352 0.679688 0.858398
0 0.790039 0.573242 0.787109 0.577148 0.788086 0.582031 0.791992 0.577148
0 0.221680 0.478516 0.224609 0.483398 0.230469 0.483398 0.228516 0.479492
0 0.871094 0.625977 0.870117 0.629883 0.878906 0.634766 0.879883 0.630859
0 0.010742 0.628906 0.010742 0.634766 0.016602 0.640625 0.017578 0.633789 0.013672 0.628906
0 0.515625 0.578125 0.514648 0.588867 0.517578 0.589844 0.519531 0.584961
0 0.395508 0.541992 0.395508 0.544922 0.398438 0.546875 0.406250 0.546875 0.401367 0.541992
0 0.222656 0.658203 0.223633 0.666016 0.231445 0.669922 0.228516 0.660156
0 0.133789 0.021484 0.133789 0.027344 0.139648 0.030273 0.138672 0.025391
0 0.318359 0.681641 0.319336 0.689453 0.323242 0.690430 0.322266 0.683594
0 0.564453 0.786133 0.568359 0.792969 0.573242 0.791992 0.570312 0.787109
0 0.572266 0.516602 0.570312 0.525391 0.574219 0.528320 0.575195 0.518555
0 0.010742 0.084961 0.004883 0.086914 0.003906 0.091797 0.007812 0.091797
0 0.800781 0.987305 0.804688 0.990234 0.811523 0.990234 0.811523 0.987305 0.807617 0.985352
0 0.564453 0.901367 0.561523 0.900391 0.556641 0.903320 0.554688 0.909180 0.559570 0.909180
0 0.027344 0.501953 0.027344 0.506836 0.031250 0.511719 0.032227 0.504883
0 0.380859 0.712891 0.375000 0.716797 0.375000 0.720703 0.379883 0.718750
0 0.495117 0.304688 0.487305 0.305664 0.485352 0.310547 0.494141 0.308594
0 0.261719 0.125977 0.263672 0.129883 0.270508 0.131836 0.267578 0.125977
0 0.263672 0.587891 0.267578 0.593750 0.273438 0.592773 0.270508 0.588867
0 0.265625 0.056641 0.265625 0.063477 0.269531 0.066406 0.269531 0.058594
0 0.061523 0.772461 0.058594 0.773438 0.057617 0.780273 0.060547 0.779297
0 0.620117 0.825195 0.619141 0.831055 0.625977 0.834961 0.624023 0.827148
0 0.960938 0.200195 0.958008 0.200195 0.956055 0.204102 0.958008 0.212891 0.961914 0.206055
0 0.009766 0.666016 0.014648 0.671875 0.021484 0.671875 0.019531 0.666992
0 0.859375 0.655273 0.860352 0.660156 0.871094 0.662109 0.869141 0.657227
0 0.375000 0.368164 0.372070 0.368164 0.370117 0.372070 0.371094 0.378906 0.375000 0.375000
0 0.455078 0.587891 0.449219 0.588867 0.445312 0.595703 0.450195 0.595703
0 0.625000 0.984375 0.619141 0.988281 0.619141 0.992188 0.623047 0.991211
0 0.458008 0.484375 0.458008 0.488281 0.461914 0.490234 0.471680 0.489258 0.466797 0.484375
0 0.166016 0.372070 0.167969 0.375977 0.175781 0.377930 0.172852 0.372070
0 0.219727 0.186523 0.220703 0.194336 0.224609 0.196289 0.224609 0.190430
0 0.380859 0.536133 0.387695 0.537109 0.393555 0.533203 0.383789 0.532227
0 0.546875 0.422852 0.544922 0.420898 0.540039 0.421875 0.535156 0.427734 0.542969 0.427734