0 0.627930 0.939453 0.627930 0.945312 0.634766 0.949219 0.632812 0.941406
0 0.769531 0.784180 0.763672 0.784180 0.759766 0.791016 0.768555 0.789062
0 0.144531 0.323242 0.138672 0.325195 0.136719 0.333008 0.143555 0.330078
0 0.679688 0.559570 0.681641 0.569336 0.684570 0.570312 0.684570 0.561523
0 0.502930 0.612305 0.498047 0.613281 0.495117 0.620117 0.499023 0.620117
0 0.359375 0.278320 0.357422 0.286133 0.360352 0.288086 0.362305 0.283203
0 0.052734 0.556641 0.053711 0.563477 0.057617 0.566406 0.058594 0.560547
0 0.147461 0.084961 0.147461 0.088867 0.150391 0.091797 0.157227 0.092773 0.154297 0.086914
0 0.325195 0.220703 0.320312 0.225586 0.321289 0.229492 0.325195 0.226562
0 0.801758 0.323242 0.794922 0.326172 0.793945 0.334961 0.800781 0.330078
0 0.269531 0.350586 0.271484 0.353516 0.278320 0.353516 0.276367 0.350586
0 0.508789 0.714844 0.509766 0.723633 0.514648 0.725586 0.512695 0.715820
0 0.942383 0.629883 0.936523 0.631836 0.935547 0.636719 0.939453 0.636719
0 0.552734 0.561523 0.555664 0.565430 0.564453 0.564453 0.562500 0.560547
0 0.935547 0.513672 0.936523 0.521484 0.942383 0.524414 0.941406 0.516602
0 0.838867 0.770508 0.833008 0.770508 0.830078 0.776367 0.837891 0.775391
0 0.745117 0.121094 0.740234 0.123047 0.739258 0.131836 0.744141 0.127930
0 0.235352 0.422852 0.231445 0.426758 0.233398 0.436523 0.236328 0.431641
0 0.925781 0.081055 0.927734 0.086914 0.933594 0.088867 0.933594 0.084961
0 0.321289 0.453125 0.327148 0.458008 0.333984 0.457031 0.330078 0.452148
0 0.774414 0.255859 0.769531 0.253906 0.764648 0.258789 0.769531 0.259766
0 0.516602 0.528320 0.512695 0.530273 0.514648 0.540039 0.517578 0.536133
0 0.601562 0.516602 0.597656 0.518555 0.597656 0.527344 0.601562 0.523438
0 0.899414 0.873047 0.898438 0.876953 0.901367 0.881836 0.907227 0.883789 0.905273 0.875977
0 0.877930 0.828125 0.881836 0.833008 0.889648 0.832031 0.886719 0.828125
0 0.861328 0.292969 0.857422 0.292969 0.851562 0.297852 0.860352 0.296875
0 0.595703 0.765625 0.591797 0.770508 0.593750 0.776367 0.597656 0.772461 0.597656 0.766602
0 0.611328 0.402344 0.607422 0.403320 0.608398 0.413086 0.611328 0.409180
0 0.456055 0.561523 0.458008 0.564453 0.465820 0.562500 0.464844 0.559570
0 0.261719 0.627930 0.265625 0.630859 0.272461 0.630859 0.270508 0.625977 0.263672 0.625977
0 0.678711 0.855469 0.674805 0.858398 0.674805 0.865234 0.678711 0.862305
0 0.783203 0.969727 0.782227 0.977539 0.785156 0.980469 0.787109 0.972656 0.786133 0.969727
0 0.576172 0.428711 0.578125 0.433594 0.584961 0.435547 0.581055 0.428711
0 0.460938 0.730469 0.455078 0.731445 0.451172 0.737305 0.457031 0.737305
0 0.902344 0.376953 0.898438 0.379883 0.897461 0.386719 0.902344 0.384766
0 0.405273 0.422852 0.410156 0.425781 0.416992 0.425781 0.420898 0.421875 0.412109 0.419922
0 0.896484 0.588867 0.889648 0.589844 0.886719 0.595703 0.894531 0.593750
0 0.965820 0.810547 0.960938 0.810547 0.956055 0.816406 0.962891 0.816406
0 0.860352 0.247070 0.858398 0.253906 0.862305 0.257812 0.863281 0.251953