0 0.716797 0.352539 0.716797 0.357422 0.720703 0.362305 0.721680 0.356445
0 0.580078 0.311523 0.572266 0.313477 0.571289 0.317383 0.577148 0.316406
0 0.953125 0.781250 0.949219 0.784180 0.949219 0.792969 0.954102 0.789062 0.955078 0.783203
0 0.826172 0.184570 0.828125 0.190430 0.833984 0.192383 0.833008 0.187500 0.830078 0.184570
0 0.228516 0.044922 0.233398 0.051758 0.239258 0.052734 0.235352 0.044922
0 0.733398 0.058594 0.727539 0.059570 0.722656 0.068359 0.730469 0.066406
0 0.547852 0.618164 0.540039 0.618164 0.538086 0.622070 0.545898 0.621094
0 0.760742 0.345703 0.760742 0.354492 0.763672 0.356445 0.764648 0.348633 0.763672 0.345703
0 0.450195 0.127930 0.450195 0.131836 0.461914 0.134766 0.459961 0.129883
0 0.185547 0.511719 0.190430 0.516602 0.195312 0.514648 0.192383 0.510742
0 0.021484 0.801758 0.023438 0.804688 0.031250 0.804688 0.029297 0.800781
0 0.863281 0.692383 0.865234 0.696289 0.872070 0.697266 0.871094 0.693359
0 0.602539 0.580078 0.595703 0.582031 0.591797 0.588867 0.595703 0.589844 0.601562 0.586914
0 0.876953 0.612305 0.875977 0.621094 0.879883 0.622070 0.879883 0.613281
0 0.684570 0.304688 0.685547 0.307617 0.689453 0.308594 0.697266 0.305664 0.694336 0.302734 0.686523 0.302734
0 0.570312 0.380859 0.574219 0.387695 0.579102 0.386719 0.578125 0.382812
0 0.261719 0.597656 0.264648 0.603516 0.273438 0.604492 0.270508 0.599609
0 0.075195 0.690430 0.078125 0.696289 0.083008 0.697266 0.083984 0.694336 0.081055 0.691406
0 0.316406 0.783203 0.317383 0.790039 0.325195 0.794922 0.323242 0.786133 0.320312 0.783203
0 0.173828 0.740234 0.176758 0.746094 0.180664 0.747070 0.182617 0.745117 0.179688 0.741211
0 0.208008 0.444336 0.202148 0.445312 0.198242 0.452148 0.205078 0.451172 0.208008 0.448242
0 0.359375 0.894531 0.366211 0.894531 0.371094 0.889648 0.363281 0.888672 0.359375 0.891602
0 0.077148 0.355469 0.073242 0.358398 0.074219 0.367188 0.078125 0.362305
0 0.114258 0.394531 0.107422 0.395508 0.103516 0.404297 0.112305 0.401367
0 0.650391 0.766602 0.646484 0.770508 0.647461 0.777344 0.651367 0.773438
0 0.428711 0.138672 0.424805 0.140625 0.424805 0.149414 0.429688 0.144531
0 0.955078 0.722656 0.954102 0.728516 0.958984 0.733398 0.958984 0.726562
0 0.570312 0.410156 0.577148 0.412109 0.581055 0.408203 0.573242 0.407227
0 0.307617 0.271484 0.308594 0.279297 0.312500 0.282227 0.312500 0.273438
0 0.188477 0.467773 0.189453 0.473633 0.195312 0.478516 0.195312 0.470703 0.192383 0.467773
0 0.952148 0.288086 0.953125 0.292969 0.961914 0.294922 0.958984 0.289062
0 0.017578 0.561523 0.020508 0.564453 0.027344 0.562500 0.023438 0.559570
0 0.280273 0.200195 0.281250 0.208008 0.288086 0.210938 0.286133 0.202148
0 0.555664 0.441406 0.556641 0.445312 0.566406 0.444336 0.563477 0.441406
0 0.280273 0.971680 0.283203 0.975586 0.290039 0.975586 0.293945 0.972656 0.289062 0.969727 0.282227 0.969727
0 0.744141 0.564453 0.747070 0.568359 0.755859 0.566406 0.755859 0.564453 0.749023 0.562500
0 0.922852 0.662109 0.919922 0.664062 0.918945 0.671875 0.923828 0.668945
0 0.570312 0.251953 0.562500 0.252930 0.560547 0.257812 0.568359 0.255859
0 0.477539 0.575195 0.472656 0.576172 0.470703 0.580078 0.471680 0.584961 0.476562 0.580078
0 0.164062 0.299805 0.165039 0.304688 0.167969 0.306641 0.171875 0.305664 0.168945 0.300781
0 0.145508 0.352539 0.148438 0.356445 0.154297 0.357422 0.152344 0.352539
0 0.981445 0.944336 0.982422 0.951172 0.989258 0.955078 0.988281 0.947266
0 0.736328 0.625977 0.737305 0.628906 0.747070 0.626953 0.746094 0.624023
0 0.529297 0.472656 0.524414 0.475586 0.524414 0.482422 0.529297 0.479492
0 0.972656 0.753906 0.976562 0.758789 0.983398 0.758789 0.983398 0.755859 0.979492 0.752930
0 0.954102 0.562500 0.959961 0.568359 0.965820 0.567383 0.962891 0.563477
0 0.858398 0.330078 0.853516 0.333008 0.853516 0.340820 0.857422 0.336914
0 0.461914 0.547852 0.458984 0.547852 0.457031 0.550781 0.457031 0.559570 0.462891 0.551758
0 0.811523 0.624023 0.810547 0.631836 0.813477 0.636719 0.815430 0.626953
0 0.820312 0.071289 0.817383 0.071289 0.813477 0.077148 0.817383 0.078125
0 0.217773 0.214844 0.219727 0.217773 0.228516 0.216797 0.222656 0.212891
0 0.171875 0.665039 0.166992 0.669922 0.167969 0.675781 0.171875 0.670898
0 0.526367 0.833984 0.529297 0.839844 0.538086 0.839844 0.534180 0.834961
0 0.326172 0.575195 0.328125 0.579102 0.335938 0.579102 0.330078 0.574219