0 0.063477 0.352539 0.057617 0.356445 0.056641 0.362305 0.062500 0.360352
0 0.301758 0.620117 0.305664 0.627930 0.313477 0.628906 0.313477 0.625000 0.310547 0.622070
0 0.385742 0.701172 0.381836 0.703125 0.383789 0.711914
0 0.302734 0.125977 0.302734 0.130859 0.308594 0.134766 0.307617 0.128906
0 0.481445 0.478516 0.476562 0.479492 0.473633 0.482422 0.473633 0.486328 0.477539 0.486328
0 0.360352 0.135742 0.364258 0.138672 0.371094 0.138672 0.371094 0.135742 0.368164 0.133789
0 0.873047 0.304688 0.870117 0.305664 0.870117 0.313477 0.873047 0.311523
0 0.348633 0.823242 0.350586 0.828125 0.358398 0.829102 0.355469 0.824219
0 0.798828 0.761719 0.798828 0.768555 0.803711 0.772461 0.803711 0.763672
0 0.659180 0.490234 0.655273 0.491211 0.655273 0.500977 0.659180 0.498047
0 0.192383 0.584961 0.198242 0.589844 0.206055 0.588867 0.205078 0.585938 0.200195 0.583984
0 0.256836 0.649414 0.251953 0.656250 0.252930 0.662109 0.256836 0.662109 0.258789 0.657227
0 0.785156 0.737305 0.793945 0.738281 0.797852 0.735352 0.790039 0.733398
0 0.487305 0.223633 0.489258 0.226562 0.496094 0.227539 0.494141 0.222656
0 0.316406 0.688477 0.315430 0.699219 0.318359 0.700195 0.320312 0.689453
0 0.085938 0.880859 0.079102 0.884766 0.079102 0.890625 0.084961 0.886719
0 0.507812 0.286133 0.510742 0.290039 0.519531 0.289062 0.519531 0.287109 0.512695 0.284180
0 0.607422 0.536133 0.601562 0.537109 0.597656 0.542969 0.605469 0.541992
0 0.193359 0.313477 0.185547 0.315430 0.183594 0.320312 0.193359 0.317383
0 0.441406 0.054688 0.434570 0.055664 0.432617 0.059570 0.438477 0.059570
0 0.115234 0.013672 0.115234 0.021484 0.120117 0.023438 0.120117 0.018555
0 0.636719 0.541992 0.632812 0.544922 0.632812 0.551758 0.634766 0.553711 0.637695 0.549805
0 0.758789 0.259766 0.758789 0.263672 0.761719 0.266602 0.769531 0.268555 0.765625 0.261719
0 0.748047 0.108398 0.741211 0.113281 0.742188 0.116211 0.747070 0.114258
0 0.250000 0.162109 0.246094 0.165039 0.245117 0.172852 0.251953 0.168945
0 0.461914 0.505859 0.458008 0.507812 0.458008 0.514648 0.462891 0.510742
0 0.355469 0.477539 0.349609 0.479492 0.348633 0.491211 0.350586 0.492188 0.355469 0.486328
0 0.852539 0.143555 0.858398 0.148438 0.865234 0.147461 0.865234 0.145508 0.857422 0.141602
0 0.801758 0.988281 0.793945 0.988281 0.790039 0.992188 0.799805 0.992188
0 0.383789 0.723633 0.379883 0.724609 0.377930 0.734375 0.382812 0.730469
0 0.978516 0.161133 0.979492 0.168945 0.983398 0.169922 0.982422 0.163086
0 0.781250 0.842773 0.783203 0.848633 0.790039 0.851562 0.789062 0.845703
0 0.549805 0.080078 0.553711 0.083984 0.559570 0.083984 0.560547 0.082031 0.555664 0.078125
0 0.591797 0.476562 0.593750 0.479492 0.602539 0.478516 0.599609 0.474609
0 0.879883 0.283203 0.878906 0.290039 0.882812 0.294922 0.883789 0.285156
0 0.521484 0.681641 0.521484 0.684570 0.531250 0.687500 0.529297 0.682617
0 0.342773 0.646484 0.342773 0.650391 0.347656 0.654297 0.346680 0.647461
0 0.411133 0.648438 0.414062 0.652344 0.420898 0.652344 0.416992 0.647461
0 0.163086 0.280273 0.166992 0.287109 0.171875 0.286133 0.168945 0.282227
0 0.227539 0.165039 0.221680 0.170898 0.220703 0.176758 0.222656 0.181641 0.228516 0.175781
0 0.416016 0.265625 0.407227 0.268555 0.407227 0.271484 0.413086 0.271484
0 0.653320 0.118164 0.655273 0.126953 0.660156 0.127930 0.657227 0.119141