0 0.114258 0.543945 0.109375 0.543945 0.105469 0.551758 0.112305 0.549805
0 0.642578 0.107422 0.638672 0.109375 0.637695 0.118164 0.640625 0.118164 0.643555 0.113281
0 0.095703 0.490234 0.089844 0.489258 0.085938 0.494141 0.092773 0.494141
0 0.130859 0.837891 0.124023 0.838867 0.122070 0.842773 0.129883 0.841797
0 0.312500 0.879883 0.313477 0.885742 0.316406 0.888672 0.320312 0.888672 0.318359 0.881836
0 0.070312 0.101562 0.065430 0.099609 0.059570 0.103516 0.067383 0.105469
0 0.807617 0.624023 0.811523 0.628906 0.818359 0.627930 0.813477 0.623047
0 0.138672 0.051758 0.135742 0.053711 0.134766 0.061523 0.139648 0.059570
0 0.695312 0.248047 0.691406 0.250000 0.690430 0.256836 0.695312 0.252930
0 0.732422 0.662109 0.730469 0.661133 0.725586 0.664062 0.722656 0.670898 0.728516 0.669922
0 0.135742 0.351562 0.132812 0.351562 0.130859 0.354492 0.133789 0.364258 0.136719 0.358398
0 0.451172 0.425781 0.450195 0.435547 0.455078 0.438477 0.456055 0.431641
0 0.536133 0.071289 0.530273 0.072266 0.529297 0.075195 0.534180 0.075195
0 0.981445 0.097656 0.985352 0.102539 0.992188 0.101562 0.990234 0.097656
0 0.131836 0.170898 0.124023 0.176758 0.124023 0.181641 0.131836 0.177734 0.133789 0.173828
0 0.250977 0.394531 0.247070 0.394531 0.244141 0.397461 0.243164 0.404297 0.249023 0.401367
0 0.219727 0.351562 0.215820 0.354492 0.216797 0.363281 0.220703 0.358398
0 0.292969 0.248047 0.293945 0.250977 0.302734 0.249023 0.301758 0.246094
0 0.426758 0.890625 0.421875 0.888672 0.415039 0.894531 0.419922 0.895508
0 0.077148 0.221680 0.072266 0.224609 0.072266 0.233398 0.078125 0.227539
0 0.603516 0.550781 0.596680 0.548828 0.588867 0.552734 0.588867 0.554688 0.596680 0.555664
0 0.823242 0.726562 0.830078 0.728516 0.833984 0.724609 0.826172 0.723633
0 0.974609 0.215820 0.969727 0.220703 0.969727 0.228516 0.975586 0.222656
0 0.704102 0.384766 0.704102 0.390625 0.708008 0.394531 0.711914 0.394531 0.708984 0.386719
0 0.722656 0.781250 0.718750 0.781250 0.715820 0.786133 0.719727 0.786133
0 0.267578 0.136719 0.274414 0.136719 0.278320 0.132812 0.270508 0.131836
0 0.891602 0.252930 0.890625 0.263672 0.893555 0.266602 0.895508 0.264648 0.895508 0.255859
0 0.041016 0.017578 0.037109 0.021484 0.038086 0.029297 0.041992 0.026367
0 0.823242 0.804688 0.820312 0.806641 0.820312 0.814453 0.824219 0.811523
0 0.761719 0.616211 0.755859 0.620117 0.755859 0.625977 0.760742 0.624023
0 0.680664 0.869141 0.678711 0.868164 0.674805 0.871094 0.673828 0.876953 0.678711 0.875000
0 0.653320 0.117188 0.650391 0.117188 0.647461 0.123047 0.649414 0.130859 0.654297 0.123047
0 0.311523 0.049805 0.305664 0.051758 0.303711 0.058594 0.310547 0.055664
0 0.652344 0.451172 0.647461 0.454102 0.646484 0.459961 0.652344 0.457031
0 0.365234 0.500000 0.358398 0.500000 0.356445 0.503906 0.362305 0.503906
0 0.186523 0.712891 0.186523 0.719727 0.192383 0.722656 0.191406 0.715820