0 0.123047 0.175781 0.115234 0.176758 0.113281 0.180664 0.119141 0.180664
0 0.636719 0.424805 0.632812 0.424805 0.629883 0.427734 0.627930 0.435547 0.635742 0.431641
0 0.598633 0.661133 0.602539 0.664062 0.609375 0.663086 0.607422 0.660156
0 0.100586 0.433594 0.094727 0.439453 0.095703 0.447266 0.101562 0.441406 0.102539 0.435547
0 0.078125 0.624023 0.073242 0.624023 0.069336 0.627930 0.074219 0.628906
0 0.063477 0.404297 0.055664 0.405273 0.052734 0.410156 0.062500 0.408203
0 0.781250 0.466797 0.778320 0.468750 0.779297 0.477539 0.782227 0.473633
0 0.240234 0.632812 0.237305 0.633789 0.236328 0.638672 0.238281 0.644531 0.242188 0.640625
0 0.777344 0.902344 0.779297 0.908203 0.785156 0.910156 0.785156 0.906250
0 0.711914 0.893555 0.711914 0.899414 0.718750 0.903320 0.717773 0.895508
0 0.493164 0.154297 0.493164 0.158203 0.497070 0.160156 0.501953 0.159180 0.498047 0.155273
0 0.250977 0.474609 0.250000 0.480469 0.253906 0.484375 0.254883 0.478516
0 0.797852 0.951172 0.797852 0.957031 0.802734 0.959961 0.802734 0.954102
0 0.179688 0.427734 0.184570 0.434570 0.188477 0.433594 0.184570 0.427734
0 0.385742 0.744141 0.381836 0.746094 0.382812 0.753906 0.384766 0.753906 0.386719 0.748047
0 0.013672 0.416016 0.007812 0.416016 0.004883 0.422852 0.012695 0.420898
0 0.762695 0.919922 0.763672 0.922852 0.772461 0.922852 0.770508 0.918945
0 0.757812 0.751953 0.757812 0.757812 0.766602 0.762695 0.765625 0.754883
0 0.362305 0.118164 0.363281 0.123047 0.366211 0.125977 0.370117 0.125977 0.370117 0.122070
0 0.554688 0.210938 0.554688 0.217773 0.558594 0.220703 0.558594 0.213867
0 0.540039 0.958984 0.547852 0.958984 0.549805 0.956055 0.541016 0.955078
0 0.938477 0.926758 0.937500 0.928711 0.941406 0.933594 0.947266 0.934570 0.945312 0.928711
0 0.929688 0.429688 0.923828 0.428711 0.917969 0.434570 0.926758 0.434570 0.929688 0.432617
0 0.173828 0.615234 0.168945 0.618164 0.168945 0.625000 0.172852 0.622070
0 0.368164 0.861328 0.368164 0.868164 0.375000 0.873047 0.373047 0.865234
0 0.716797 0.324219 0.711914 0.328125 0.712891 0.335938 0.715820 0.335938 0.717773 0.331055
0 0.638672 0.665039 0.640625 0.672852 0.645508 0.673828 0.644531 0.668945
0 0.367188 0.313477 0.367188 0.320312 0.373047 0.323242 0.371094 0.315430
0 0.497070 0.901367 0.499023 0.906250 0.507812 0.908203 0.503906 0.901367
0 0.072266 0.062500 0.072266 0.070312 0.078125 0.074219 0.078125 0.066406 0.075195 0.062500
0 0.279297 0.881836 0.283203 0.885742 0.290039 0.883789 0.287109 0.880859
0 0.014648 0.181641 0.014648 0.183594 0.020508 0.186523 0.031250 0.184570 0.030273 0.181641 0.025391 0.179688
0 0.452148 0.425781 0.456055 0.429688 0.463867 0.428711 0.460938 0.424805
0 0.703125 0.912109 0.702148 0.920898 0.706055 0.922852 0.707031 0.915039
0 0.212891 0.621094 0.216797 0.625977 0.220703 0.625977 0.216797 0.620117
0 0.041016 0.185547 0.035156 0.188477 0.035156 0.195312 0.040039 0.191406
0 0.864258 0.853516 0.856445 0.855469 0.854492 0.861328 0.864258 0.858398
0 0.455078 0.263672 0.457031 0.268555 0.464844 0.269531 0.461914 0.264648
0 0.484375 0.439453 0.485352 0.442383 0.494141 0.441406 0.493164 0.437500
0 0.597656 0.678711 0.599609 0.685547 0.607422 0.688477 0.606445 0.682617 0.603516 0.679688
0 0.875000 0.743164 0.874023 0.749023 0.875977 0.753906 0.879883 0.754883 0.879883 0.746094
0 0.100586 0.532227 0.096680 0.533203 0.095703 0.540039 0.100586 0.537109
0 0.572266 0.208008 0.573242 0.213867 0.579102 0.217773 0.578125 0.210938
0 0.359375 0.928711 0.358398 0.936523 0.361328 0.940430 0.363281 0.938477 0.363281 0.930664
0 0.277344 0.366211 0.273438 0.370117 0.273438 0.375000 0.277344 0.374023