0 0.426758 0.576172 0.429688 0.580078 0.437500 0.580078 0.432617 0.575195
0 0.512695 0.118164 0.507812 0.122070 0.506836 0.128906 0.512695 0.125977
0 0.627930 0.734375 0.631836 0.739258 0.638672 0.739258 0.634766 0.734375
0 0.781250 0.310547 0.773438 0.312500 0.772461 0.317383 0.778320 0.316406
0 0.392578 0.490234 0.395508 0.495117 0.402344 0.495117 0.399414 0.490234
0 0.355469 0.065430 0.357422 0.071289 0.366211 0.074219 0.363281 0.067383
0 0.449219 0.232422 0.452148 0.237305 0.461914 0.237305 0.461914 0.234375 0.457031 0.231445
0 0.512695 0.795898 0.507812 0.796875 0.504883 0.803711 0.510742 0.802734
0 0.950195 0.833008 0.950195 0.837891 0.956055 0.841797 0.955078 0.834961
0 0.108398 0.791016 0.103516 0.796875 0.105469 0.804688 0.109375 0.799805
0 0.395508 0.639648 0.395508 0.642578 0.398438 0.644531 0.407227 0.644531 0.404297 0.640625
0 0.645508 0.402344 0.648438 0.411133 0.653320 0.413086 0.653320 0.406250 0.649414 0.402344
0 0.225586 0.113281 0.228516 0.117188 0.239258 0.118164 0.239258 0.115234 0.233398 0.111328 0.226562 0.111328
0 0.936523 0.695312 0.934570 0.702148 0.938477 0.708008 0.940430 0.698242
0 0.168945 0.524414 0.169922 0.530273 0.177734 0.534180 0.178711 0.532227 0.175781 0.527344
0 0.667969 0.719727 0.670898 0.724609 0.677734 0.724609 0.675781 0.720703
0 0.289062 0.295898 0.292969 0.301758 0.300781 0.302734 0.299805 0.297852
0 0.377930 0.445312 0.374023 0.448242 0.375977 0.456055 0.378906 0.453125
0 0.072266 0.910156 0.064453 0.911133 0.061523 0.916992 0.070312 0.915039
0 0.839844 0.874023 0.834961 0.875000 0.834961 0.882812 0.838867 0.879883
0 0.563477 0.768555 0.564453 0.773438 0.567383 0.775391 0.571289 0.774414 0.568359 0.769531
0 0.361328 0.008789 0.356445 0.013672 0.356445 0.019531 0.361328 0.017578
0 0.626953 0.079102 0.627930 0.084961 0.633789 0.086914 0.632812 0.081055
0 0.580078 0.077148 0.571289 0.080078 0.571289 0.083008 0.577148 0.083008
0 0.926758 0.155273 0.924805 0.162109 0.928711 0.168945 0.930664 0.159180
0 0.367188 0.083008 0.369141 0.091797 0.374023 0.094727 0.374023 0.086914
0 0.259766 0.104492 0.254883 0.106445 0.253906 0.113281 0.257812 0.112305
0 0.790039 0.443359 0.782227 0.443359 0.779297 0.447266 0.788086 0.447266
0 0.309570 0.008789 0.308594 0.013672 0.312500 0.019531 0.313477 0.011719
0 0.862305 0.679688 0.861328 0.687500 0.866211 0.690430 0.867188 0.684570
0 0.362305 0.670898 0.363281 0.674805 0.372070 0.676758 0.369141 0.671875
0 0.751953 0.086914 0.752930 0.091797 0.755859 0.093750 0.760742 0.092773 0.756836 0.087891
0 0.004883 0.273438 0.006836 0.277344 0.013672 0.278320 0.012695 0.274414
0 0.912109 0.053711 0.915039 0.058594 0.923828 0.059570 0.919922 0.053711 0.916016 0.051758
0 0.021484 0.524414 0.024414 0.529297 0.030273 0.530273 0.026367 0.523438
0 0.070312 0.836914 0.065430 0.838867 0.065430 0.845703 0.069336 0.842773
0 0.648438 0.931641 0.640625 0.932617 0.636719 0.939453 0.644531 0.938477
0 0.938477 0.083008 0.937500 0.090820 0.940430 0.092773 0.941406 0.085938
0 0.848633 0.315430 0.849609 0.320312 0.857422 0.324219 0.856445 0.318359
0 0.968750 0.018555 0.964844 0.018555 0.961914 0.021484 0.960938 0.027344 0.965820 0.026367
0 0.257812 0.696289 0.257812 0.701172 0.262695 0.704102 0.261719 0.698242
0 0.299805 0.902344 0.293945 0.903320 0.291016 0.908203 0.295898 0.908203
0 0.422852 0.278320 0.417969 0.276367 0.413086 0.278320 0.413086 0.280273 0.418945 0.281250
0 0.368164 0.012695 0.368164 0.016602 0.375000 0.019531 0.374023 0.015625
0 0.271484 0.910156 0.265625 0.914062 0.264648 0.918945 0.266602 0.919922 0.271484 0.916016
0 0.616211 0.413086 0.613281 0.422852 0.618164 0.427734 0.619141 0.416016
0 0.183594 0.417969 0.181641 0.420898 0.182617 0.426758 0.187500 0.431641 0.188477 0.421875
0 0.062500 0.226562 0.065430 0.229492 0.075195 0.228516 0.075195 0.226562 0.068359 0.223633
0 0.955078 0.206055 0.951172 0.208984 0.951172 0.217773 0.957031 0.211914
0 0.427734 0.601562 0.431641 0.606445 0.437500 0.606445 0.436523 0.602539
0 0.293945 0.503906 0.291992 0.510742 0.292969 0.514648 0.295898 0.514648 0.297852 0.507812
0 0.980469 0.723633 0.974609 0.724609 0.971680 0.730469 0.979492 0.728516