0 0.506836 0.637695 0.510742 0.641602 0.516602 0.641602 0.517578 0.639648 0.512695 0.635742
0 0.611328 0.959961 0.608398 0.959961 0.605469 0.963867 0.606445 0.972656 0.611328 0.965820
0 0.319336 0.665039 0.318359 0.669922 0.322266 0.673828 0.323242 0.669922
0 0.953125 0.815430 0.955078 0.824219 0.959961 0.827148 0.959961 0.819336
0 0.108398 0.551758 0.109375 0.554688 0.113281 0.555664 0.120117 0.552734 0.114258 0.549805
0 0.013672 0.899414 0.015625 0.907227 0.021484 0.909180 0.020508 0.902344
0 0.100586 0.702148 0.095703 0.703125 0.092773 0.708984 0.098633 0.708008
0 0.014648 0.576172 0.011719 0.578125 0.011719 0.585938 0.015625 0.583008
0 0.756836 0.465820 0.751953 0.468750 0.750000 0.476562 0.755859 0.472656
0 0.515625 0.661133 0.515625 0.664062 0.520508 0.668945 0.524414 0.669922 0.526367 0.667969 0.522461 0.662109
0 0.025391 0.712891 0.034180 0.713867 0.039062 0.709961 0.031250 0.708008 0.025391 0.710938
0 0.442383 0.951172 0.442383 0.958984 0.445312 0.959961 0.446289 0.953125
0 0.056641 0.229492 0.053711 0.229492 0.050781 0.233398 0.049805 0.241211 0.054688 0.239258 0.057617 0.233398
0 0.153320 0.609375 0.149414 0.608398 0.144531 0.611328 0.142578 0.617188 0.150391 0.615234
0 0.825195 0.721680 0.828125 0.727539 0.833984 0.727539 0.831055 0.722656
0 0.498047 0.684570 0.488281 0.684570 0.485352 0.686523 0.485352 0.690430 0.492188 0.690430
0 0.029297 0.176758 0.030273 0.186523 0.036133 0.188477 0.034180 0.179688
0 0.615234 0.726562 0.609375 0.734375 0.610352 0.739258 0.613281 0.739258 0.616211 0.735352 0.617188 0.729492
0 0.124023 0.824219 0.125000 0.831055 0.129883 0.833984 0.128906 0.827148
0 0.627930 0.173828 0.623047 0.174805 0.619141 0.181641 0.624023 0.181641
0 0.963867 0.468750 0.958008 0.466797 0.952148 0.469727 0.951172 0.473633 0.959961 0.472656
0 0.276367 0.534180 0.274414 0.538086 0.279297 0.544922 0.280273 0.536133
0 0.426758 0.596680 0.435547 0.596680 0.438477 0.593750 0.437500 0.591797 0.430664 0.591797 0.426758 0.593750
0 0.898438 0.252930 0.892578 0.252930 0.888672 0.259766 0.896484 0.257812
0 0.922852 0.732422 0.922852 0.737305 0.929688 0.741211 0.928711 0.735352
0 0.981445 0.409180 0.981445 0.416992 0.989258 0.420898 0.987305 0.413086
0 0.954102 0.729492 0.950195 0.731445 0.951172 0.741211 0.955078 0.735352
0 0.027344 0.908203 0.026367 0.912109 0.035156 0.916992 0.036133 0.913086
0 0.716797 0.115234 0.716797 0.119141 0.724609 0.123047 0.722656 0.117188
0 0.510742 0.047852 0.506836 0.048828 0.505859 0.057617 0.510742 0.054688
0 0.173828 0.942383 0.171875 0.942383 0.167969 0.949219 0.169922 0.955078 0.174805 0.948242
0 0.922852 0.236328 0.925781 0.241211 0.933594 0.241211 0.928711 0.236328
0 0.829102 0.949219 0.829102 0.956055 0.833984 0.959961 0.833984 0.952148 0.832031 0.949219
0 0.356445 0.711914 0.355469 0.720703 0.359375 0.724609 0.360352 0.716797
0 0.068359 0.549805 0.063477 0.552734 0.062500 0.560547 0.067383 0.558594
0 0.647461 0.600586 0.646484 0.605469 0.652344 0.610352 0.650391 0.602539
0 0.102539 0.348633 0.106445 0.354492 0.113281 0.354492 0.111328 0.350586
0 0.979492 0.750000 0.979492 0.755859 0.984375 0.760742 0.985352 0.751953