0 0.249023 0.958984 0.257812 0.959961 0.261719 0.955078 0.252930 0.955078
0 0.300781 0.171875 0.302734 0.178711 0.308594 0.181641 0.308594 0.174805
0 0.897461 0.820312 0.899414 0.825195 0.908203 0.827148 0.905273 0.821289
0 0.784180 0.278320 0.783203 0.286133 0.787109 0.289062 0.788086 0.283203
0 0.775391 0.463867 0.779297 0.466797 0.786133 0.466797 0.784180 0.462891
0 0.957031 0.942383 0.956055 0.949219 0.959961 0.954102 0.960938 0.945312
0 0.837891 0.874023 0.843750 0.874023 0.848633 0.869141 0.840820 0.869141 0.837891 0.871094
0 0.137695 0.896484 0.129883 0.898438 0.127930 0.905273 0.134766 0.903320
0 0.812500 0.275391 0.818359 0.276367 0.822266 0.271484 0.815430 0.271484
0 0.602539 0.962891 0.601562 0.969727 0.605469 0.975586 0.606445 0.965820
0 0.244141 0.097656 0.244141 0.099609 0.250977 0.099609 0.252930 0.095703
0 0.194336 0.966797 0.187500 0.970703 0.187500 0.975586 0.193359 0.972656
0 0.419922 0.063477 0.428711 0.063477 0.432617 0.058594 0.423828 0.058594
0 0.782227 0.058594 0.779297 0.061523 0.780273 0.069336 0.784180 0.066406
0 0.520508 0.444336 0.519531 0.451172 0.521484 0.455078 0.524414 0.455078 0.524414 0.447266
0 0.410156 0.475586 0.411133 0.478516 0.418945 0.477539 0.418945 0.473633
0 0.747070 0.422852 0.743164 0.425781 0.743164 0.433594 0.747070 0.430664
0 0.767578 0.614258 0.767578 0.623047 0.770508 0.623047 0.770508 0.615234
0 0.325195 0.592773 0.327148 0.602539 0.332031 0.604492 0.331055 0.596680 0.328125 0.592773
0 0.701172 0.691406 0.693359 0.691406 0.691406 0.695312 0.699219 0.694336
0 0.543945 0.377930 0.546875 0.381836 0.555664 0.381836 0.551758 0.376953 0.545898 0.375977
0 0.877930 0.530273 0.877930 0.533203 0.880859 0.534180 0.887695 0.533203 0.885742 0.529297
0 0.943359 0.322266 0.944336 0.325195 0.953125 0.324219 0.950195 0.321289
0 0.497070 0.464844 0.490234 0.464844 0.487305 0.471680 0.494141 0.469727
0 0.508789 0.576172 0.510742 0.579102 0.518555 0.578125 0.516602 0.575195
0 0.681641 0.134766 0.685547 0.138672 0.695312 0.138672 0.693359 0.133789