0 0.832031 0.979492 0.833008 0.982422 0.841797 0.982422 0.839844 0.978516
0 0.313477 0.830078 0.312500 0.838867 0.315430 0.842773 0.317383 0.832031
0 0.378906 0.306641 0.372070 0.307617 0.368164 0.310547 0.367188 0.314453 0.375000 0.313477
0 0.061523 0.493164 0.060547 0.503906 0.063477 0.505859 0.065430 0.494141
0 0.897461 0.322266 0.898438 0.328125 0.906250 0.332031 0.904297 0.325195
0 0.369141 0.275391 0.369141 0.280273 0.374023 0.285156 0.374023 0.278320
0 0.832031 0.122070 0.827148 0.125000 0.826172 0.130859 0.831055 0.128906
0 0.126953 0.421875 0.130859 0.427734 0.138672 0.427734 0.134766 0.421875
0 0.232422 0.476562 0.234375 0.483398 0.241211 0.486328 0.240234 0.480469
0 0.726562 0.088867 0.729492 0.093750 0.736328 0.095703 0.738281 0.093750 0.732422 0.087891 0.728516 0.086914
0 0.503906 0.418945 0.498047 0.418945 0.494141 0.424805 0.501953 0.422852
0 0.433594 0.455078 0.425781 0.455078 0.423828 0.458984 0.428711 0.459961
0 0.367188 0.364258 0.367188 0.366211 0.372070 0.368164 0.376953 0.367188 0.376953 0.364258 0.374023 0.363281
0 0.526367 0.124023 0.526367 0.127930 0.531250 0.133789 0.530273 0.125000
0 0.308594 0.147461 0.313477 0.151367 0.320312 0.151367 0.314453 0.145508 0.309570 0.145508
0 0.745117 0.507812 0.739258 0.507812 0.734375 0.515625 0.742188 0.513672
0 0.849609 0.308594 0.841797 0.308594 0.839844 0.312500 0.846680 0.312500
0 0.132812 0.153320 0.127930 0.155273 0.126953 0.163086 0.131836 0.160156
0 0.179688 0.857422 0.186523 0.863281 0.192383 0.862305 0.188477 0.857422
0 0.174805 0.505859 0.178711 0.512695 0.183594 0.513672 0.178711 0.505859
0 0.170898 0.356445 0.166016 0.355469 0.162109 0.359375 0.165039 0.360352
0 0.077148 0.738281 0.076172 0.744141 0.081055 0.751953 0.083008 0.748047 0.082031 0.741211
0 0.674805 0.626953 0.674805 0.629883 0.678711 0.632812 0.687500 0.632812 0.680664 0.625977
0 0.063477 0.141602 0.070312 0.141602 0.073242 0.137695 0.067383 0.136719 0.063477 0.138672
0 0.766602 0.588867 0.769531 0.593750 0.774414 0.593750 0.772461 0.588867
0 0.451172 0.543945 0.446289 0.545898 0.445312 0.553711 0.450195 0.549805
0 0.392578 0.953125 0.396484 0.958008 0.403320 0.957031 0.400391 0.953125
0 0.570312 0.449219 0.572266 0.452148 0.579102 0.452148 0.582031 0.450195 0.582031 0.447266 0.572266 0.447266
0 0.530273 0.916992 0.524414 0.917969 0.521484 0.923828 0.529297 0.921875
0 0.524414 0.429688 0.520508 0.432617 0.520508 0.439453 0.523438 0.439453 0.525391 0.436523
0 0.839844 0.183594 0.845703 0.189453 0.851562 0.190430 0.856445 0.188477 0.850586 0.182617
0 0.038086 0.589844 0.034180 0.592773 0.034180 0.601562 0.039062 0.597656 0.040039 0.592773
0 0.260742 0.518555 0.270508 0.520508 0.271484 0.516602 0.263672 0.515625
0 0.918945 0.979492 0.920898 0.983398 0.927734 0.983398 0.929688 0.981445 0.925781 0.978516
0 0.845703 0.806641 0.841797 0.809570 0.842773 0.818359 0.846680 0.814453
0 0.408203 0.406250 0.404297 0.408203 0.404297 0.416992 0.408203 0.414062
0 0.675781 0.143555 0.675781 0.149414 0.680664 0.154297 0.680664 0.146484 0.678711 0.143555
0 0.976562 0.774414 0.976562 0.780273 0.980469 0.785156 0.982422 0.778320
0 0.088867 0.583008 0.089844 0.588867 0.096680 0.591797 0.095703 0.586914
0 0.385742 0.190430 0.379883 0.191406 0.376953 0.199219 0.381836 0.198242
0 0.475586 0.587891 0.477539 0.590820 0.484375 0.590820 0.482422 0.586914
0 0.448242 0.225586 0.450195 0.232422 0.455078 0.233398 0.454102 0.228516
0 0.649414 0.266602 0.649414 0.273438 0.651367 0.277344 0.654297 0.277344 0.654297 0.270508
0 0.274414 0.772461 0.269531 0.774414 0.268555 0.780273 0.272461 0.779297
0 0.322266 0.553711 0.317383 0.556641 0.316406 0.561523 0.323242 0.557617
0 0.311523 0.120117 0.302734 0.123047 0.302734 0.125977 0.308594 0.125977
0 0.765625 0.018555 0.770508 0.022461 0.775391 0.021484 0.773438 0.017578
0 0.363281 0.864258 0.357422 0.867188 0.356445 0.875000 0.362305 0.873047
0 0.676758 0.297852 0.675781 0.307617 0.679688 0.309570 0.680664 0.301758
0 0.910156 0.670898 0.910156 0.678711 0.912109 0.681641 0.916016 0.681641 0.916016 0.675781
0 0.559570 0.371094 0.560547 0.378906 0.567383 0.382812 0.568359 0.379883 0.565430 0.373047
0 0.674805 0.506836 0.676758 0.512695 0.682617 0.515625 0.682617 0.509766
0 0.831055 0.073242 0.826172 0.076172 0.825195 0.082031 0.831055 0.078125
0 0.967773 0.009766 0.971680 0.016602 0.977539 0.017578 0.974609 0.010742
0 0.621094 0.414062 0.614258 0.411133 0.606445 0.413086 0.611328 0.416992
0 0.505859 0.081055 0.499023 0.084961 0.498047 0.090820 0.503906 0.088867
0 0.807617 0.609375 0.801758 0.612305 0.800781 0.618164 0.806641 0.615234
0 0.490234 0.605469 0.493164 0.613281 0.497070 0.614258 0.497070 0.609375
0 0.484375 0.919922 0.479492 0.919922 0.475586 0.924805 0.482422 0.924805
0 0.527344 0.942383 0.530273 0.945312 0.538086 0.943359 0.535156 0.940430
0 0.422852 0.933594 0.417969 0.938477 0.417969 0.944336 0.422852 0.942383
0 0.885742 0.180664 0.887695 0.185547 0.894531 0.187500 0.889648 0.179688
0 0.554688 0.915039 0.556641 0.918945 0.564453 0.919922 0.560547 0.915039
0 0.326172 0.013672 0.326172 0.022461 0.329102 0.024414 0.330078 0.015625
0 0.848633 0.702148 0.842773 0.709961 0.842773 0.714844 0.844727 0.715820 0.850586 0.707031
0 0.704102 0.572266 0.699219 0.574219 0.696289 0.582031 0.704102 0.578125
0 0.631836 0.609375 0.631836 0.615234 0.635742 0.619141 0.639648 0.619141 0.636719 0.611328
0 0.800781 0.416992 0.795898 0.416016 0.791016 0.420898 0.798828 0.420898
0 0.888672 0.757812 0.891602 0.763672 0.898438 0.764648 0.895508 0.758789
0 0.380859 0.892578 0.375977 0.896484 0.375977 0.902344 0.380859 0.900391
0 0.489258 0.741211 0.492188 0.747070 0.501953 0.748047 0.500000 0.743164