0 0.908203 0.601562 0.902344 0.601562 0.898438 0.606445 0.904297 0.606445
0 0.046875 0.585938 0.041016 0.589844 0.041016 0.598633 0.046875 0.593750
0 0.625977 0.123047 0.630859 0.129883 0.639648 0.129883 0.636719 0.125000
0 0.305664 0.395508 0.305664 0.397461 0.312500 0.400391 0.321289 0.398438 0.321289 0.395508 0.318359 0.393555
0 0.178711 0.337891 0.179688 0.345703 0.185547 0.349609 0.183594 0.339844
0 0.324219 0.413086 0.319336 0.416016 0.318359 0.422852 0.324219 0.419922
0 0.762695 0.294922 0.764648 0.299805 0.773438 0.300781 0.771484 0.296875
0 0.622070 0.105469 0.624023 0.109375 0.630859 0.110352 0.628906 0.106445
0 0.466797 0.861328 0.465820 0.872070 0.469727 0.875977 0.471680 0.867188 0.469727 0.862305
0 0.057617 0.921875 0.052734 0.922852 0.049805 0.928711 0.050781 0.931641 0.056641 0.928711
0 0.859375 0.712891 0.860352 0.718750 0.868164 0.722656 0.866211 0.715820
0 0.870117 0.322266 0.870117 0.328125 0.875000 0.331055 0.875000 0.324219
0 0.708984 0.966797 0.712891 0.973633 0.718750 0.974609 0.715820 0.967773
0 0.379883 0.622070 0.381836 0.626953 0.389648 0.627930 0.384766 0.622070
0 0.271484 0.343750 0.263672 0.344727 0.260742 0.351562 0.269531 0.348633
0 0.208008 0.496094 0.202148 0.498047 0.200195 0.504883 0.208008 0.500977
0 0.797852 0.152344 0.797852 0.155273 0.801758 0.157227 0.808594 0.156250 0.808594 0.153320 0.804688 0.151367
0 0.271484 0.368164 0.271484 0.374023 0.278320 0.377930 0.276367 0.370117
0 0.151367 0.427734 0.151367 0.430664 0.155273 0.432617 0.164062 0.430664 0.157227 0.426758
0 0.921875 0.519531 0.920898 0.525391 0.926758 0.531250 0.926758 0.524414
0 0.622070 0.226562 0.623047 0.231445 0.628906 0.234375 0.627930 0.228516
0 0.815430 0.163086 0.815430 0.166016 0.826172 0.165039 0.823242 0.162109
0 0.739258 0.624023 0.741211 0.627930 0.748047 0.629883 0.747070 0.625000
0 0.614258 0.298828 0.611328 0.298828 0.609375 0.301758 0.610352 0.310547 0.614258 0.307617
0 0.550781 0.541992 0.555664 0.548828 0.558594 0.548828 0.556641 0.542969
0 0.628906 0.926758 0.632812 0.931641 0.639648 0.930664 0.636719 0.926758
0 0.104492 0.632812 0.111328 0.633789 0.117188 0.629883 0.115234 0.627930 0.108398 0.627930 0.104492 0.629883
0 0.735352 0.054688 0.737305 0.061523 0.742188 0.062500 0.741211 0.057617
0 0.612305 0.831055 0.606445 0.834961 0.605469 0.841797 0.611328 0.838867
0 0.787109 0.401367 0.786133 0.408203 0.789062 0.413086 0.791992 0.413086 0.791992 0.407227
0 0.883789 0.881836 0.875977 0.889648 0.880859 0.889648 0.883789 0.886719
0 0.882812 0.948242 0.877930 0.949219 0.875977 0.957031 0.881836 0.953125
0 0.791992 0.860352 0.791016 0.869141 0.792969 0.872070 0.794922 0.863281
0 0.870117 0.837891 0.865234 0.838867 0.863281 0.848633 0.869141 0.844727
0 0.175781 0.155273 0.170898 0.157227 0.168945 0.161133 0.169922 0.166016 0.174805 0.162109
0 0.716797 0.635742 0.720703 0.643555 0.728516 0.644531 0.724609 0.637695
0 0.896484 0.148438 0.888672 0.148438 0.883789 0.155273 0.894531 0.153320
0 0.672852 0.043945 0.672852 0.045898 0.683594 0.044922 0.682617 0.041992
0 0.534180 0.736328 0.536133 0.739258 0.543945 0.738281 0.541992 0.735352
0 0.562500 0.715820 0.554688 0.716797 0.551758 0.718750 0.550781 0.723633 0.557617 0.723633
0 0.710938 0.448242 0.707031 0.447266 0.700195 0.453125 0.705078 0.454102
0 0.550781 0.185547 0.545898 0.186523 0.544922 0.194336 0.549805 0.191406
0 0.159180 0.656250 0.156250 0.658203 0.156250 0.666016 0.160156 0.663086
0 0.634766 0.577148 0.633789 0.584961 0.637695 0.588867 0.638672 0.579102
0 0.416992 0.961914 0.409180 0.961914 0.406250 0.967773 0.414062 0.966797
0 0.045898 0.839844 0.046875 0.843750 0.050781 0.845703 0.057617 0.844727 0.054688 0.840820
0 0.595703 0.879883 0.598633 0.885742 0.604492 0.886719 0.601562 0.880859
0 0.853516 0.294922 0.850586 0.296875 0.850586 0.303711 0.854492 0.301758
0 0.339844 0.631836 0.334961 0.634766 0.334961 0.642578 0.339844 0.638672
0 0.921875 0.960938 0.924805 0.964844 0.932617 0.964844 0.931641 0.960938
0 0.218750 0.731445 0.217773 0.735352 0.220703 0.741211 0.222656 0.741211 0.223633 0.735352 0.221680 0.731445
0 0.020508 0.974609 0.020508 0.976562 0.024414 0.977539 0.030273 0.975586 0.029297 0.973633
0 0.905273 0.661133 0.896484 0.663086 0.894531 0.667969 0.902344 0.666992 0.905273 0.665039
0 0.333984 0.279297 0.332031 0.286133 0.335938 0.290039 0.336914 0.282227
0 0.832031 0.914062 0.830078 0.922852 0.833984 0.924805 0.835938 0.916992 0.834961 0.914062
0 0.898438 0.302734 0.899414 0.308594 0.905273 0.311523 0.903320 0.303711
0 0.112305 0.665039 0.114258 0.667969 0.124023 0.667969 0.121094 0.664062 0.116211 0.663086
0 0.228516 0.601562 0.228516 0.607422 0.233398 0.611328 0.233398 0.606445
0 0.447266 0.472656 0.442383 0.474609 0.442383 0.480469 0.447266 0.477539
0 0.200195 0.475586 0.201172 0.478516 0.208984 0.477539 0.208008 0.475586