0 0.912109 0.105469 0.906250 0.106445 0.903320 0.111328 0.908203 0.111328
0 0.681641 0.587891 0.677734 0.587891 0.673828 0.593750 0.679688 0.592773
0 0.847656 0.966797 0.848633 0.974609 0.853516 0.976562 0.852539 0.968750
0 0.812500 0.581055 0.806641 0.584961 0.805664 0.593750 0.812500 0.589844
0 0.238281 0.673828 0.240234 0.678711 0.249023 0.680664 0.245117 0.673828
0 0.764648 0.327148 0.767578 0.333984 0.776367 0.335938 0.773438 0.329102
0 0.482422 0.317383 0.483398 0.325195 0.489258 0.328125 0.487305 0.319336
0 0.307617 0.375977 0.301758 0.375977 0.297852 0.380859 0.301758 0.381836
0 0.666992 0.011719 0.667969 0.015625 0.676758 0.016602 0.674805 0.012695
0 0.815430 0.920898 0.823242 0.919922 0.826172 0.917969 0.826172 0.915039 0.817383 0.916016
0 0.611328 0.888672 0.605469 0.891602 0.603516 0.900391 0.610352 0.897461
0 0.765625 0.348633 0.757812 0.351562 0.754883 0.360352 0.763672 0.355469
0 0.227539 0.573242 0.224609 0.576172 0.225586 0.585938 0.228516 0.585938 0.230469 0.583008
0 0.066406 0.205078 0.067383 0.210938 0.073242 0.213867 0.072266 0.206055
0 0.522461 0.906250 0.516602 0.907227 0.514648 0.912109 0.520508 0.911133
0 0.083008 0.959961 0.083008 0.961914 0.089844 0.962891 0.095703 0.960938 0.092773 0.957031
0 0.422852 0.367188 0.417969 0.368164 0.416016 0.374023 0.418945 0.374023
0 0.896484 0.019531 0.896484 0.023438 0.900391 0.027344 0.905273 0.028320 0.904297 0.022461
0 0.958008 0.608398 0.958984 0.615234 0.962891 0.619141 0.967773 0.620117 0.965820 0.611328
0 0.969727 0.949219 0.971680 0.953125 0.979492 0.951172 0.975586 0.948242
0 0.342773 0.961914 0.336914 0.962891 0.334961 0.967773 0.340820 0.966797
0 0.632812 0.672852 0.632812 0.678711 0.636719 0.680664 0.636719 0.675781
0 0.383789 0.245117 0.383789 0.252930 0.387695 0.254883 0.387695 0.246094
0 0.372070 0.380859 0.366211 0.381836 0.363281 0.388672 0.370117 0.386719
0 0.096680 0.251953 0.098633 0.256836 0.106445 0.257812 0.101562 0.251953
0 0.541016 0.476562 0.543945 0.481445 0.549805 0.483398 0.552734 0.481445 0.544922 0.474609
0 0.618164 0.923828 0.615234 0.925781 0.615234 0.932617 0.618164 0.930664
0 0.313477 0.146484 0.312500 0.154297 0.316406 0.159180 0.317383 0.149414
0 0.740234 0.140625 0.735352 0.143555 0.735352 0.152344 0.740234 0.147461
0 0.087891 0.155273 0.081055 0.159180 0.081055 0.166016 0.085938 0.164062
0 0.833984 0.310547 0.837891 0.315430 0.844727 0.315430 0.844727 0.312500 0.840820 0.309570
0 0.333984 0.226562 0.336914 0.231445 0.341797 0.232422 0.336914 0.225586
0 0.079102 0.027344 0.072266 0.032227 0.072266 0.036133 0.078125 0.033203
0 0.823242 0.625000 0.825195 0.627930 0.833008 0.626953 0.832031 0.624023
0 0.977539 0.562500 0.980469 0.567383 0.987305 0.568359 0.985352 0.563477
0 0.749023 0.928711 0.748047 0.935547 0.752930 0.939453 0.752930 0.931641
0 0.433594 0.950195 0.437500 0.954102 0.447266 0.952148 0.442383 0.949219
0 0.652344 0.260742 0.652344 0.266602 0.658203 0.270508 0.658203 0.264648
0 0.619141 0.363281 0.619141 0.370117 0.623047 0.374023 0.624023 0.368164
0 0.874023 0.971680 0.877930 0.974609 0.885742 0.973633 0.883789 0.969727
0 0.068359 0.516602 0.069336 0.521484 0.075195 0.525391 0.075195 0.519531
0 0.823242 0.388672 0.825195 0.393555 0.831055 0.394531 0.830078 0.390625
0 0.056641 0.921875 0.051758 0.922852 0.049805 0.929688 0.057617 0.925781
0 0.089844 0.190430 0.088867 0.197266 0.092773 0.199219 0.092773 0.191406
0 0.965820 0.313477 0.957031 0.315430 0.954102 0.321289 0.959961 0.322266 0.963867 0.320312