0 0.907227 0.577148 0.911133 0.581055 0.919922 0.581055 0.919922 0.578125 0.916992 0.576172
0 0.758789 0.110352 0.755859 0.115234 0.755859 0.123047 0.758789 0.126953 0.761719 0.121094
0 0.718750 0.545898 0.718750 0.549805 0.726562 0.554688 0.725586 0.546875 0.722656 0.544922
0 0.142578 0.681641 0.144531 0.684570 0.153320 0.683594 0.151367 0.680664
0 0.967773 0.969727 0.967773 0.974609 0.972656 0.979492 0.972656 0.971680
0 0.165039 0.296875 0.166992 0.298828 0.175781 0.297852 0.169922 0.293945
0 0.586914 0.281250 0.579102 0.281250 0.577148 0.285156 0.582031 0.286133
0 0.710938 0.849609 0.709961 0.859375 0.712891 0.861328 0.714844 0.852539 0.713867 0.849609
0 0.518555 0.954102 0.514648 0.955078 0.514648 0.963867 0.518555 0.960938
0 0.132812 0.183594 0.135742 0.190430 0.141602 0.191406 0.139648 0.185547
0 0.598633 0.914062 0.597656 0.921875 0.600586 0.924805 0.602539 0.916992 0.601562 0.914062
0 0.349609 0.064453 0.354492 0.068359 0.361328 0.067383 0.356445 0.062500 0.350586 0.062500
0 0.961914 0.782227 0.962891 0.790039 0.967773 0.792969 0.967773 0.785156
0 0.519531 0.791992 0.517578 0.793945 0.519531 0.800781 0.526367 0.804688 0.525391 0.796875
0 0.484375 0.020508 0.479492 0.020508 0.475586 0.027344 0.481445 0.026367
0 0.250977 0.723633 0.245117 0.726562 0.244141 0.731445 0.247070 0.732422 0.250000 0.729492
0 0.893555 0.132812 0.897461 0.137695 0.906250 0.137695 0.903320 0.132812
0 0.683594 0.011719 0.686523 0.018555 0.691406 0.018555 0.690430 0.013672
0 0.678711 0.888672 0.678711 0.897461 0.683594 0.901367 0.684570 0.892578
0 0.908203 0.522461 0.910156 0.526367 0.916992 0.526367 0.911133 0.521484
0 0.034180 0.614258 0.034180 0.617188 0.038086 0.619141 0.043945 0.618164 0.041016 0.614258
0 0.954102 0.677734 0.948242 0.680664 0.947266 0.687500 0.953125 0.684570
0 0.549805 0.011719 0.550781 0.015625 0.558594 0.016602 0.556641 0.012695
0 0.213867 0.820312 0.208984 0.823242 0.208984 0.830078 0.212891 0.829102
0 0.925781 0.945312 0.925781 0.948242 0.929688 0.950195 0.934570 0.949219 0.929688 0.944336
0 0.291016 0.935547 0.289062 0.944336 0.292969 0.945312 0.293945 0.938477
0 0.698242 0.686523 0.697266 0.695312 0.700195 0.696289 0.701172 0.688477
0 0.439453 0.171875 0.441406 0.179688 0.448242 0.182617 0.446289 0.173828
0 0.205078 0.917969 0.198242 0.921875 0.196289 0.924805 0.197266 0.929688 0.204102 0.926758
0 0.922852 0.714844 0.918945 0.716797 0.917969 0.723633 0.921875 0.722656
0 0.708984 0.111328 0.708008 0.118164 0.711914 0.121094 0.711914 0.112305
0 0.869141 0.007812 0.864258 0.007812 0.860352 0.014648 0.866211 0.013672
0 0.290039 0.076172 0.293945 0.081055 0.300781 0.081055 0.300781 0.078125 0.297852 0.076172
0 0.711914 0.873047 0.708984 0.875000 0.709961 0.882812 0.712891 0.878906
0 0.133789 0.220703 0.135742 0.224609 0.144531 0.222656 0.141602 0.219727
0 0.492188 0.388672 0.490234 0.393555 0.494141 0.400391 0.496094 0.395508 0.495117 0.390625