0 0.021484 0.618164 0.021484 0.621094 0.024414 0.623047 0.030273 0.623047 0.028320 0.619141
0 0.220703 0.808594 0.217773 0.808594 0.215820 0.811523 0.215820 0.818359 0.217773 0.820312 0.220703 0.815430
0 0.723633 0.073242 0.724609 0.076172 0.730469 0.076172 0.728516 0.073242
0 0.738281 0.826172 0.729492 0.826172 0.726562 0.830078 0.727539 0.832031 0.732422 0.832031
0 0.375000 0.336914 0.375977 0.338867 0.383789 0.339844 0.381836 0.335938
0 0.088867 0.400391 0.089844 0.406250 0.093750 0.409180 0.095703 0.408203 0.092773 0.400391
0 0.953125 0.525391 0.950195 0.525391 0.948242 0.528320 0.948242 0.537109 0.954102 0.531250
0 0.549805 0.293945 0.549805 0.295898 0.556641 0.299805 0.565430 0.297852 0.561523 0.292969
0 0.917969 0.222656 0.911133 0.224609 0.907227 0.231445 0.914062 0.230469
0 0.872070 0.600586 0.879883 0.600586 0.882812 0.597656 0.881836 0.595703 0.875000 0.595703 0.872070 0.597656
0 0.449219 0.875977 0.451172 0.883789 0.455078 0.884766 0.455078 0.878906
0 0.642578 0.980469 0.641602 0.986328 0.644531 0.991211 0.646484 0.983398
0 0.026367 0.844727 0.026367 0.851562 0.032227 0.854492 0.031250 0.847656
0 0.270508 0.253906 0.269531 0.259766 0.272461 0.264648 0.273438 0.254883
0 0.594727 0.619141 0.589844 0.617188 0.584961 0.619141 0.584961 0.622070 0.589844 0.623047
0 0.372070 0.965820 0.378906 0.970703 0.387695 0.967773 0.382812 0.964844
0 0.011719 0.696289 0.007812 0.700195 0.008789 0.707031 0.012695 0.703125
0 0.045898 0.522461 0.040039 0.521484 0.033203 0.526367 0.034180 0.528320 0.039062 0.528320
0 0.561523 0.019531 0.557617 0.020508 0.554688 0.026367 0.559570 0.025391
0 0.526367 0.916016 0.529297 0.919922 0.537109 0.919922 0.536133 0.916016
0 0.588867 0.576172 0.583008 0.576172 0.580078 0.581055 0.584961 0.581055
0 0.199219 0.575195 0.204102 0.576172 0.208984 0.572266 0.202148 0.571289
0 0.807617 0.697266 0.802734 0.696289 0.798828 0.698242 0.798828 0.701172 0.804688 0.701172
0 0.402344 0.171875 0.406250 0.178711 0.412109 0.178711 0.409180 0.173828
0 0.232422 0.517578 0.225586 0.516602 0.220703 0.522461 0.228516 0.522461
0 0.882812 0.327148 0.882812 0.335938 0.885742 0.335938 0.885742 0.329102
0 0.102539 0.300781 0.102539 0.306641 0.107422 0.311523 0.107422 0.303711
0 0.148438 0.520508 0.150391 0.529297 0.154297 0.530273 0.154297 0.523438
0 0.127930 0.189453 0.123047 0.192383 0.122070 0.204102 0.127930 0.198242
0 0.726562 0.261719 0.720703 0.267578 0.721680 0.276367 0.724609 0.276367 0.726562 0.273438
0 0.610352 0.821289 0.610352 0.823242 0.615234 0.825195 0.620117 0.823242 0.618164 0.819336
0 0.907227 0.356445 0.902344 0.352539 0.896484 0.354492 0.900391 0.358398
0 0.267578 0.374023 0.266602 0.383789 0.269531 0.385742 0.271484 0.376953 0.270508 0.374023
0 0.537109 0.515625 0.537109 0.517578 0.545898 0.519531 0.551758 0.517578 0.552734 0.513672 0.542969 0.512695
0 0.554688 0.007812 0.559570 0.012695 0.569336 0.010742 0.565430 0.007812
0 0.269531 0.700195 0.266602 0.700195 0.264648 0.704102 0.265625 0.711914 0.269531 0.708984
0 0.708008 0.379883 0.702148 0.382812 0.701172 0.387695 0.708008 0.383789
0 0.399414 0.509766 0.394531 0.511719 0.392578 0.518555 0.399414 0.514648
0 0.591797 0.451172 0.587891 0.454102 0.586914 0.461914 0.593750 0.458008
0 0.802734 0.370117 0.799805 0.372070 0.799805 0.379883 0.803711 0.377930
0 0.044922 0.462891 0.050781 0.467773 0.057617 0.465820 0.053711 0.462891
0 0.674805 0.510742 0.673828 0.517578 0.678711 0.522461 0.679688 0.515625
0 0.926758 0.004883 0.922852 0.007812 0.923828 0.014648 0.927734 0.007812
0 0.551758 0.463867 0.544922 0.464844 0.542969 0.468750 0.550781 0.466797
0 0.625977 0.972656 0.626953 0.975586 0.631836 0.977539 0.638672 0.976562 0.633789 0.971680
0 0.672852 0.756836 0.676758 0.760742 0.683594 0.759766 0.678711 0.755859
0 0.743164 0.611328 0.740234 0.611328 0.735352 0.619141 0.736328 0.625000 0.740234 0.623047
0 0.053711 0.608398 0.055664 0.611328 0.065430 0.611328 0.064453 0.607422
0 0.806641 0.430664 0.807617 0.433594 0.816406 0.432617 0.816406 0.429688
0 0.617188 0.067383 0.609375 0.070312 0.608398 0.078125 0.616211 0.073242
0 0.235352 0.827148 0.235352 0.830078 0.239258 0.832031 0.246094 0.831055 0.246094 0.828125 0.242188 0.826172
0 0.445312 0.229492 0.437500 0.229492 0.432617 0.236328 0.441406 0.235352
0 0.610352 0.800781 0.611328 0.804688 0.620117 0.805664 0.617188 0.800781
0 0.694336 0.830078 0.694336 0.835938 0.701172 0.839844 0.699219 0.832031
0 0.039062 0.478516 0.037109 0.479492 0.036133 0.486328 0.038086 0.491211 0.041016 0.492188 0.042969 0.484375
0 0.768555 0.027344 0.768555 0.032227 0.773438 0.036133 0.777344 0.036133 0.774414 0.029297
0 0.175781 0.601562 0.175781 0.608398 0.180664 0.612305 0.180664 0.606445
0 0.929688 0.408203 0.922852 0.409180 0.918945 0.416992 0.921875 0.417969 0.926758 0.415039
0 0.139648 0.811523 0.141602 0.814453 0.149414 0.812500 0.148438 0.809570
0 0.469727 0.928711 0.476562 0.928711 0.481445 0.923828 0.472656 0.922852 0.469727 0.924805
0 0.951172 0.141602 0.954102 0.145508 0.961914 0.145508 0.960938 0.141602
0 0.501953 0.770508 0.500000 0.776367 0.503906 0.782227 0.505859 0.775391
0 0.037109 0.647461 0.035156 0.656250 0.037109 0.660156 0.041016 0.660156 0.041016 0.651367
0 0.186523 0.763672 0.187500 0.768555 0.194336 0.771484 0.192383 0.765625
0 0.458984 0.824219 0.454102 0.826172 0.453125 0.833008 0.458984 0.829102
0 0.216797 0.643555 0.216797 0.645508 0.221680 0.647461 0.228516 0.646484 0.229492 0.644531 0.226562 0.641602