0 0.916016 0.950195 0.904297 0.953125 0.902344 0.955078 0.903320 0.958984 0.913086 0.957031 0.916016 0.954102
0 0.598633 0.525391 0.594727 0.527344 0.592773 0.534180 0.597656 0.532227
0 0.068359 0.740234 0.067383 0.748047 0.070312 0.751953 0.072266 0.742188
0 0.154297 0.618164 0.153320 0.616211 0.147461 0.616211 0.141602 0.622070 0.147461 0.623047
0 0.187500 0.543945 0.193359 0.544922 0.198242 0.540039 0.190430 0.540039
0 0.854492 0.539062 0.852539 0.545898 0.856445 0.552734 0.858398 0.541992
0 0.358398 0.656250 0.359375 0.660156 0.368164 0.660156 0.366211 0.656250
0 0.255859 0.401367 0.255859 0.410156 0.260742 0.414062 0.260742 0.406250
0 0.339844 0.030273 0.340820 0.036133 0.345703 0.039062 0.345703 0.034180
0 0.603516 0.788086 0.603516 0.792969 0.610352 0.796875 0.609375 0.791016
0 0.509766 0.442383 0.512695 0.446289 0.519531 0.446289 0.519531 0.443359 0.516602 0.441406
0 0.889648 0.150391 0.899414 0.149414 0.901367 0.145508 0.894531 0.144531 0.889648 0.147461
0 0.508789 0.043945 0.499023 0.045898 0.498047 0.050781 0.504883 0.049805 0.508789 0.046875
0 0.399414 0.092773 0.404297 0.098633 0.411133 0.099609 0.407227 0.092773
0 0.508789 0.821289 0.502930 0.825195 0.501953 0.834961 0.507812 0.830078
0 0.541016 0.897461 0.537109 0.898438 0.535156 0.904297 0.540039 0.902344
0 0.142578 0.673828 0.144531 0.678711 0.153320 0.680664 0.149414 0.673828
0 0.474609 0.329102 0.476562 0.335938 0.481445 0.338867 0.479492 0.330078
0 0.148438 0.084961 0.149414 0.089844 0.156250 0.092773 0.155273 0.086914
0 0.602539 0.984375 0.596680 0.985352 0.593750 0.991211 0.601562 0.989258
0 0.318359 0.045898 0.318359 0.052734 0.325195 0.057617 0.322266 0.047852
0 0.649414 0.989258 0.651367 0.993164 0.658203 0.994141 0.655273 0.989258
0 0.231445 0.702148 0.235352 0.708008 0.243164 0.707031 0.239258 0.702148
0 0.767578 0.916016 0.767578 0.918945 0.770508 0.920898 0.781250 0.920898 0.776367 0.916016
0 0.685547 0.785156 0.683594 0.791992 0.686523 0.794922 0.687500 0.786133
0 0.080078 0.649414 0.077148 0.652344 0.078125 0.659180 0.082031 0.655273
0 0.432617 0.376953 0.426758 0.376953 0.421875 0.381836 0.427734 0.382812
0 0.361328 0.200195 0.355469 0.204102 0.355469 0.211914 0.361328 0.207031
0 0.500977 0.125977 0.497070 0.125977 0.493164 0.129883 0.492188 0.135742 0.500977 0.130859
0 0.318359 0.210938 0.313477 0.212891 0.311523 0.222656 0.317383 0.218750
0 0.267578 0.708008 0.269531 0.710938 0.274414 0.711914 0.280273 0.708984 0.277344 0.706055
0 0.461914 0.321289 0.456055 0.324219 0.455078 0.331055 0.460938 0.328125
0 0.177734 0.488281 0.179688 0.498047 0.180664 0.489258