0 0.415039 0.406250 0.415039 0.409180 0.417969 0.411133 0.426758 0.409180 0.421875 0.405273
0 0.680664 0.526367 0.674805 0.528320 0.672852 0.533203 0.678711 0.532227
0 0.934570 0.667969 0.934570 0.669922 0.938477 0.670898 0.944336 0.668945 0.940430 0.666016
0 0.252930 0.637695 0.253906 0.644531 0.257812 0.646484 0.256836 0.638672
0 0.539062 0.140625 0.533203 0.141602 0.530273 0.146484 0.536133 0.146484
0 0.857422 0.530273 0.850586 0.531250 0.847656 0.535156 0.854492 0.535156 0.857422 0.533203
0 0.809570 0.307617 0.810547 0.313477 0.816406 0.315430 0.815430 0.310547
0 0.717773 0.736328 0.718750 0.747070 0.726562 0.750000 0.724609 0.742188
0 0.864258 0.207031 0.865234 0.212891 0.875000 0.217773 0.873047 0.211914 0.869141 0.208008
0 0.708984 0.177734 0.715820 0.177734 0.718750 0.173828 0.710938 0.173828
0 0.306641 0.470703 0.309570 0.477539 0.314453 0.477539 0.312500 0.472656
0 0.094727 0.672852 0.093750 0.681641 0.097656 0.683594 0.098633 0.676758
0 0.784180 0.660156 0.780273 0.662109 0.779297 0.667969 0.784180 0.664062
0 0.142578 0.837891 0.138672 0.840820 0.139648 0.849609 0.141602 0.849609 0.144531 0.843750
0 0.728516 0.880859 0.733398 0.885742 0.740234 0.885742 0.740234 0.882812 0.736328 0.879883
0 0.993164 0.801758 0.987305 0.803711 0.985352 0.809570 0.991211 0.807617
0 0.427734 0.705078 0.430664 0.708008 0.440430 0.706055 0.437500 0.702148
0 0.971680 0.537109 0.966797 0.541016 0.966797 0.547852 0.969727 0.547852 0.971680 0.544922
0 0.899414 0.699219 0.895508 0.702148 0.895508 0.708984 0.900391 0.704102
0 0.659180 0.308594 0.661133 0.312500 0.667969 0.313477 0.666992 0.309570
0 0.539062 0.426758 0.538086 0.433594 0.541992 0.438477 0.544922 0.438477 0.543945 0.431641
0 0.694336 0.331055 0.695312 0.334961 0.703125 0.334961 0.700195 0.331055
0 0.399414 0.450195 0.394531 0.453125 0.394531 0.459961 0.398438 0.458008
0 0.800781 0.801758 0.799805 0.805664 0.802734 0.811523 0.804688 0.811523 0.805664 0.805664 0.803711 0.801758
0 0.694336 0.697266 0.694336 0.702148 0.702148 0.706055 0.700195 0.699219
0 0.978516 0.191406 0.975586 0.193359 0.974609 0.200195 0.979492 0.198242
0 0.681641 0.283203 0.683594 0.286133 0.690430 0.284180 0.689453 0.281250
0 0.460938 0.398438 0.470703 0.399414 0.472656 0.395508 0.465820 0.394531
0 0.912109 0.511719 0.912109 0.514648 0.915039 0.516602 0.924805 0.515625 0.920898 0.511719
0 0.046875 0.756836 0.043945 0.757812 0.043945 0.766602 0.047852 0.764648
0 0.431641 0.781250 0.426758 0.784180 0.425781 0.790039 0.427734 0.793945 0.431641 0.790039
0 0.753906 0.692383 0.756836 0.696289 0.763672 0.696289 0.767578 0.693359 0.762695 0.690430 0.755859 0.690430
0 0.377930 0.893555 0.371094 0.897461 0.371094 0.904297 0.376953 0.900391
0 0.853516 0.299805 0.853516 0.307617 0.856445 0.309570 0.857422 0.301758
0 0.147461 0.567383 0.149414 0.571289 0.157227 0.573242 0.153320 0.567383
0 0.895508 0.367188 0.887695 0.367188 0.884766 0.369141 0.884766 0.372070 0.892578 0.372070
0 0.403320 0.123047 0.406250 0.127930 0.414062 0.129883 0.414062 0.126953 0.408203 0.122070
0 0.645508 0.750000 0.641602 0.751953 0.641602 0.758789 0.646484 0.754883
0 0.222656 0.492188 0.218750 0.495117 0.218750 0.500977 0.222656 0.497070
0 0.169922 0.983398 0.166016 0.984375 0.166016 0.992188 0.169922 0.988281
0 0.229492 0.733398 0.223633 0.734375 0.219727 0.743164 0.226562 0.740234
0 0.705078 0.496094 0.701172 0.498047 0.701172 0.507812 0.706055 0.500977
0 0.443359 0.416992 0.439453 0.418945 0.439453 0.426758 0.443359 0.422852
0 0.775391 0.679688 0.779297 0.682617 0.786133 0.682617 0.786133 0.679688 0.783203 0.677734
0 0.619141 0.787109 0.617188 0.785156 0.613281 0.786133 0.610352 0.791992 0.617188 0.790039
0 0.869141 0.891602 0.872070 0.897461 0.877930 0.898438 0.873047 0.890625
0 0.453125 0.566406 0.453125 0.569336 0.458008 0.574219 0.462891 0.574219 0.460938 0.568359
0 0.801758 0.518555 0.803711 0.525391 0.810547 0.527344 0.806641 0.519531
0 0.205078 0.472656 0.199219 0.474609 0.199219 0.482422 0.204102 0.478516
0 0.571289 0.853516 0.564453 0.857422 0.564453 0.863281 0.571289 0.859375
0 0.432617 0.272461 0.432617 0.274414 0.441406 0.276367 0.444336 0.273438 0.442383 0.270508
0 0.023438 0.033203 0.032227 0.034180 0.037109 0.029297 0.027344 0.028320
0 0.832031 0.685547 0.824219 0.685547 0.821289 0.689453 0.831055 0.689453
0 0.719727 0.187500 0.720703 0.192383 0.726562 0.195312 0.725586 0.189453
0 0.533203 0.521484 0.527344 0.521484 0.523438 0.528320 0.531250 0.526367
0 0.245117 0.849609 0.237305 0.849609 0.232422 0.855469 0.241211 0.855469 0.245117 0.852539
0 0.810547 0.532227 0.810547 0.535156 0.822266 0.536133 0.822266 0.533203 0.818359 0.531250
0 0.014648 0.483398 0.014648 0.486328 0.021484 0.490234 0.020508 0.485352
0 0.563477 0.879883 0.568359 0.885742 0.575195 0.885742 0.573242 0.880859
0 0.896484 0.367188 0.902344 0.369141 0.910156 0.365234 0.898438 0.363281
0 0.450195 0.290039 0.454102 0.293945 0.461914 0.292969 0.459961 0.289062
0 0.844727 0.655273 0.838867 0.654297 0.833008 0.656250 0.833008 0.658203 0.840820 0.660156 0.844727 0.658203
0 0.772461 0.633789 0.770508 0.640625 0.771484 0.643555 0.774414 0.643555 0.775391 0.635742