0 0.337891 0.827148 0.339844 0.833008 0.349609 0.834961 0.349609 0.832031 0.344727 0.828125
0 0.478516 0.274414 0.471680 0.275391 0.469727 0.280273 0.475586 0.279297
0 0.805664 0.685547 0.799805 0.685547 0.796875 0.692383 0.803711 0.690430
0 0.416016 0.672852 0.414062 0.674805 0.414062 0.682617 0.417969 0.684570 0.418945 0.674805
0 0.906250 0.796875 0.900391 0.795898 0.896484 0.800781 0.903320 0.800781
0 0.237305 0.375977 0.233398 0.375977 0.230469 0.379883 0.229492 0.388672 0.236328 0.384766
0 0.901367 0.950195 0.895508 0.951172 0.893555 0.956055 0.901367 0.954102
0 0.615234 0.453125 0.619141 0.458984 0.625000 0.458008 0.622070 0.454102
0 0.172852 0.736328 0.166992 0.739258 0.166016 0.745117 0.171875 0.742188
0 0.591797 0.503906 0.583008 0.505859 0.580078 0.510742 0.588867 0.509766
0 0.078125 0.870117 0.073242 0.870117 0.068359 0.875000 0.068359 0.877930 0.075195 0.876953
0 0.076172 0.160156 0.075195 0.169922 0.077148 0.172852 0.080078 0.172852 0.081055 0.166016 0.079102 0.161133
0 0.185547 0.707031 0.177734 0.708008 0.173828 0.713867 0.180664 0.713867 0.185547 0.709961
0 0.595703 0.814453 0.595703 0.819336 0.605469 0.824219 0.603516 0.817383
0 0.691406 0.711914 0.690430 0.719727 0.694336 0.724609 0.695312 0.714844
0 0.779297 0.231445 0.774414 0.232422 0.771484 0.237305 0.777344 0.236328
0 0.454102 0.847656 0.449219 0.847656 0.445312 0.856445 0.450195 0.854492
0 0.590820 0.186523 0.597656 0.186523 0.602539 0.181641 0.591797 0.181641
0 0.396484 0.953125 0.400391 0.957031 0.408203 0.957031 0.406250 0.953125
0 0.951172 0.859375 0.943359 0.857422 0.936523 0.860352 0.935547 0.863281 0.945312 0.864258
0 0.583984 0.928711 0.579102 0.930664 0.578125 0.939453 0.583008 0.936523
0 0.070312 0.711914 0.070312 0.713867 0.075195 0.715820 0.082031 0.714844 0.083008 0.712891 0.080078 0.709961
0 0.403320 0.734375 0.398438 0.735352 0.395508 0.742188 0.399414 0.742188
0 0.633789 0.105469 0.635742 0.116211 0.637695 0.107422
0 0.691406 0.663086 0.690430 0.667969 0.695312 0.673828 0.696289 0.666992 0.694336 0.663086
0 0.411133 0.203125 0.414062 0.209961 0.420898 0.210938 0.418945 0.205078
0 0.857422 0.798828 0.862305 0.803711 0.869141 0.802734 0.865234 0.797852
0 0.027344 0.450195 0.019531 0.448242 0.011719 0.451172 0.011719 0.453125 0.021484 0.455078
0 0.766602 0.389648 0.771484 0.393555 0.781250 0.392578 0.780273 0.389648 0.773438 0.386719
0 0.408203 0.316406 0.403320 0.318359 0.402344 0.324219 0.407227 0.322266
0 0.455078 0.230469 0.455078 0.233398 0.461914 0.234375 0.464844 0.232422 0.464844 0.229492
0 0.472656 0.719727 0.466797 0.726562 0.468750 0.730469 0.471680 0.728516
0 0.777344 0.042969 0.772461 0.044922 0.771484 0.051758 0.776367 0.048828
0 0.723633 0.573242 0.723633 0.575195 0.727539 0.576172 0.733398 0.575195 0.731445 0.571289
0 0.142578 0.976562 0.145508 0.983398 0.151367 0.983398 0.150391 0.978516
0 0.173828 0.103516 0.170898 0.106445 0.171875 0.112305 0.175781 0.107422
0 0.263672 0.829102 0.259766 0.829102 0.256836 0.832031 0.254883 0.839844 0.261719 0.835938
0 0.314453 0.680664 0.308594 0.682617 0.306641 0.691406 0.312500 0.688477
0 0.538086 0.099609 0.532227 0.099609 0.526367 0.109375 0.530273 0.110352 0.535156 0.107422
0 0.492188 0.899414 0.488281 0.899414 0.484375 0.907227 0.490234 0.905273
0 0.158203 0.187500 0.157227 0.196289 0.160156 0.199219 0.162109 0.190430 0.161133 0.187500
0 0.756836 0.281250 0.751953 0.284180 0.750977 0.292969 0.756836 0.289062
0 0.971680 0.669922 0.976562 0.673828 0.981445 0.672852 0.979492 0.668945
0 0.574219 0.033203 0.568359 0.036133 0.567383 0.041992 0.572266 0.040039
0 0.537109 0.727539 0.538086 0.731445 0.544922 0.733398 0.542969 0.728516
0 0.543945 0.821289 0.543945 0.827148 0.550781 0.832031 0.549805 0.824219
0 0.498047 0.408203 0.499023 0.413086 0.503906 0.416016 0.502930 0.410156
0 0.804688 0.518555 0.804688 0.524414 0.811523 0.529297 0.809570 0.521484
0 0.214844 0.412109 0.208984 0.415039 0.208008 0.422852 0.213867 0.419922
0 0.013672 0.163086 0.012695 0.172852 0.015625 0.175781 0.018555 0.172852 0.018555 0.166992 0.016602 0.163086
0 0.936523 0.266602 0.938477 0.271484 0.948242 0.269531 0.948242 0.267578 0.943359 0.265625
0 0.078125 0.971680 0.071289 0.973633 0.068359 0.981445 0.074219 0.980469 0.077148 0.977539
0 0.658203 0.668945 0.658203 0.673828 0.663086 0.677734 0.663086 0.670898
0 0.786133 0.678711 0.781250 0.679688 0.777344 0.687500 0.784180 0.684570
0 0.878906 0.613281 0.879883 0.619141 0.885742 0.621094 0.884766 0.615234