0 0.125000 0.597656 0.119141 0.599609 0.116211 0.605469 0.123047 0.604492
0 0.750000 0.757812 0.750000 0.762695 0.755859 0.766602 0.754883 0.759766
0 0.120117 0.375977 0.120117 0.377930 0.125977 0.379883 0.131836 0.377930 0.125977 0.374023
0 0.351562 0.501953 0.353516 0.506836 0.362305 0.506836 0.362305 0.503906 0.358398 0.501953
0 0.950195 0.470703 0.953125 0.477539 0.958984 0.477539 0.958008 0.472656
0 0.310547 0.191406 0.306641 0.189453 0.299805 0.194336 0.308594 0.195312
0 0.620117 0.551758 0.615234 0.553711 0.614258 0.559570 0.619141 0.557617
0 0.886719 0.125000 0.885742 0.131836 0.888672 0.136719 0.891602 0.136719 0.891602 0.130859
0 0.328125 0.319336 0.324219 0.320312 0.323242 0.329102 0.327148 0.327148
0 0.726562 0.914062 0.722656 0.916992 0.722656 0.923828 0.727539 0.919922
0 0.074219 0.217773 0.081055 0.219727 0.085938 0.215820 0.078125 0.213867
0 0.264648 0.053711 0.264648 0.061523 0.267578 0.062500 0.267578 0.055664
0 0.356445 0.527344 0.356445 0.533203 0.362305 0.536133 0.361328 0.530273
0 0.082031 0.910156 0.082031 0.912109 0.086914 0.914062 0.093750 0.913086 0.090820 0.909180 0.084961 0.908203
0 0.147461 0.696289 0.142578 0.699219 0.142578 0.705078 0.146484 0.703125
0 0.473633 0.821289 0.466797 0.825195 0.466797 0.830078 0.472656 0.826172
0 0.375977 0.497070 0.371094 0.498047 0.368164 0.502930 0.375000 0.500977
0 0.978516 0.375977 0.973633 0.377930 0.972656 0.386719 0.978516 0.380859
0 0.054688 0.536133 0.049805 0.537109 0.045898 0.543945 0.053711 0.541016
0 0.152344 0.189453 0.152344 0.193359 0.155273 0.195312 0.162109 0.195312 0.159180 0.190430
0 0.858398 0.987305 0.861328 0.992188 0.866211 0.992188 0.865234 0.988281
0 0.499023 0.659180 0.491211 0.660156 0.488281 0.666016 0.493164 0.666992 0.498047 0.663086
0 0.849609 0.459961 0.846680 0.459961 0.842773 0.465820 0.846680 0.465820
0 0.342773 0.833984 0.345703 0.837891 0.353516 0.838867 0.348633 0.833008 0.344727 0.832031
0 0.320312 0.147461 0.320312 0.152344 0.325195 0.156250 0.325195 0.150391 0.323242 0.147461
0 0.052734 0.392578 0.046875 0.393555 0.043945 0.400391 0.049805 0.398438
0 0.302734 0.229492 0.302734 0.232422 0.305664 0.234375 0.313477 0.234375 0.307617 0.228516
0 0.855469 0.913086 0.855469 0.917969 0.861328 0.921875 0.860352 0.915039
0 0.290039 0.822266 0.296875 0.822266 0.299805 0.819336 0.293945 0.817383
0 0.231445 0.652344 0.230469 0.658203 0.234375 0.663086 0.237305 0.663086 0.236328 0.654297
0 0.343750 0.112305 0.344727 0.116211 0.354492 0.114258 0.350586 0.111328
0 0.132812 0.404297 0.127930 0.407227 0.126953 0.414062 0.130859 0.413086
0 0.311523 0.211914 0.312500 0.218750 0.317383 0.221680 0.315430 0.212891
0 0.249023 0.178711 0.251953 0.181641 0.259766 0.179688 0.256836 0.176758
0 0.717773 0.634766 0.712891 0.637695 0.711914 0.644531 0.717773 0.641602
0 0.696289 0.677734 0.692383 0.681641 0.692383 0.686523 0.695312 0.686523 0.697266 0.683594
0 0.965820 0.051758 0.958008 0.052734 0.954102 0.058594 0.964844 0.057617
0 0.853516 0.854492 0.847656 0.857422 0.846680 0.864258 0.851562 0.863281
0 0.351562 0.877930 0.355469 0.881836 0.362305 0.880859 0.359375 0.876953
0 0.907227 0.206055 0.908203 0.212891 0.913086 0.214844 0.913086 0.209961
0 0.521484 0.250000 0.513672 0.252930 0.512695 0.260742 0.520508 0.255859
0 0.878906 0.271484 0.880859 0.279297 0.886719 0.281250 0.883789 0.271484
0 0.487305 0.352539 0.493164 0.361328 0.499023 0.362305 0.494141 0.353516
0 0.880859 0.365234 0.882812 0.369141 0.892578 0.368164 0.887695 0.364258
0 0.554688 0.768555 0.553711 0.775391 0.557617 0.780273 0.558594 0.771484 0.557617 0.768555
0 0.271484 0.562500 0.271484 0.564453 0.276367 0.566406 0.283203 0.564453 0.279297 0.560547
0 0.296875 0.419922 0.291992 0.421875 0.291016 0.427734 0.292969 0.432617 0.296875 0.428711
0 0.181641 0.427734 0.177734 0.429688 0.176758 0.437500 0.181641 0.434570
0 0.876953 0.364258 0.871094 0.365234 0.868164 0.370117 0.873047 0.370117 0.876953 0.367188
0 0.747070 0.498047 0.751953 0.502930 0.757812 0.502930 0.757812 0.500000 0.754883 0.498047
0 0.366211 0.164062 0.358398 0.164062 0.354492 0.168945 0.363281 0.168945 0.366211 0.166992
0 0.658203 0.488281 0.660156 0.492188 0.666992 0.492188 0.671875 0.489258 0.668945 0.486328