0 0.795898 0.664062 0.792969 0.664062 0.791992 0.671875 0.794922 0.670898
0 0.840820 0.272461 0.833008 0.273438 0.829102 0.280273 0.836914 0.279297
0 0.242188 0.884766 0.246094 0.889648 0.252930 0.889648 0.249023 0.884766
0 0.090820 0.336914 0.094727 0.341797 0.103516 0.340820 0.098633 0.335938
0 0.879883 0.931641 0.880859 0.934570 0.889648 0.933594 0.886719 0.930664
0 0.155273 0.885742 0.157227 0.891602 0.161133 0.893555 0.161133 0.887695
0 0.131836 0.989258 0.125000 0.987305 0.118164 0.990234 0.117188 0.993164 0.125000 0.994141
0 0.656250 0.975586 0.654297 0.977539 0.655273 0.981445 0.662109 0.986328 0.661133 0.978516
0 0.354492 0.067383 0.357422 0.073242 0.363281 0.075195 0.360352 0.068359
0 0.621094 0.722656 0.621094 0.725586 0.624023 0.727539 0.634766 0.726562 0.634766 0.723633 0.624023 0.720703
0 0.188477 0.011719 0.183594 0.013672 0.183594 0.021484 0.187500 0.018555
0 0.333984 0.849609 0.329102 0.852539 0.328125 0.858398 0.334961 0.854492
0 0.958984 0.348633 0.958008 0.355469 0.961914 0.358398 0.962891 0.351562
0 0.352539 0.971680 0.355469 0.975586 0.364258 0.973633 0.363281 0.970703
0 0.509766 0.081055 0.507812 0.081055 0.505859 0.086914 0.508789 0.092773 0.510742 0.088867
0 0.241211 0.611328 0.235352 0.610352 0.231445 0.613281 0.231445 0.616211 0.238281 0.615234
0 0.828125 0.038086 0.831055 0.043945 0.836914 0.044922 0.834961 0.040039
0 0.068359 0.948242 0.072266 0.951172 0.077148 0.950195 0.077148 0.948242 0.072266 0.946289
0 0.475586 0.708984 0.480469 0.711914 0.485352 0.709961 0.482422 0.707031
0 0.814453 0.628906 0.815430 0.636719 0.819336 0.638672 0.820312 0.633789
0 0.233398 0.262695 0.236328 0.268555 0.245117 0.268555 0.242188 0.263672
0 0.364258 0.251953 0.365234 0.255859 0.376953 0.254883 0.375000 0.250977
0 0.061523 0.781250 0.060547 0.787109 0.063477 0.791992 0.065430 0.784180
0 0.478516 0.264648 0.480469 0.272461 0.483398 0.273438 0.483398 0.266602
0 0.549805 0.031250 0.550781 0.037109 0.556641 0.040039 0.554688 0.033203
0 0.933594 0.502930 0.929688 0.503906 0.925781 0.510742 0.930664 0.508789
0 0.196289 0.353516 0.201172 0.356445 0.207031 0.354492 0.205078 0.351562
0 0.105469 0.514648 0.101562 0.516602 0.101562 0.525391 0.106445 0.521484
0 0.446289 0.777344 0.452148 0.783203 0.458984 0.782227 0.458984 0.779297 0.454102 0.776367
0 0.572266 0.066406 0.572266 0.071289 0.579102 0.077148 0.578125 0.069336
0 0.882812 0.458984 0.882812 0.462891 0.886719 0.466797 0.892578 0.467773 0.888672 0.459961
0 0.541992 0.506836 0.541992 0.513672 0.550781 0.519531 0.552734 0.517578 0.549805 0.510742
0 0.391602 0.272461 0.395508 0.276367 0.402344 0.275391 0.400391 0.271484
0 0.333984 0.472656 0.333984 0.475586 0.343750 0.478516 0.341797 0.473633
0 0.701172 0.891602 0.704102 0.895508 0.710938 0.894531 0.708984 0.890625
0 0.764648 0.380859 0.754883 0.382812 0.753906 0.387695 0.761719 0.386719
0 0.630859 0.808594 0.630859 0.813477 0.638672 0.817383 0.636719 0.810547
0 0.969727 0.151367 0.973633 0.154297 0.978516 0.153320 0.973633 0.149414
0 0.609375 0.665039 0.610352 0.667969 0.618164 0.666992 0.614258 0.664062
0 0.494141 0.958008 0.491211 0.961914 0.491211 0.968750 0.494141 0.968750 0.496094 0.965820
0 0.240234 0.636719 0.234375 0.635742 0.228516 0.637695 0.228516 0.639648 0.236328 0.641602 0.240234 0.639648
0 0.716797 0.344727 0.716797 0.346680 0.720703 0.347656 0.725586 0.346680 0.724609 0.343750
0 0.818359 0.526367 0.813477 0.524414 0.806641 0.528320 0.811523 0.530273 0.816406 0.529297
0 0.030273 0.960938 0.030273 0.966797 0.038086 0.970703 0.036133 0.963867
0 0.519531 0.543945 0.522461 0.548828 0.532227 0.549805 0.525391 0.542969
0 0.383789 0.392578 0.379883 0.394531 0.379883 0.402344 0.383789 0.399414
0 0.284180 0.218750 0.277344 0.219727 0.274414 0.226562 0.282227 0.223633
0 0.614258 0.826172 0.616211 0.831055 0.622070 0.833984 0.625000 0.833008 0.621094 0.826172
0 0.936523 0.654297 0.933594 0.658203 0.935547 0.666016 0.938477 0.660156
0 0.417969 0.121094 0.410156 0.123047 0.407227 0.129883 0.414062 0.128906
0 0.319336 0.814453 0.315430 0.818359 0.317383 0.826172 0.321289 0.820312