0 0.871094 0.057617 0.875977 0.062500 0.885742 0.060547 0.880859 0.056641
0 0.749023 0.544922 0.745117 0.550781 0.747070 0.556641 0.750000 0.550781
0 0.578125 0.375000 0.580078 0.376953 0.588867 0.375977 0.587891 0.373047 0.580078 0.373047
0 0.291016 0.277344 0.288086 0.277344 0.285156 0.283203 0.286133 0.289062 0.291016 0.286133
0 0.850586 0.312500 0.851562 0.318359 0.856445 0.321289 0.855469 0.315430
0 0.093750 0.012695 0.088867 0.012695 0.084961 0.019531 0.091797 0.016602
0 0.147461 0.969727 0.149414 0.973633 0.157227 0.972656 0.157227 0.970703 0.152344 0.968750
0 0.266602 0.208984 0.266602 0.216797 0.268555 0.219727 0.271484 0.219727 0.271484 0.212891
0 0.564453 0.099609 0.559570 0.099609 0.556641 0.102539 0.556641 0.106445 0.562500 0.104492
0 0.465820 0.311523 0.466797 0.320312 0.473633 0.325195 0.473633 0.317383
0 0.715820 0.072266 0.713867 0.078125 0.715820 0.083984 0.717773 0.083984 0.719727 0.075195 0.718750 0.072266
0 0.231445 0.264648 0.231445 0.269531 0.238281 0.272461 0.236328 0.266602
0 0.799805 0.929688 0.793945 0.929688 0.790039 0.934570 0.796875 0.934570
0 0.277344 0.933594 0.277344 0.941406 0.282227 0.944336 0.282227 0.937500
0 0.666992 0.054688 0.662109 0.053711 0.656250 0.056641 0.655273 0.059570 0.662109 0.060547
0 0.689453 0.604492 0.691406 0.609375 0.698242 0.610352 0.694336 0.604492
0 0.578125 0.656250 0.573242 0.659180 0.573242 0.665039 0.577148 0.662109
0 0.819336 0.802734 0.820312 0.805664 0.828125 0.803711 0.828125 0.800781
0 0.376953 0.100586 0.375977 0.103516 0.378906 0.109375 0.384766 0.111328 0.381836 0.101562
0 0.224609 0.275391 0.216797 0.277344 0.212891 0.284180 0.221680 0.282227
0 0.387695 0.246094 0.383789 0.247070 0.385742 0.256836 0.388672 0.249023
0 0.367188 0.453125 0.365234 0.460938 0.369141 0.463867 0.371094 0.458984 0.369141 0.453125
0 0.058594 0.058594 0.060547 0.066406 0.066406 0.070312 0.064453 0.060547
0 0.652344 0.013672 0.643555 0.015625 0.639648 0.020508 0.641602 0.022461 0.648438 0.020508
0 0.819336 0.615234 0.818359 0.624023 0.821289 0.628906 0.824219 0.628906 0.824219 0.619141 0.822266 0.615234
0 0.849609 0.129883 0.849609 0.138672 0.853516 0.140625 0.854492 0.133789
0 0.640625 0.791992 0.642578 0.799805 0.647461 0.802734 0.647461 0.795898
0 0.236328 0.811523 0.230469 0.812500 0.227539 0.818359 0.235352 0.816406
0 0.336914 0.333984 0.332031 0.333008 0.326172 0.338867 0.333008 0.338867
0 0.409180 0.132812 0.406250 0.133789 0.406250 0.141602 0.409180 0.139648
0 0.699219 0.752930 0.702148 0.758789 0.707031 0.759766 0.704102 0.752930
0 0.167969 0.760742 0.162109 0.762695 0.160156 0.766602 0.166992 0.765625
0 0.259766 0.806641 0.253906 0.807617 0.250977 0.813477 0.257812 0.811523
0 0.889648 0.081055 0.889648 0.083008 0.898438 0.083008 0.900391 0.079102 0.893555 0.078125
0 0.321289 0.669922 0.325195 0.675781 0.331055 0.676758 0.329102 0.670898
0 0.052734 0.543945 0.055664 0.547852 0.062500 0.548828 0.060547 0.543945
0 0.598633 0.589844 0.605469 0.590820 0.611328 0.586914 0.602539 0.584961
0 0.243164 0.110352 0.250977 0.110352 0.254883 0.104492 0.247070 0.104492 0.243164 0.107422
0 0.788086 0.692383 0.790039 0.699219 0.794922 0.700195 0.794922 0.696289
0 0.887695 0.310547 0.882812 0.312500 0.881836 0.320312 0.884766 0.320312
0 0.150391 0.826172 0.149414 0.831055 0.155273 0.835938 0.153320 0.828125
0 0.274414 0.303711 0.273438 0.315430 0.276367 0.315430 0.277344 0.305664
0 0.960938 0.983398 0.955078 0.982422 0.951172 0.987305 0.958008 0.987305
0 0.881836 0.180664 0.882812 0.185547 0.890625 0.188477 0.886719 0.181641
0 0.291992 0.876953 0.286133 0.883789 0.287109 0.888672 0.292969 0.883789
0 0.448242 0.835938 0.448242 0.841797 0.454102 0.845703 0.453125 0.837891
0 0.428711 0.022461 0.433594 0.027344 0.443359 0.025391 0.439453 0.022461
0 0.832031 0.052734 0.825195 0.054688 0.823242 0.059570 0.829102 0.058594
0 0.094727 0.249023 0.091797 0.247070 0.085938 0.250000 0.083984 0.254883 0.091797 0.253906
0 0.299805 0.815430 0.294922 0.817383 0.292969 0.824219 0.299805 0.820312
0 0.186523 0.589844 0.180664 0.589844 0.177734 0.595703 0.185547 0.594727
0 0.775391 0.890625 0.782227 0.889648 0.784180 0.885742 0.776367 0.886719