0 0.097656 0.081055 0.101562 0.084961 0.108398 0.083984 0.105469 0.080078
0 0.430664 0.041016 0.423828 0.042969 0.421875 0.049805 0.426758 0.048828
0 0.238281 0.375977 0.238281 0.380859 0.243164 0.385742 0.250000 0.386719 0.245117 0.376953
0 0.982422 0.644531 0.974609 0.645508 0.971680 0.651367 0.979492 0.650391
0 0.456055 0.697266 0.449219 0.697266 0.445312 0.702148 0.454102 0.702148
0 0.811523 0.455078 0.807617 0.456055 0.805664 0.459961 0.806641 0.467773 0.810547 0.463867
0 0.651367 0.648438 0.650391 0.655273 0.654297 0.659180 0.655273 0.650391
0 0.202148 0.556641 0.198242 0.557617 0.197266 0.564453 0.201172 0.561523
0 0.848633 0.892578 0.846680 0.901367 0.848633 0.906250 0.850586 0.906250 0.852539 0.894531
0 0.432617 0.950195 0.431641 0.957031 0.436523 0.962891 0.437500 0.954102 0.435547 0.950195
0 0.077148 0.346680 0.073242 0.349609 0.074219 0.358398 0.078125 0.353516
0 0.013672 0.503906 0.017578 0.508789 0.024414 0.507812 0.022461 0.503906
0 0.728516 0.854492 0.729492 0.860352 0.734375 0.863281 0.733398 0.856445
0 0.075195 0.248047 0.074219 0.255859 0.076172 0.260742 0.078125 0.260742 0.079102 0.250977
0 0.266602 0.422852 0.265625 0.429688 0.269531 0.434570 0.271484 0.427734
0 0.343750 0.449219 0.334961 0.450195 0.332031 0.452148 0.331055 0.457031 0.338867 0.456055
0 0.908203 0.763672 0.901367 0.765625 0.899414 0.772461 0.905273 0.770508
0 0.416992 0.931641 0.418945 0.936523 0.425781 0.937500 0.422852 0.932617
0 0.940430 0.856445 0.932617 0.859375 0.931641 0.867188 0.939453 0.862305
0 0.288086 0.057617 0.280273 0.057617 0.277344 0.063477 0.285156 0.062500
0 0.251953 0.291016 0.252930 0.295898 0.260742 0.297852 0.256836 0.291992
0 0.186523 0.868164 0.190430 0.871094 0.198242 0.870117 0.196289 0.866211
0 0.972656 0.321289 0.973633 0.324219 0.982422 0.322266 0.981445 0.320312
0 0.540039 0.803711 0.536133 0.804688 0.534180 0.812500 0.541016 0.808594
0 0.627930 0.953125 0.633789 0.957031 0.638672 0.955078 0.632812 0.951172
0 0.482422 0.937500 0.485352 0.941406 0.492188 0.941406 0.490234 0.937500
0 0.119141 0.342773 0.122070 0.346680 0.129883 0.344727 0.126953 0.341797
0 0.235352 0.390625 0.232422 0.392578 0.232422 0.400391 0.236328 0.396484
0 0.521484 0.592773 0.518555 0.593750 0.517578 0.601562 0.521484 0.599609
0 0.692383 0.897461 0.691406 0.902344 0.693359 0.906250 0.698242 0.908203 0.697266 0.900391
0 0.019531 0.674805 0.014648 0.677734 0.014648 0.685547 0.019531 0.680664
0 0.974609 0.737305 0.972656 0.740234 0.979492 0.747070 0.979492 0.741211
0 0.333008 0.706055 0.331055 0.710938 0.334961 0.717773 0.336914 0.710938
0 0.772461 0.859375 0.773438 0.862305 0.783203 0.861328 0.781250 0.857422
0 0.891602 0.783203 0.894531 0.786133 0.902344 0.786133 0.901367 0.782227
0 0.791992 0.727539 0.786133 0.728516 0.783203 0.733398 0.789062 0.733398
0 0.361328 0.260742 0.362305 0.265625 0.369141 0.267578 0.367188 0.262695
0 0.253906 0.466797 0.253906 0.473633 0.258789 0.476562 0.258789 0.469727
0 0.012695 0.153320 0.016602 0.158203 0.023438 0.157227 0.018555 0.152344
0 0.752930 0.210938 0.750000 0.210938 0.748047 0.214844 0.750000 0.221680 0.753906 0.215820
0 0.143555 0.993164 0.151367 0.993164 0.152344 0.990234 0.146484 0.990234
0 0.305664 0.699219 0.307617 0.703125 0.314453 0.705078 0.313477 0.700195
0 0.916016 0.734375 0.916016 0.742188 0.918945 0.744141 0.919922 0.735352
0 0.960938 0.039062 0.956055 0.039062 0.950195 0.046875 0.958984 0.044922
0 0.920898 0.082031 0.916016 0.083984 0.915039 0.090820 0.919922 0.087891
0 0.139648 0.448242 0.134766 0.448242 0.130859 0.452148 0.129883 0.457031 0.136719 0.455078
0 0.762695 0.499023 0.753906 0.500000 0.750977 0.504883 0.759766 0.503906
0 0.365234 0.434570 0.360352 0.431641 0.355469 0.433594 0.354492 0.436523 0.359375 0.437500
0 0.610352 0.737305 0.607422 0.737305 0.604492 0.741211 0.603516 0.750000 0.609375 0.748047
0 0.333008 0.507812 0.329102 0.510742 0.330078 0.519531 0.333984 0.514648
0 0.769531 0.244141 0.769531 0.250000 0.778320 0.253906 0.776367 0.247070
0 0.383789 0.162109 0.378906 0.162109 0.375977 0.167969 0.381836 0.166016
0 0.494141 0.709961 0.494141 0.711914 0.498047 0.712891 0.502930 0.711914 0.501953 0.708008
0 0.189453 0.838867 0.183594 0.842773 0.182617 0.849609 0.184570 0.850586 0.188477 0.846680
0 0.619141 0.016602 0.614258 0.016602 0.611328 0.022461 0.616211 0.021484
0 0.602539 0.063477 0.603516 0.068359 0.611328 0.070312 0.607422 0.064453
0 0.326172 0.785156 0.326172 0.790039 0.330078 0.795898 0.331055 0.788086 0.329102 0.785156
0 0.101562 0.102539 0.097656 0.104492 0.097656 0.111328 0.102539 0.107422
0 0.629883 0.660156 0.625000 0.664062 0.624023 0.673828 0.629883 0.668945
0 0.248047 0.424805 0.255859 0.429688 0.262695 0.427734 0.261719 0.424805 0.253906 0.421875
0 0.783203 0.794922 0.781250 0.804688 0.785156 0.806641 0.787109 0.800781
0 0.478516 0.431641 0.478516 0.439453 0.482422 0.441406 0.482422 0.434570
0 0.588867 0.653320 0.584961 0.653320 0.580078 0.662109 0.584961 0.661133
0 0.799805 0.875000 0.795898 0.876953 0.795898 0.884766 0.799805 0.881836
0 0.375977 0.455078 0.367188 0.455078 0.365234 0.459961 0.370117 0.459961
0 0.298828 0.615234 0.299805 0.622070 0.305664 0.625000 0.304688 0.618164
0 0.583984 0.600586 0.579102 0.602539 0.577148 0.608398 0.583984 0.605469