0 0.738281 0.939453 0.734375 0.942383 0.734375 0.949219 0.737305 0.949219 0.739258 0.945312
0 0.548828 0.797852 0.550781 0.805664 0.554688 0.807617 0.554688 0.799805
0 0.416992 0.935547 0.418945 0.941406 0.423828 0.941406 0.422852 0.937500
0 0.033203 0.980469 0.028320 0.982422 0.027344 0.988281 0.032227 0.986328
0 0.046875 0.561523 0.048828 0.570312 0.054688 0.572266 0.054688 0.567383
0 0.434570 0.172852 0.437500 0.176758 0.444336 0.176758 0.442383 0.172852
0 0.294922 0.372070 0.302734 0.371094 0.305664 0.369141 0.305664 0.366211 0.296875 0.367188
0 0.827148 0.327148 0.831055 0.332031 0.837891 0.331055 0.834961 0.327148
0 0.358398 0.343750 0.362305 0.347656 0.367188 0.348633 0.369141 0.346680 0.366211 0.343750
0 0.620117 0.467773 0.622070 0.472656 0.629883 0.473633 0.625977 0.468750
0 0.743164 0.534180 0.743164 0.543945 0.747070 0.545898 0.747070 0.536133
0 0.474609 0.180664 0.476562 0.184570 0.484375 0.184570 0.488281 0.181641 0.484375 0.178711
0 0.397461 0.115234 0.402344 0.116211 0.408203 0.112305 0.400391 0.111328
0 0.696289 0.232422 0.696289 0.237305 0.702148 0.241211 0.701172 0.235352
0 0.221680 0.729492 0.214844 0.730469 0.210938 0.737305 0.219727 0.735352 0.222656 0.731445
0 0.566406 0.378906 0.566406 0.387695 0.570312 0.391602 0.571289 0.381836 0.569336 0.378906
0 0.333008 0.620117 0.331055 0.627930 0.334961 0.633789 0.336914 0.624023
0 0.773438 0.712891 0.777344 0.717773 0.784180 0.717773 0.784180 0.714844 0.780273 0.712891
0 0.343750 0.056641 0.338867 0.058594 0.337891 0.068359 0.340820 0.068359 0.342773 0.065430
0 0.420898 0.204102 0.418945 0.210938 0.423828 0.216797 0.424805 0.208984
0 0.215820 0.528320 0.220703 0.534180 0.225586 0.534180 0.224609 0.530273
0 0.536133 0.444336 0.536133 0.450195 0.540039 0.454102 0.541016 0.445312
0 0.375000 0.881836 0.370117 0.882812 0.367188 0.891602 0.374023 0.888672
0 0.853516 0.191406 0.850586 0.191406 0.848633 0.194336 0.849609 0.201172 0.853516 0.196289
0 0.365234 0.363281 0.364258 0.370117 0.368164 0.375000 0.369141 0.366211
0 0.715820 0.100586 0.714844 0.108398 0.718750 0.112305 0.720703 0.102539
0 0.252930 0.845703 0.252930 0.851562 0.260742 0.856445 0.258789 0.848633
0 0.602539 0.979492 0.606445 0.985352 0.612305 0.985352 0.611328 0.981445
0 0.218750 0.656250 0.224609 0.657227 0.229492 0.655273 0.230469 0.651367 0.221680 0.651367
0 0.589844 0.404297 0.596680 0.404297 0.599609 0.400391 0.590820 0.400391
0 0.803711 0.881836 0.805664 0.890625 0.809570 0.892578 0.809570 0.883789
0 0.401367 0.192383 0.409180 0.194336 0.410156 0.190430 0.403320 0.190430
0 0.924805 0.706055 0.923828 0.710938 0.928711 0.716797 0.929688 0.710938
0 0.022461 0.857422 0.023438 0.864258 0.027344 0.866211 0.027344 0.860352
0 0.685547 0.333984 0.680664 0.336914 0.680664 0.345703 0.686523 0.339844
0 0.869141 0.728516 0.863281 0.728516 0.860352 0.735352 0.867188 0.733398
0 0.817383 0.093750 0.812500 0.095703 0.811523 0.103516 0.816406 0.099609
0 0.241211 0.943359 0.240234 0.951172 0.243164 0.955078 0.245117 0.944336
0 0.479492 0.272461 0.475586 0.275391 0.475586 0.283203 0.479492 0.280273
0 0.071289 0.199219 0.065430 0.202148 0.064453 0.207031 0.070312 0.205078
0 0.321289 0.408203 0.316406 0.407227 0.311523 0.411133 0.318359 0.412109
0 0.323242 0.870117 0.322266 0.877930 0.324219 0.882812 0.326172 0.882812 0.328125 0.875000 0.326172 0.870117
0 0.358398 0.810547 0.359375 0.814453 0.366211 0.815430 0.364258 0.811523
0 0.948242 0.064453 0.952148 0.071289 0.958008 0.072266 0.955078 0.065430