0 0.562500 0.022461 0.563477 0.025391 0.572266 0.025391 0.570312 0.021484
0 0.729492 0.921875 0.730469 0.924805 0.739258 0.923828 0.738281 0.919922
0 0.389648 0.610352 0.383789 0.612305 0.381836 0.619141 0.389648 0.614258
0 0.178711 0.714844 0.174805 0.715820 0.172852 0.724609 0.178711 0.720703
0 0.630859 0.700195 0.625000 0.701172 0.622070 0.704102 0.622070 0.708008 0.626953 0.707031
0 0.642578 0.559570 0.642578 0.567383 0.647461 0.570312 0.646484 0.561523
0 0.874023 0.230469 0.875977 0.238281 0.880859 0.241211 0.880859 0.235352
0 0.839844 0.952148 0.837891 0.953125 0.838867 0.961914 0.841797 0.958984 0.841797 0.953125
0 0.219727 0.905273 0.213867 0.905273 0.209961 0.910156 0.216797 0.910156
0 0.454102 0.296875 0.448242 0.297852 0.446289 0.303711 0.451172 0.302734
0 0.466797 0.543945 0.466797 0.552734 0.469727 0.556641 0.472656 0.556641 0.472656 0.547852
0 0.862305 0.820312 0.859375 0.825195 0.862305 0.834961 0.865234 0.829102
0 0.476562 0.514648 0.470703 0.519531 0.469727 0.528320 0.471680 0.529297 0.477539 0.523438
0 0.477539 0.603516 0.470703 0.603516 0.466797 0.609375 0.474609 0.608398
0 0.530273 0.152344 0.537109 0.152344 0.539062 0.148438 0.533203 0.148438
0 0.894531 0.205078 0.890625 0.208008 0.890625 0.215820 0.894531 0.214844
0 0.966797 0.903320 0.962891 0.907227 0.962891 0.912109 0.967773 0.909180
0 0.563477 0.322266 0.562500 0.328125 0.567383 0.332031 0.567383 0.325195
0 0.481445 0.859375 0.481445 0.863281 0.488281 0.868164 0.488281 0.863281
0 0.014648 0.833984 0.009766 0.835938 0.008789 0.845703 0.012695 0.844727
0 0.684570 0.583984 0.686523 0.589844 0.692383 0.592773 0.696289 0.591797 0.692383 0.585938
0 0.857422 0.685547 0.852539 0.688477 0.851562 0.694336 0.856445 0.692383
0 0.643555 0.424805 0.644531 0.432617 0.650391 0.435547 0.649414 0.427734
0 0.292969 0.646484 0.285156 0.647461 0.281250 0.654297 0.290039 0.653320 0.292969 0.650391
0 0.208984 0.174805 0.199219 0.174805 0.196289 0.179688 0.201172 0.180664
0 0.010742 0.783203 0.009766 0.790039 0.013672 0.793945 0.014648 0.786133
0 0.838867 0.791016 0.842773 0.795898 0.849609 0.794922 0.847656 0.791016
0 0.064453 0.071289 0.055664 0.073242 0.053711 0.078125 0.059570 0.078125 0.064453 0.074219
0 0.463867 0.426758 0.460938 0.426758 0.458984 0.429688 0.458984 0.437500 0.463867 0.433594
0 0.244141 0.057617 0.245117 0.060547 0.252930 0.060547 0.250977 0.057617
0 0.083008 0.772461 0.085938 0.779297 0.093750 0.781250 0.089844 0.774414
0 0.825195 0.152344 0.824219 0.160156 0.827148 0.161133 0.828125 0.152344
0 0.130859 0.812500 0.132812 0.814453 0.141602 0.813477 0.138672 0.810547
0 0.931641 0.332031 0.931641 0.338867 0.935547 0.340820 0.935547 0.333984
0 0.834961 0.008789 0.833008 0.007812 0.829102 0.010742 0.828125 0.016602 0.833008 0.014648
0 0.624023 0.247070 0.624023 0.250977 0.630859 0.254883 0.631836 0.251953
0 0.718750 0.939453 0.711914 0.941406 0.708984 0.945312 0.709961 0.947266 0.714844 0.946289
0 0.543945 0.025391 0.541016 0.025391 0.538086 0.029297 0.539062 0.037109 0.543945 0.032227
0 0.938477 0.840820 0.938477 0.844727 0.941406 0.845703 0.951172 0.843750 0.949219 0.840820
0 0.703125 0.539062 0.706055 0.545898 0.713867 0.547852 0.708984 0.540039
0 0.833008 0.246094 0.835938 0.254883 0.840820 0.256836 0.839844 0.249023
0 0.092773 0.598633 0.092773 0.605469 0.096680 0.609375 0.097656 0.602539 0.095703 0.598633
0 0.961914 0.561523 0.961914 0.566406 0.967773 0.570312 0.965820 0.562500
0 0.612305 0.819336 0.608398 0.820312 0.607422 0.828125 0.612305 0.824219
0 0.502930 0.896484 0.498047 0.898438 0.497070 0.907227 0.501953 0.904297
0 0.432617 0.386719 0.426758 0.387695 0.423828 0.392578 0.429688 0.392578
0 0.500977 0.945312 0.498047 0.947266 0.499023 0.956055 0.501953 0.952148
0 0.269531 0.407227 0.260742 0.410156 0.258789 0.416016 0.265625 0.415039
0 0.102539 0.805664 0.097656 0.808594 0.096680 0.818359 0.103516 0.812500