0 0.366211 0.486328 0.361328 0.491211 0.361328 0.498047 0.364258 0.498047 0.367188 0.494141
0 0.424805 0.077148 0.418945 0.082031 0.417969 0.087891 0.421875 0.087891 0.426758 0.081055
0 0.735352 0.125000 0.736328 0.132812 0.742188 0.135742 0.741211 0.127930
0 0.759766 0.267578 0.762695 0.271484 0.769531 0.271484 0.767578 0.267578
0 0.064453 0.506836 0.064453 0.515625 0.068359 0.517578 0.069336 0.510742
0 0.134766 0.739258 0.128906 0.742188 0.128906 0.749023 0.133789 0.746094
0 0.557617 0.083008 0.559570 0.088867 0.566406 0.090820 0.561523 0.083008
0 0.973633 0.099609 0.976562 0.103516 0.985352 0.103516 0.980469 0.098633
0 0.803711 0.006836 0.798828 0.010742 0.799805 0.019531 0.804688 0.013672
0 0.035156 0.302734 0.030273 0.305664 0.030273 0.313477 0.035156 0.309570
0 0.601562 0.574219 0.601562 0.580078 0.606445 0.583984 0.605469 0.576172
0 0.366211 0.746094 0.365234 0.753906 0.368164 0.757812 0.370117 0.747070
0 0.378906 0.963867 0.378906 0.969727 0.383789 0.974609 0.383789 0.966797
0 0.397461 0.680664 0.393555 0.682617 0.392578 0.691406 0.397461 0.688477
0 0.028320 0.875977 0.035156 0.875977 0.039062 0.871094 0.032227 0.871094 0.028320 0.873047
0 0.708984 0.698242 0.705078 0.700195 0.706055 0.709961 0.709961 0.706055
0 0.317383 0.545898 0.319336 0.551758 0.325195 0.552734 0.322266 0.546875
0 0.279297 0.316406 0.279297 0.324219 0.283203 0.326172 0.283203 0.319336
0 0.658203 0.237305 0.653320 0.241211 0.653320 0.250000 0.659180 0.243164
0 0.254883 0.181641 0.256836 0.188477 0.261719 0.189453 0.260742 0.184570
0 0.930664 0.212891 0.924805 0.212891 0.919922 0.217773 0.927734 0.217773 0.930664 0.215820
0 0.528320 0.802734 0.523438 0.800781 0.516602 0.803711 0.516602 0.805664 0.522461 0.806641 0.528320 0.804688
0 0.757812 0.156250 0.758789 0.163086 0.764648 0.166016 0.763672 0.159180
0 0.549805 0.721680 0.547852 0.728516 0.553711 0.734375 0.554688 0.728516
0 0.337891 0.866211 0.341797 0.871094 0.348633 0.871094 0.343750 0.865234
0 0.018555 0.339844 0.018555 0.346680 0.020508 0.350586 0.023438 0.350586 0.023438 0.343750
0 0.915039 0.863281 0.916016 0.869141 0.921875 0.872070 0.921875 0.867188
0 0.213867 0.602539 0.215820 0.606445 0.225586 0.605469 0.219727 0.601562
0 0.973633 0.428711 0.965820 0.426758 0.958008 0.429688 0.958008 0.431641 0.967773 0.433594
0 0.669922 0.006836 0.665039 0.005859 0.659180 0.013672 0.666016 0.012695
0 0.808594 0.848633 0.809570 0.852539 0.818359 0.854492 0.815430 0.849609
0 0.682617 0.099609 0.685547 0.102539 0.692383 0.101562 0.689453 0.097656
0 0.794922 0.319336 0.790039 0.323242 0.791016 0.330078 0.795898 0.325195
0 0.580078 0.104492 0.581055 0.111328 0.588867 0.114258 0.586914 0.107422
0 0.250977 0.754883 0.248047 0.755859 0.246094 0.761719 0.249023 0.768555 0.251953 0.763672
0 0.364258 0.585938 0.372070 0.586914 0.375000 0.583984 0.367188 0.582031
0 0.974609 0.591797 0.969727 0.592773 0.966797 0.597656 0.973633 0.596680
0 0.324219 0.869141 0.317383 0.870117 0.313477 0.874023 0.312500 0.878906 0.321289 0.876953
0 0.967773 0.248047 0.963867 0.250977 0.963867 0.258789 0.966797 0.258789 0.968750 0.254883