0 0.977539 0.854492 0.980469 0.857422 0.988281 0.855469 0.985352 0.852539
0 0.977539 0.168945 0.978516 0.176758 0.984375 0.179688 0.982422 0.170898
0 0.302734 0.019531 0.293945 0.019531 0.292969 0.023438 0.297852 0.023438
0 0.770508 0.451172 0.770508 0.459961 0.774414 0.460938 0.774414 0.453125
0 0.541992 0.921875 0.536133 0.922852 0.534180 0.927734 0.539062 0.926758
0 0.702148 0.309570 0.694336 0.311523 0.692383 0.318359 0.698242 0.317383
0 0.671875 0.232422 0.673828 0.239258 0.680664 0.243164 0.681641 0.240234 0.678711 0.233398
0 0.932617 0.575195 0.928711 0.579102 0.928711 0.584961 0.933594 0.580078
0 0.881836 0.892578 0.890625 0.892578 0.894531 0.887695 0.885742 0.887695
0 0.976562 0.832031 0.969727 0.835938 0.968750 0.840820 0.971680 0.840820 0.976562 0.835938
0 0.130859 0.056641 0.127930 0.057617 0.127930 0.065430 0.130859 0.063477
0 0.211914 0.384766 0.206055 0.386719 0.204102 0.395508 0.209961 0.392578
0 0.614258 0.980469 0.608398 0.981445 0.606445 0.985352 0.613281 0.984375
0 0.708008 0.769531 0.702148 0.772461 0.701172 0.779297 0.707031 0.775391
0 0.900391 0.216797 0.898438 0.224609 0.901367 0.230469 0.904297 0.230469 0.905273 0.222656
0 0.749023 0.163086 0.749023 0.168945 0.752930 0.171875 0.753906 0.166992
0 0.672852 0.507812 0.668945 0.509766 0.667969 0.514648 0.671875 0.513672
0 0.804688 0.812500 0.803711 0.822266 0.805664 0.825195 0.808594 0.825195 0.809570 0.818359 0.807617 0.813477
0 0.020508 0.930664 0.020508 0.933594 0.031250 0.932617 0.028320 0.929688
0 0.865234 0.373047 0.865234 0.376953 0.870117 0.378906 0.877930 0.376953 0.873047 0.372070
0 0.797852 0.520508 0.789062 0.521484 0.787109 0.526367 0.792969 0.526367
0 0.368164 0.305664 0.370117 0.310547 0.376953 0.312500 0.374023 0.306641
0 0.160156 0.691406 0.163086 0.696289 0.170898 0.697266 0.168945 0.692383
0 0.317383 0.597656 0.317383 0.602539 0.323242 0.606445 0.322266 0.600586
0 0.763672 0.395508 0.763672 0.397461 0.772461 0.398438 0.771484 0.394531
0 0.468750 0.809570 0.468750 0.815430 0.472656 0.818359 0.471680 0.810547
0 0.316406 0.628906 0.317383 0.632812 0.327148 0.630859 0.324219 0.627930
0 0.146484 0.044922 0.148438 0.052734 0.153320 0.053711 0.152344 0.046875
0 0.485352 0.585938 0.485352 0.589844 0.493164 0.593750 0.492188 0.588867
0 0.207031 0.370117 0.206055 0.375000 0.210938 0.378906 0.210938 0.373047
0 0.351562 0.371094 0.348633 0.376953 0.350586 0.381836 0.353516 0.379883 0.353516 0.373047
0 0.677734 0.626953 0.678711 0.637695 0.682617 0.639648 0.682617 0.628906
0 0.092773 0.043945 0.087891 0.048828 0.087891 0.055664 0.092773 0.054688
0 0.654297 0.632812 0.654297 0.639648 0.658203 0.642578 0.658203 0.634766
0 0.768555 0.850586 0.765625 0.850586 0.762695 0.855469 0.761719 0.861328 0.763672 0.863281 0.768555 0.859375
0 0.772461 0.084961 0.767578 0.086914 0.766602 0.092773 0.771484 0.090820
0 0.692383 0.129883 0.693359 0.132812 0.701172 0.130859 0.699219 0.127930
0 0.185547 0.196289 0.180664 0.196289 0.175781 0.203125 0.182617 0.202148
0 0.343750 0.659180 0.335938 0.664062 0.336914 0.667969 0.343750 0.664062
0 0.828125 0.080078 0.830078 0.085938 0.835938 0.088867 0.835938 0.083984
0 0.397461 0.684570 0.394531 0.687500 0.395508 0.695312 0.399414 0.691406
0 0.836914 0.007812 0.832031 0.007812 0.828125 0.013672 0.834961 0.012695
0 0.134766 0.040039 0.128906 0.041992 0.126953 0.049805 0.133789 0.045898
0 0.380859 0.119141 0.375977 0.121094 0.374023 0.127930 0.377930 0.127930
0 0.291992 0.969727 0.288086 0.972656 0.288086 0.980469 0.292969 0.977539
0 0.946289 0.922852 0.947266 0.928711 0.954102 0.932617 0.952148 0.924805
0 0.685547 0.661133 0.683594 0.663086 0.684570 0.669922 0.688477 0.673828 0.689453 0.663086
0 0.478516 0.052734 0.476562 0.058594 0.477539 0.063477 0.480469 0.064453 0.481445 0.053711
0 0.823242 0.673828 0.822266 0.677734 0.831055 0.682617 0.830078 0.676758
0 0.226562 0.955078 0.224609 0.956055 0.225586 0.966797 0.228516 0.966797 0.229492 0.957031
0 0.743164 0.304688 0.747070 0.308594 0.755859 0.307617 0.753906 0.303711
0 0.643555 0.920898 0.641602 0.922852 0.642578 0.933594 0.646484 0.930664 0.646484 0.922852
0 0.441406 0.767578 0.436523 0.769531 0.436523 0.776367 0.439453 0.774414
0 0.629883 0.833984 0.623047 0.834961 0.619141 0.841797 0.625977 0.840820
0 0.074219 0.778320 0.068359 0.781250 0.067383 0.789062 0.073242 0.785156
0 0.138672 0.870117 0.148438 0.871094 0.151367 0.867188 0.143555 0.866211