0 0.701172 0.583008 0.702148 0.586914 0.711914 0.586914 0.708008 0.583008
0 0.836914 0.235352 0.837891 0.237305 0.846680 0.237305 0.848633 0.233398 0.841797 0.232422
0 0.611328 0.837891 0.611328 0.840820 0.621094 0.843750 0.619141 0.838867
0 0.633789 0.947266 0.633789 0.952148 0.639648 0.957031 0.638672 0.950195
0 0.861328 0.280273 0.863281 0.284180 0.870117 0.285156 0.870117 0.282227
0 0.449219 0.877930 0.445312 0.880859 0.446289 0.887695 0.451172 0.882812
0 0.018555 0.361328 0.014648 0.362305 0.015625 0.372070 0.018555 0.369141
0 0.506836 0.708984 0.500000 0.711914 0.498047 0.720703 0.504883 0.717773
0 0.266602 0.490234 0.262695 0.493164 0.262695 0.501953 0.266602 0.499023
0 0.771484 0.439453 0.773438 0.447266 0.778320 0.450195 0.776367 0.440430
0 0.324219 0.215820 0.318359 0.220703 0.320312 0.227539 0.324219 0.224609
0 0.278320 0.057617 0.274414 0.058594 0.276367 0.068359
0 0.810547 0.360352 0.815430 0.366211 0.821289 0.365234 0.817383 0.360352
0 0.487305 0.960938 0.480469 0.964844 0.479492 0.972656 0.486328 0.968750
0 0.356445 0.194336 0.349609 0.196289 0.345703 0.203125 0.353516 0.201172
0 0.272461 0.319336 0.267578 0.319336 0.262695 0.325195 0.270508 0.324219
0 0.445312 0.189453 0.448242 0.198242 0.452148 0.199219 0.452148 0.193359
0 0.660156 0.606445 0.655273 0.607422 0.653320 0.615234 0.659180 0.611328
0 0.333984 0.595703 0.340820 0.596680 0.345703 0.591797 0.337891 0.590820
0 0.519531 0.207031 0.525391 0.210938 0.529297 0.209961 0.525391 0.205078
0 0.847656 0.762695 0.841797 0.763672 0.838867 0.769531 0.846680 0.767578
0 0.041016 0.624023 0.042969 0.631836 0.045898 0.632812 0.044922 0.625000
0 0.172852 0.212891 0.167969 0.213867 0.166016 0.218750 0.170898 0.217773
0 0.477539 0.983398 0.479492 0.993164 0.483398 0.994141 0.482422 0.986328
0 0.350586 0.525391 0.343750 0.527344 0.340820 0.533203 0.347656 0.532227
0 0.443359 0.010742 0.441406 0.019531 0.445312 0.020508 0.446289 0.012695
0 0.825195 0.636719 0.829102 0.641602 0.834961 0.641602 0.833984 0.637695
0 0.369141 0.503906 0.362305 0.503906 0.358398 0.509766 0.366211 0.508789
0 0.275391 0.384766 0.277344 0.388672 0.286133 0.386719 0.284180 0.383789
0 0.569336 0.058594 0.565430 0.059570 0.563477 0.068359 0.569336 0.063477
0 0.270508 0.644531 0.263672 0.646484 0.260742 0.654297 0.266602 0.653320 0.269531 0.650391