0 0.890625 0.489258 0.889648 0.494141 0.891602 0.500000 0.893555 0.500000 0.894531 0.491211
0 0.852539 0.906250 0.847656 0.908203 0.846680 0.916992 0.851562 0.914062
0 0.877930 0.333984 0.877930 0.340820 0.881836 0.342773 0.881836 0.336914
0 0.208008 0.012695 0.208984 0.017578 0.212891 0.019531 0.211914 0.013672
0 0.245117 0.852539 0.239258 0.852539 0.234375 0.857422 0.242188 0.857422 0.245117 0.855469
0 0.030273 0.124023 0.032227 0.126953 0.040039 0.125977 0.040039 0.123047
0 0.358398 0.680664 0.354492 0.685547 0.354492 0.690430 0.357422 0.690430 0.359375 0.687500
0 0.853516 0.215820 0.851562 0.216797 0.852539 0.225586 0.855469 0.222656
0 0.569336 0.472656 0.565430 0.475586 0.566406 0.484375 0.570312 0.479492
0 0.046875 0.440430 0.041992 0.445312 0.041992 0.452148 0.046875 0.448242
0 0.044922 0.658203 0.046875 0.662109 0.054688 0.662109 0.051758 0.658203
0 0.184570 0.823242 0.185547 0.832031 0.192383 0.835938 0.191406 0.828125
0 0.969727 0.616211 0.969727 0.620117 0.977539 0.625000 0.977539 0.619141
0 0.530273 0.958984 0.537109 0.959961 0.542969 0.956055 0.535156 0.954102
0 0.265625 0.201172 0.261719 0.203125 0.259766 0.209961 0.264648 0.208008
0 0.470703 0.896484 0.470703 0.905273 0.474609 0.908203 0.476562 0.903320 0.474609 0.898438
0 0.770508 0.008789 0.767578 0.009766 0.766602 0.013672 0.768555 0.020508 0.772461 0.013672
0 0.830078 0.616211 0.823242 0.616211 0.819336 0.621094 0.827148 0.621094
0 0.647461 0.381836 0.641602 0.382812 0.639648 0.387695 0.645508 0.386719
0 0.641602 0.204102 0.641602 0.208984 0.645508 0.211914 0.645508 0.206055
0 0.566406 0.262695 0.566406 0.267578 0.570312 0.271484 0.571289 0.265625 0.569336 0.262695
0 0.398438 0.648438 0.398438 0.651367 0.401367 0.652344 0.411133 0.650391 0.410156 0.646484
0 0.760742 0.637695 0.767578 0.638672 0.773438 0.633789 0.764648 0.632812 0.760742 0.634766
0 0.581055 0.699219 0.583008 0.704102 0.589844 0.704102 0.587891 0.700195
0 0.273438 0.143555 0.275391 0.148438 0.282227 0.149414 0.281250 0.145508
0 0.117188 0.073242 0.111328 0.074219 0.107422 0.081055 0.115234 0.078125
0 0.878906 0.214844 0.878906 0.216797 0.882812 0.217773 0.887695 0.216797 0.885742 0.212891
0 0.505859 0.614258 0.502930 0.615234 0.502930 0.625000 0.505859 0.624023 0.507812 0.619141
0 0.110352 0.432617 0.106445 0.438477 0.108398 0.443359 0.112305 0.437500
0 0.854492 0.533203 0.848633 0.536133 0.846680 0.543945 0.854492 0.539062
0 0.065430 0.509766 0.065430 0.516602 0.071289 0.520508 0.070312 0.512695
0 0.479492 0.721680 0.482422 0.725586 0.488281 0.725586 0.487305 0.721680
0 0.250000 0.959961 0.253906 0.965820 0.260742 0.965820 0.258789 0.961914
0 0.858398 0.396484 0.854492 0.397461 0.853516 0.406250 0.857422 0.404297
0 0.651367 0.947266 0.647461 0.948242 0.645508 0.956055 0.650391 0.954102
0 0.645508 0.633789 0.638672 0.634766 0.635742 0.640625 0.641602 0.639648
0 0.485352 0.787109 0.486328 0.793945 0.491211 0.796875 0.492188 0.791992 0.490234 0.788086
0 0.687500 0.182617 0.686523 0.187500 0.691406 0.195312 0.693359 0.188477 0.691406 0.183594
0 0.347656 0.042969 0.348633 0.048828 0.353516 0.052734 0.355469 0.051758 0.354492 0.046875
0 0.844727 0.129883 0.841797 0.129883 0.839844 0.132812 0.840820 0.139648 0.844727 0.134766
0 0.854492 0.792969 0.849609 0.798828 0.850586 0.804688 0.856445 0.798828 0.856445 0.793945
0 0.694336 0.720703 0.697266 0.724609 0.705078 0.722656 0.702148 0.719727
0 0.468750 0.950195 0.470703 0.954102 0.478516 0.954102 0.480469 0.952148 0.474609 0.949219
0 0.537109 0.894531 0.531250 0.896484 0.529297 0.902344 0.534180 0.901367 0.537109 0.898438
0 0.669922 0.357422 0.669922 0.360352 0.672852 0.361328 0.680664 0.359375 0.679688 0.356445 0.674805 0.355469
0 0.473633 0.228516 0.471680 0.235352 0.474609 0.238281 0.475586 0.229492
0 0.184570 0.037109 0.184570 0.041992 0.191406 0.045898 0.190430 0.040039
0 0.315430 0.401367 0.309570 0.407227 0.310547 0.415039 0.314453 0.412109
0 0.330078 0.166016 0.329102 0.173828 0.332031 0.177734 0.334961 0.177734 0.334961 0.170898
0 0.860352 0.956055 0.855469 0.958984 0.855469 0.969727 0.860352 0.964844
0 0.556641 0.885742 0.556641 0.888672 0.560547 0.891602 0.567383 0.891602 0.565430 0.886719
0 0.422852 0.015625 0.423828 0.022461 0.430664 0.025391 0.429688 0.019531
0 0.453125 0.466797 0.453125 0.472656 0.458008 0.476562 0.458008 0.470703
0 0.577148 0.439453 0.572266 0.440430 0.569336 0.445312 0.574219 0.446289
0 0.635742 0.509766 0.630859 0.511719 0.629883 0.517578 0.634766 0.515625
0 0.350586 0.504883 0.354492 0.507812 0.361328 0.507812 0.359375 0.503906 0.354492 0.502930
0 0.856445 0.091797 0.852539 0.093750 0.854492 0.102539 0.857422 0.096680
0 0.550781 0.870117 0.544922 0.874023 0.543945 0.882812 0.549805 0.880859
0 0.104492 0.492188 0.103516 0.499023 0.107422 0.502930 0.108398 0.494141
0 0.446289 0.495117 0.439453 0.499023 0.438477 0.504883 0.444336 0.502930
0 0.241211 0.039062 0.242188 0.045898 0.248047 0.050781 0.250000 0.048828 0.247070 0.041016
0 0.867188 0.777344 0.869141 0.780273 0.878906 0.779297 0.878906 0.776367 0.875000 0.775391
0 0.829102 0.660156 0.824219 0.661133 0.821289 0.666992 0.826172 0.666992
0 0.641602 0.234375 0.639648 0.241211 0.643555 0.247070 0.645508 0.238281