0 0.659180 0.411133 0.661133 0.419922 0.665039 0.421875 0.664062 0.413086
0 0.056641 0.124023 0.059570 0.128906 0.066406 0.130859 0.061523 0.123047
0 0.062500 0.496094 0.061523 0.502930 0.064453 0.506836 0.066406 0.497070
0 0.797852 0.955078 0.797852 0.964844 0.801758 0.966797 0.801758 0.958008
0 0.852539 0.906250 0.850586 0.911133 0.855469 0.917969 0.856445 0.912109
0 0.203125 0.934570 0.203125 0.943359 0.208008 0.947266 0.208008 0.937500
0 0.320312 0.472656 0.322266 0.480469 0.326172 0.481445 0.325195 0.474609
0 0.708984 0.024414 0.709961 0.029297 0.716797 0.033203 0.716797 0.028320
0 0.559570 0.387695 0.560547 0.394531 0.566406 0.397461 0.563477 0.388672
0 0.367188 0.917969 0.361328 0.920898 0.360352 0.928711 0.366211 0.923828
0 0.897461 0.384766 0.894531 0.394531 0.898438 0.400391 0.900391 0.389648
0 0.979492 0.282227 0.974609 0.280273 0.967773 0.284180 0.978516 0.285156
0 0.574219 0.170898 0.572266 0.176758 0.576172 0.182617 0.579102 0.173828 0.577148 0.170898
0 0.432617 0.562500 0.426758 0.565430 0.425781 0.574219 0.432617 0.569336
0 0.819336 0.859375 0.814453 0.863281 0.815430 0.872070 0.820312 0.868164
0 0.606445 0.877930 0.606445 0.881836 0.613281 0.885742 0.611328 0.879883
0 0.837891 0.346680 0.833984 0.348633 0.833984 0.357422 0.837891 0.353516
0 0.681641 0.718750 0.686523 0.721680 0.692383 0.719727 0.688477 0.716797
0 0.011719 0.422852 0.008789 0.423828 0.009766 0.431641 0.012695 0.427734
0 0.338867 0.639648 0.337891 0.645508 0.342773 0.650391 0.342773 0.643555
0 0.275391 0.922852 0.277344 0.926758 0.284180 0.926758 0.280273 0.922852
0 0.415039 0.058594 0.414062 0.064453 0.416992 0.070312 0.419922 0.070312 0.419922 0.061523
0 0.646484 0.823242 0.646484 0.830078 0.650391 0.833008 0.650391 0.825195
0 0.472656 0.434570 0.460938 0.436523 0.459961 0.441406 0.470703 0.439453
0 0.706055 0.688477 0.703125 0.689453 0.703125 0.697266 0.707031 0.693359
0 0.311523 0.329102 0.304688 0.329102 0.302734 0.333008 0.310547 0.332031
0 0.921875 0.361328 0.924805 0.365234 0.933594 0.365234 0.933594 0.362305 0.930664 0.360352
0 0.109375 0.229492 0.105469 0.229492 0.101562 0.233398 0.101562 0.237305 0.106445 0.236328 0.109375 0.233398
0 0.756836 0.624023 0.751953 0.626953 0.751953 0.634766 0.756836 0.629883
0 0.982422 0.764648 0.977539 0.765625 0.974609 0.772461 0.979492 0.771484
0 0.977539 0.220703 0.977539 0.226562 0.984375 0.230469 0.982422 0.222656