0 0.403320 0.758789 0.398438 0.760742 0.396484 0.767578 0.398438 0.769531 0.403320 0.764648
0 0.551758 0.570312 0.555664 0.576172 0.559570 0.576172 0.557617 0.571289
0 0.241211 0.388672 0.244141 0.394531 0.250977 0.395508 0.247070 0.389648
0 0.871094 0.467773 0.877930 0.467773 0.882812 0.462891 0.874023 0.461914 0.871094 0.463867
0 0.871094 0.524414 0.868164 0.523438 0.861328 0.526367 0.858398 0.533203 0.861328 0.534180 0.870117 0.530273
0 0.217773 0.146484 0.218750 0.152344 0.225586 0.156250 0.223633 0.148438
0 0.085938 0.416016 0.082031 0.417969 0.083008 0.427734 0.086914 0.421875
0 0.676758 0.061523 0.667969 0.062500 0.665039 0.067383 0.673828 0.066406
0 0.192383 0.110352 0.184570 0.111328 0.183594 0.115234 0.189453 0.115234
0 0.163086 0.824219 0.158203 0.829102 0.159180 0.834961 0.162109 0.833008
0 0.201172 0.148438 0.197266 0.150391 0.198242 0.158203 0.202148 0.152344
0 0.465820 0.112305 0.467773 0.116211 0.474609 0.118164 0.473633 0.113281
0 0.825195 0.883789 0.825195 0.885742 0.830078 0.887695 0.836914 0.886719 0.836914 0.883789 0.833008 0.881836
0 0.667969 0.783203 0.662109 0.786133 0.661133 0.791016 0.666016 0.790039 0.668945 0.785156
0 0.920898 0.176758 0.916992 0.179688 0.917969 0.186523 0.921875 0.184570
0 0.864258 0.926758 0.859375 0.927734 0.856445 0.933594 0.863281 0.931641
0 0.663086 0.773438 0.658203 0.773438 0.655273 0.779297 0.660156 0.778320
0 0.373047 0.742188 0.372070 0.750000 0.375000 0.752930 0.376953 0.744141
0 0.293945 0.767578 0.295898 0.770508 0.303711 0.770508 0.302734 0.766602
0 0.427734 0.536133 0.429688 0.543945 0.434570 0.546875 0.432617 0.537109
0 0.224609 0.264648 0.228516 0.268555 0.238281 0.266602 0.238281 0.263672 0.233398 0.261719
0 0.101562 0.283203 0.095703 0.286133 0.093750 0.293945 0.101562 0.289062
0 0.065430 0.799805 0.067383 0.803711 0.074219 0.804688 0.077148 0.802734 0.073242 0.798828
0 0.856445 0.244141 0.861328 0.249023 0.867188 0.248047 0.863281 0.243164
0 0.282227 0.303711 0.278320 0.307617 0.278320 0.312500 0.283203 0.309570
0 0.346680 0.114258 0.350586 0.118164 0.356445 0.117188 0.350586 0.113281
0 0.967773 0.613281 0.966797 0.618164 0.971680 0.624023 0.971680 0.615234
0 0.790039 0.133789 0.791016 0.135742 0.796875 0.135742 0.801758 0.132812 0.801758 0.129883 0.793945 0.129883
0 0.937500 0.765625 0.933594 0.765625 0.930664 0.768555 0.929688 0.776367 0.937500 0.771484
0 0.671875 0.196289 0.678711 0.197266 0.683594 0.193359 0.676758 0.191406
0 0.587891 0.796875 0.583984 0.799805 0.585938 0.809570 0.588867 0.805664
0 0.107422 0.287109 0.108398 0.294922 0.114258 0.296875 0.113281 0.291016
0 0.471680 0.724609 0.465820 0.726562 0.464844 0.735352 0.470703 0.731445
0 0.311523 0.079102 0.310547 0.083984 0.315430 0.089844 0.316406 0.083008
0 0.427734 0.833984 0.429688 0.837891 0.437500 0.838867 0.434570 0.834961
0 0.555664 0.208008 0.560547 0.211914 0.568359 0.208984 0.565430 0.207031
0 0.978516 0.508789 0.974609 0.512695 0.975586 0.522461 0.978516 0.521484 0.980469 0.515625
0 0.708984 0.572266 0.708984 0.579102 0.712891 0.581055 0.712891 0.575195
0 0.981445 0.664062 0.975586 0.664062 0.971680 0.667969 0.973633 0.669922 0.978516 0.668945
0 0.248047 0.885742 0.250000 0.891602 0.256836 0.894531 0.260742 0.893555 0.256836 0.886719 0.252930 0.884766
0 0.815430 0.927734 0.815430 0.933594 0.820312 0.938477 0.821289 0.932617
0 0.539062 0.857422 0.534180 0.857422 0.529297 0.863281 0.536133 0.863281
0 0.013672 0.222656 0.008789 0.226562 0.008789 0.233398 0.010742 0.235352 0.014648 0.229492
0 0.831055 0.551758 0.831055 0.554688 0.834961 0.556641 0.840820 0.555664 0.837891 0.551758
0 0.583008 0.293945 0.584961 0.297852 0.593750 0.299805 0.591797 0.294922
0 0.712891 0.173828 0.707031 0.172852 0.702148 0.174805 0.701172 0.177734 0.708984 0.178711 0.712891 0.176758
0 0.497070 0.244141 0.486328 0.246094 0.482422 0.249023 0.482422 0.251953 0.493164 0.250977
0 0.449219 0.200195 0.449219 0.206055 0.455078 0.208984 0.453125 0.201172
0 0.056641 0.041016 0.054688 0.040039 0.049805 0.042969 0.047852 0.050781 0.055664 0.045898
0 0.114258 0.377930 0.109375 0.381836 0.108398 0.390625 0.115234 0.384766 0.116211 0.379883
0 0.136719 0.693359 0.131836 0.693359 0.127930 0.700195 0.133789 0.699219
0 0.369141 0.267578 0.371094 0.272461 0.379883 0.271484 0.375977 0.267578
0 0.500000 0.345703 0.491211 0.347656 0.490234 0.352539 0.496094 0.351562
0 0.203125 0.807617 0.196289 0.809570 0.193359 0.815430 0.200195 0.815430