0 0.722656 0.173828 0.729492 0.174805 0.731445 0.171875 0.725586 0.170898
0 0.605469 0.535156 0.612305 0.536133 0.619141 0.531250 0.610352 0.530273
0 0.749023 0.197266 0.743164 0.198242 0.740234 0.203125 0.746094 0.203125
0 0.119141 0.102539 0.113281 0.104492 0.112305 0.109375 0.115234 0.109375
0 0.601562 0.440430 0.596680 0.441406 0.593750 0.448242 0.599609 0.447266
0 0.573242 0.456055 0.576172 0.459961 0.583008 0.460938 0.581055 0.456055
0 0.362305 0.656250 0.366211 0.662109 0.372070 0.663086 0.368164 0.656250
0 0.629883 0.899414 0.625000 0.897461 0.618164 0.903320 0.623047 0.904297
0 0.627930 0.282227 0.624023 0.286133 0.625977 0.292969 0.628906 0.286133
0 0.273438 0.107422 0.268555 0.110352 0.267578 0.117188 0.272461 0.114258
0 0.488281 0.879883 0.488281 0.889648 0.491211 0.889648 0.492188 0.881836
0 0.071289 0.787109 0.071289 0.791992 0.075195 0.796875 0.075195 0.789062
0 0.958008 0.848633 0.960938 0.852539 0.967773 0.853516 0.964844 0.848633
0 0.270508 0.860352 0.261719 0.860352 0.260742 0.864258 0.265625 0.864258
0 0.886719 0.541016 0.885742 0.548828 0.888672 0.550781 0.890625 0.543945 0.889648 0.541016
0 0.930664 0.367188 0.933594 0.372070 0.943359 0.373047 0.936523 0.366211
0 0.379883 0.453125 0.384766 0.459961 0.393555 0.460938 0.390625 0.455078
0 0.924805 0.709961 0.927734 0.714844 0.933594 0.716797 0.933594 0.712891 0.930664 0.709961
0 0.121094 0.637695 0.115234 0.638672 0.113281 0.643555 0.117188 0.643555
0 0.549805 0.117188 0.543945 0.118164 0.541016 0.124023 0.545898 0.124023
0 0.805664 0.811523 0.808594 0.813477 0.816406 0.812500 0.815430 0.809570
0 0.469727 0.591797 0.465820 0.594727 0.465820 0.601562 0.470703 0.595703
0 0.117188 0.130859 0.116211 0.138672 0.119141 0.141602 0.121094 0.132812
0 0.075195 0.144531 0.070312 0.146484 0.068359 0.154297 0.075195 0.150391
0 0.532227 0.743164 0.531250 0.750000 0.535156 0.752930 0.536133 0.748047
0 0.345703 0.449219 0.349609 0.454102 0.357422 0.454102 0.355469 0.449219
0 0.628906 0.078125 0.624023 0.079102 0.620117 0.085938 0.626953 0.083984
0 0.667969 0.148438 0.664062 0.150391 0.663086 0.158203 0.667969 0.155273
0 0.074219 0.246094 0.067383 0.250977 0.067383 0.256836 0.073242 0.253906
0 0.929688 0.894531 0.933594 0.898438 0.940430 0.898438 0.940430 0.895508 0.937500 0.893555
0 0.203125 0.527344 0.204102 0.535156 0.208008 0.536133 0.206055 0.528320
0 0.080078 0.449219 0.075195 0.450195 0.072266 0.456055 0.078125 0.455078
0 0.389648 0.516602 0.384766 0.520508 0.384766 0.527344 0.388672 0.526367 0.390625 0.522461
0 0.086914 0.241211 0.092773 0.246094 0.098633 0.246094 0.094727 0.240234
0 0.710938 0.481445 0.711914 0.485352 0.715820 0.487305 0.721680 0.486328 0.715820 0.481445
0 0.170898 0.755859 0.174805 0.759766 0.184570 0.757812 0.184570 0.755859 0.179688 0.753906
0 0.983398 0.788086 0.982422 0.797852 0.985352 0.800781 0.987305 0.789062
0 0.513672 0.485352 0.508789 0.483398 0.501953 0.485352 0.500977 0.488281 0.510742 0.489258
0 0.148438 0.673828 0.149414 0.679688 0.154297 0.681641 0.152344 0.673828
0 0.239258 0.682617 0.236328 0.684570 0.237305 0.693359 0.240234 0.690430
0 0.455078 0.904297 0.451172 0.905273 0.450195 0.912109 0.455078 0.909180
0 0.566406 0.120117 0.563477 0.120117 0.560547 0.124023 0.559570 0.132812 0.565430 0.130859 0.567383 0.125977
0 0.610352 0.373047 0.604492 0.373047 0.601562 0.378906 0.607422 0.377930
0 0.310547 0.614258 0.313477 0.621094 0.321289 0.623047 0.318359 0.616211
0 0.522461 0.480469 0.520508 0.491211 0.524414 0.493164 0.526367 0.481445
0 0.055664 0.389648 0.049805 0.391602 0.047852 0.397461 0.053711 0.395508
0 0.243164 0.323242 0.244141 0.329102 0.250000 0.332031 0.248047 0.324219
0 0.422852 0.416992 0.427734 0.419922 0.434570 0.418945 0.431641 0.415039 0.424805 0.415039
0 0.305664 0.533203 0.301758 0.534180 0.299805 0.541992 0.303711 0.541016
0 0.365234 0.535156 0.357422 0.536133 0.354492 0.541016 0.361328 0.541016
0 0.163086 0.834961 0.164062 0.842773 0.169922 0.845703 0.167969 0.836914
0 0.588867 0.891602 0.584961 0.897461 0.585938 0.901367 0.590820 0.897461
0 0.676758 0.603516 0.672852 0.605469 0.672852 0.611328 0.675781 0.610352
0 0.326172 0.917969 0.330078 0.922852 0.333984 0.923828 0.332031 0.918945
0 0.874023 0.023438 0.875000 0.031250 0.879883 0.033203 0.878906 0.026367
0 0.063477 0.930664 0.057617 0.931641 0.052734 0.937500 0.060547 0.937500 0.064453 0.933594
0 0.767578 0.268555 0.777344 0.268555 0.781250 0.265625 0.781250 0.262695 0.773438 0.262695
0 0.784180 0.788086 0.791016 0.788086 0.792969 0.785156 0.784180 0.785156
0 0.123047 0.514648 0.121094 0.516602 0.121094 0.524414 0.125000 0.528320 0.125977 0.516602
0 0.208984 0.967773 0.205078 0.968750 0.203125 0.976562 0.208984 0.971680
0 0.038086 0.587891 0.029297 0.590820 0.028320 0.594727 0.035156 0.593750
0 0.803711 0.239258 0.806641 0.245117 0.813477 0.246094 0.810547 0.240234
0 0.205078 0.312500 0.212891 0.312500 0.214844 0.308594 0.208984 0.308594
0 0.245117 0.873047 0.247070 0.875000 0.251953 0.874023 0.256836 0.868164 0.249023 0.868164
0 0.050781 0.694336 0.050781 0.702148 0.053711 0.705078 0.054688 0.694336
0 0.701172 0.453125 0.698242 0.453125 0.695312 0.457031 0.695312 0.463867 0.699219 0.462891
0 0.920898 0.895508 0.916016 0.895508 0.912109 0.899414 0.911133 0.904297 0.918945 0.901367