0 0.484375 0.890625 0.487305 0.895508 0.493164 0.896484 0.490234 0.891602
0 0.825195 0.044922 0.825195 0.053711 0.828125 0.053711 0.828125 0.046875
0 0.389648 0.785156 0.391602 0.790039 0.398438 0.790039 0.396484 0.787109
0 0.469727 0.099609 0.469727 0.104492 0.476562 0.107422 0.475586 0.102539
0 0.821289 0.612305 0.822266 0.619141 0.826172 0.621094 0.825195 0.613281
0 0.929688 0.123047 0.922852 0.123047 0.915039 0.128906 0.924805 0.129883 0.929688 0.125977
0 0.908203 0.641602 0.913086 0.642578 0.916992 0.637695 0.911133 0.637695
0 0.088867 0.367188 0.095703 0.366211 0.097656 0.362305 0.089844 0.363281
0 0.082031 0.330078 0.074219 0.331055 0.071289 0.333984 0.071289 0.337891 0.078125 0.336914
0 0.248047 0.244141 0.250977 0.248047 0.259766 0.247070 0.259766 0.245117 0.252930 0.242188
0 0.773438 0.516602 0.765625 0.518555 0.763672 0.524414 0.770508 0.523438
0 0.527344 0.344727 0.531250 0.350586 0.537109 0.351562 0.539062 0.349609 0.536133 0.345703
0 0.948242 0.821289 0.954102 0.825195 0.959961 0.823242 0.954102 0.819336
0 0.764648 0.135742 0.764648 0.140625 0.771484 0.144531 0.770508 0.138672
0 0.022461 0.187500 0.017578 0.190430 0.016602 0.194336 0.018555 0.197266 0.022461 0.192383
0 0.570312 0.104492 0.570312 0.112305 0.573242 0.116211 0.576172 0.116211 0.577148 0.111328
0 0.833008 0.731445 0.839844 0.736328 0.847656 0.734375 0.843750 0.730469
0 0.439453 0.005859 0.434570 0.007812 0.433594 0.015625 0.438477 0.012695
0 0.794922 0.885742 0.804688 0.886719 0.809570 0.881836 0.800781 0.880859
0 0.376953 0.398438 0.382812 0.403320 0.390625 0.402344 0.387695 0.398438
0 0.666992 0.743164 0.668945 0.749023 0.674805 0.750000 0.670898 0.743164
0 0.441406 0.630859 0.446289 0.636719 0.452148 0.635742 0.448242 0.630859
0 0.642578 0.268555 0.643555 0.274414 0.648438 0.278320 0.647461 0.270508
0 0.830078 0.591797 0.825195 0.593750 0.824219 0.602539 0.829102 0.598633
0 0.663086 0.171875 0.657227 0.174805 0.655273 0.180664 0.657227 0.183594 0.661133 0.181641
0 0.420898 0.063477 0.419922 0.070312 0.422852 0.076172 0.424805 0.074219 0.424805 0.067383
0 0.418945 0.816406 0.415039 0.817383 0.416992 0.827148
0 0.210938 0.668945 0.206055 0.671875 0.205078 0.678711 0.209961 0.676758
0 0.724609 0.205078 0.723633 0.212891 0.727539 0.217773 0.728516 0.208008
0 0.359375 0.577148 0.359375 0.580078 0.369141 0.579102 0.369141 0.576172
0 0.340820 0.536133 0.342773 0.541016 0.347656 0.541992 0.346680 0.538086
0 0.791992 0.008789 0.786133 0.012695 0.785156 0.021484 0.791016 0.017578
0 0.729492 0.869141 0.735352 0.870117 0.740234 0.868164 0.741211 0.864258 0.733398 0.864258 0.729492 0.866211
0 0.870117 0.417969 0.873047 0.421875 0.880859 0.421875 0.875977 0.416992
0 0.124023 0.111328 0.116211 0.115234 0.115234 0.123047 0.124023 0.116211
0 0.816406 0.700195 0.817383 0.706055 0.825195 0.709961 0.823242 0.703125
0 0.865234 0.986328 0.865234 0.990234 0.868164 0.991211 0.876953 0.989258 0.875000 0.986328
0 0.953125 0.017578 0.956055 0.023438 0.960938 0.024414 0.958008 0.017578
0 0.098633 0.777344 0.093750 0.775391 0.088867 0.778320 0.096680 0.780273
0 0.820312 0.109375 0.814453 0.109375 0.810547 0.115234 0.816406 0.115234
0 0.206055 0.250000 0.208984 0.251953 0.217773 0.250977 0.215820 0.247070 0.209961 0.247070
0 0.124023 0.481445 0.124023 0.484375 0.128906 0.486328 0.135742 0.483398 0.132812 0.480469
0 0.620117 0.792969 0.615234 0.794922 0.614258 0.800781 0.621094 0.796875
0 0.129883 0.305664 0.131836 0.315430 0.136719 0.318359 0.136719 0.309570
0 0.601562 0.575195 0.594727 0.575195 0.591797 0.579102 0.598633 0.579102
0 0.263672 0.479492 0.268555 0.486328 0.271484 0.486328 0.269531 0.480469
0 0.203125 0.293945 0.199219 0.292969 0.192383 0.298828 0.198242 0.299805 0.203125 0.296875
0 0.490234 0.491211 0.491211 0.496094 0.497070 0.498047 0.497070 0.494141
0 0.879883 0.125977 0.877930 0.124023 0.871094 0.125977 0.867188 0.132812 0.875977 0.130859