0 0.093750 0.682617 0.088867 0.687500 0.088867 0.693359 0.091797 0.698242 0.095703 0.691406
0 0.339844 0.065430 0.334961 0.068359 0.333984 0.074219 0.339844 0.071289
0 0.332031 0.130859 0.333984 0.133789 0.340820 0.132812 0.339844 0.129883
0 0.217773 0.371094 0.218750 0.375977 0.227539 0.377930 0.224609 0.372070
0 0.493164 0.157227 0.492188 0.164062 0.495117 0.167969 0.497070 0.161133
0 0.931641 0.390625 0.927734 0.392578 0.926758 0.399414 0.931641 0.395508
0 0.921875 0.636719 0.916016 0.636719 0.911133 0.641602 0.919922 0.642578
0 0.956055 0.370117 0.956055 0.373047 0.961914 0.376953 0.962891 0.374023
0 0.665039 0.180664 0.665039 0.182617 0.673828 0.181641 0.672852 0.178711
0 0.317383 0.015625 0.319336 0.019531 0.329102 0.018555 0.323242 0.014648
0 0.116211 0.887695 0.118164 0.894531 0.123047 0.895508 0.123047 0.891602
0 0.884766 0.051758 0.889648 0.056641 0.898438 0.054688 0.898438 0.052734 0.892578 0.049805
0 0.011719 0.080078 0.007812 0.081055 0.008789 0.090820 0.012695 0.083984
0 0.885742 0.127930 0.886719 0.136719 0.890625 0.139648 0.890625 0.130859 0.888672 0.127930
0 0.121094 0.812500 0.116211 0.816406 0.118164 0.824219 0.122070 0.818359
0 0.212891 0.790039 0.213867 0.795898 0.220703 0.800781 0.220703 0.793945
0 0.443359 0.718750 0.439453 0.719727 0.437500 0.727539 0.443359 0.722656
0 0.925781 0.375000 0.916992 0.376953 0.916992 0.379883 0.923828 0.378906
0 0.196289 0.920898 0.190430 0.922852 0.188477 0.927734 0.194336 0.926758
0 0.607422 0.165039 0.609375 0.170898 0.618164 0.171875 0.616211 0.166992
0 0.961914 0.211914 0.964844 0.219727 0.969727 0.220703 0.968750 0.215820
0 0.440430 0.837891 0.439453 0.844727 0.442383 0.847656 0.444336 0.841797
0 0.907227 0.494141 0.912109 0.500000 0.916016 0.500977 0.917969 0.499023 0.913086 0.494141
0 0.129883 0.484375 0.134766 0.487305 0.138672 0.486328 0.138672 0.483398 0.135742 0.482422
0 0.547852 0.659180 0.539062 0.659180 0.537109 0.663086 0.542969 0.663086
0 0.559570 0.711914 0.552734 0.711914 0.548828 0.717773 0.556641 0.716797
0 0.799805 0.629883 0.803711 0.636719 0.809570 0.637695 0.809570 0.633789 0.806641 0.630859
0 0.862305 0.073242 0.856445 0.075195 0.853516 0.080078 0.854492 0.083008 0.863281 0.077148
0 0.119141 0.927734 0.125977 0.927734 0.130859 0.922852 0.123047 0.921875
0 0.635742 0.603516 0.634766 0.608398 0.637695 0.614258 0.640625 0.609375
0 0.739258 0.587891 0.732422 0.588867 0.729492 0.593750 0.735352 0.594727 0.738281 0.592773
0 0.056641 0.784180 0.058594 0.788086 0.067383 0.786133 0.063477 0.783203
0 0.421875 0.095703 0.418945 0.095703 0.416992 0.098633 0.416992 0.105469 0.421875 0.102539
0 0.921875 0.704102 0.917969 0.706055 0.918945 0.712891 0.921875 0.709961
0 0.856445 0.911133 0.858398 0.919922 0.864258 0.921875 0.863281 0.916016
0 0.802734 0.247070 0.803711 0.252930 0.810547 0.255859 0.809570 0.250977
0 0.715820 0.635742 0.709961 0.638672 0.708984 0.645508 0.714844 0.642578
0 0.276367 0.388672 0.276367 0.391602 0.279297 0.393555 0.288086 0.392578 0.284180 0.388672
0 0.065430 0.517578 0.056641 0.517578 0.056641 0.521484
0 0.629883 0.517578 0.624023 0.517578 0.619141 0.522461 0.626953 0.522461 0.629883 0.520508
0 0.280273 0.272461 0.277344 0.273438 0.274414 0.283203 0.279297 0.282227
0 0.964844 0.722656 0.961914 0.732422 0.965820 0.738281 0.967773 0.728516
0 0.833008 0.530273 0.834961 0.535156 0.841797 0.537109 0.838867 0.531250
0 0.657227 0.883789 0.665039 0.883789 0.668945 0.880859 0.667969 0.878906 0.662109 0.878906
0 0.738281 0.967773 0.741211 0.971680 0.748047 0.971680 0.744141 0.966797 0.740234 0.965820
0 0.512695 0.796875 0.515625 0.800781 0.524414 0.800781 0.519531 0.795898
0 0.212891 0.613281 0.204102 0.614258 0.202148 0.619141 0.210938 0.618164
0 0.172852 0.122070 0.174805 0.125977 0.182617 0.126953 0.181641 0.123047
0 0.285156 0.123047 0.278320 0.123047 0.274414 0.125977 0.274414 0.128906 0.284180 0.126953
0 0.402344 0.236328 0.401367 0.243164 0.405273 0.248047 0.407227 0.243164 0.405273 0.237305
0 0.465820 0.413086 0.462891 0.415039 0.462891 0.422852 0.466797 0.419922
0 0.812500 0.298828 0.805664 0.300781 0.802734 0.308594 0.808594 0.307617 0.811523 0.304688
0 0.147461 0.222656 0.144531 0.226562 0.144531 0.233398 0.149414 0.231445 0.149414 0.224609
0 0.417969 0.259766 0.417969 0.262695 0.421875 0.264648 0.428711 0.264648 0.425781 0.259766
0 0.771484 0.442383 0.770508 0.447266 0.775391 0.455078 0.777344 0.448242 0.775391 0.443359
0 0.376953 0.929688 0.374023 0.929688 0.372070 0.933594 0.374023 0.940430 0.377930 0.934570
0 0.940430 0.873047 0.935547 0.874023 0.933594 0.880859 0.939453 0.876953
0 0.469727 0.685547 0.471680 0.689453 0.481445 0.689453 0.477539 0.685547
0 0.077148 0.619141 0.076172 0.625977 0.081055 0.631836 0.082031 0.623047 0.080078 0.619141