0 0.088867 0.152344 0.094727 0.158203 0.101562 0.158203 0.100586 0.153320 0.096680 0.151367
0 0.961914 0.857422 0.958984 0.857422 0.957031 0.861328 0.958984 0.870117 0.962891 0.863281
0 0.508789 0.667969 0.502930 0.668945 0.500000 0.674805 0.505859 0.673828
0 0.316406 0.273438 0.316406 0.279297 0.321289 0.282227 0.320312 0.275391
0 0.716797 0.643555 0.708984 0.644531 0.707031 0.648438 0.713867 0.648438
0 0.346680 0.768555 0.340820 0.771484 0.339844 0.777344 0.344727 0.775391
0 0.105469 0.226562 0.108398 0.231445 0.115234 0.231445 0.112305 0.227539
0 0.089844 0.840820 0.082031 0.842773 0.079102 0.849609 0.085938 0.848633
0 0.511719 0.826172 0.505859 0.826172 0.501953 0.833984 0.508789 0.832031
0 0.609375 0.856445 0.606445 0.856445 0.603516 0.861328 0.604492 0.869141 0.609375 0.867188
0 0.678711 0.437500 0.673828 0.440430 0.671875 0.448242 0.677734 0.444336
0 0.404297 0.392578 0.404297 0.397461 0.412109 0.401367 0.410156 0.394531
0 0.254883 0.436523 0.258789 0.441406 0.263672 0.441406 0.262695 0.438477
0 0.930664 0.634766 0.924805 0.633789 0.920898 0.636719 0.920898 0.639648 0.927734 0.638672
0 0.689453 0.717773 0.682617 0.717773 0.679688 0.721680 0.687500 0.721680
0 0.605469 0.939453 0.602539 0.944336 0.602539 0.952148 0.605469 0.956055 0.608398 0.950195
0 0.234375 0.434570 0.229492 0.437500 0.229492 0.444336 0.233398 0.442383
0 0.266602 0.127930 0.268555 0.132812 0.274414 0.134766 0.272461 0.128906
0 0.259766 0.400391 0.261719 0.406250 0.266602 0.408203 0.266602 0.403320
0 0.392578 0.686523 0.387695 0.689453 0.388672 0.699219 0.392578 0.695312
0 0.717773 0.061523 0.708984 0.061523 0.706055 0.063477 0.706055 0.066406 0.712891 0.066406
0 0.449219 0.231445 0.453125 0.236328 0.459961 0.235352 0.457031 0.231445
0 0.027344 0.167969 0.033203 0.171875 0.040039 0.169922 0.037109 0.166016 0.029297 0.166016
0 0.021484 0.077148 0.020508 0.084961 0.024414 0.086914 0.024414 0.080078
0 0.854492 0.234375 0.851562 0.244141 0.854492 0.244141 0.856445 0.240234 0.856445 0.235352
0 0.569336 0.632812 0.569336 0.640625 0.572266 0.642578 0.573242 0.633789
0 0.589844 0.486328 0.590820 0.493164 0.596680 0.497070 0.594727 0.487305
0 0.356445 0.312500 0.354492 0.310547 0.350586 0.311523 0.345703 0.318359 0.353516 0.317383
0 0.897461 0.544922 0.888672 0.544922 0.886719 0.548828 0.893555 0.549805
0 0.140625 0.490234 0.140625 0.494141 0.150391 0.493164 0.148438 0.490234
0 0.115234 0.160156 0.116211 0.166992 0.122070 0.169922 0.121094 0.163086
0 0.419922 0.166992 0.423828 0.173828 0.428711 0.174805 0.423828 0.166992
0 0.655273 0.984375 0.654297 0.990234 0.657227 0.995117 0.659180 0.987305
0 0.900391 0.598633 0.897461 0.602539 0.898438 0.610352 0.900391 0.610352 0.902344 0.604492
0 0.307617 0.097656 0.311523 0.102539 0.315430 0.103516 0.318359 0.101562 0.314453 0.096680
0 0.708984 0.222656 0.711914 0.226562 0.718750 0.227539 0.716797 0.222656
0 0.171875 0.841797 0.177734 0.841797 0.181641 0.837891 0.175781 0.836914 0.171875 0.838867