0 0.305664 0.114258 0.307617 0.122070 0.315430 0.123047 0.313477 0.117188
0 0.760742 0.141602 0.764648 0.145508 0.771484 0.144531 0.767578 0.140625
0 0.508789 0.478516 0.500000 0.480469 0.497070 0.486328 0.502930 0.487305 0.506836 0.485352
0 0.165039 0.406250 0.160156 0.411133 0.160156 0.417969 0.163086 0.417969 0.166016 0.414062 0.166992 0.409180
0 0.803711 0.570312 0.806641 0.576172 0.814453 0.576172 0.810547 0.571289
0 0.617188 0.270508 0.618164 0.278320 0.625000 0.281250 0.623047 0.273438
0 0.631836 0.500000 0.631836 0.506836 0.637695 0.510742 0.636719 0.501953
0 0.576172 0.452148 0.576172 0.459961 0.582031 0.463867 0.582031 0.457031
0 0.112305 0.135742 0.114258 0.139648 0.123047 0.137695
0 0.692383 0.860352 0.685547 0.863281 0.683594 0.869141 0.689453 0.868164
0 0.794922 0.412109 0.794922 0.417969 0.798828 0.420898 0.798828 0.414062
0 0.833008 0.747070 0.836914 0.750977 0.846680 0.750000 0.846680 0.747070 0.839844 0.745117
0 0.864258 0.953125 0.860352 0.954102 0.858398 0.962891 0.863281 0.960938
0 0.038086 0.679688 0.037109 0.686523 0.040039 0.689453 0.041992 0.681641
0 0.846680 0.348633 0.846680 0.356445 0.848633 0.359375 0.851562 0.359375 0.851562 0.352539
0 0.653320 0.773438 0.653320 0.781250 0.658203 0.784180 0.658203 0.777344
0 0.073242 0.823242 0.077148 0.827148 0.084961 0.825195 0.082031 0.822266
0 0.383789 0.926758 0.377930 0.928711 0.376953 0.934570 0.382812 0.931641
0 0.839844 0.203125 0.834961 0.205078 0.833008 0.213867 0.839844 0.209961
0 0.747070 0.168945 0.744141 0.172852 0.746094 0.181641 0.750000 0.176758 0.749023 0.169922
0 0.109375 0.278320 0.104492 0.281250 0.103516 0.289062 0.108398 0.285156
0 0.226562 0.851562 0.220703 0.855469 0.220703 0.864258 0.225586 0.860352
0 0.331055 0.609375 0.325195 0.611328 0.323242 0.619141 0.330078 0.614258
0 0.788086 0.482422 0.794922 0.482422 0.799805 0.477539 0.789062 0.477539
0 0.296875 0.030273 0.293945 0.030273 0.291992 0.040039 0.295898 0.037109
0 0.542969 0.230469 0.543945 0.237305 0.547852 0.239258 0.546875 0.231445
0 0.740234 0.468750 0.734375 0.469727 0.731445 0.476562 0.738281 0.473633
0 0.067383 0.634766 0.066406 0.639648 0.069336 0.645508 0.072266 0.640625 0.070312 0.635742
0 0.951172 0.516602 0.948242 0.516602 0.943359 0.521484 0.942383 0.525391 0.944336 0.527344 0.950195 0.523438
0 0.456055 0.108398 0.454102 0.106445 0.448242 0.107422 0.445312 0.112305 0.450195 0.113281
0 0.355469 0.087891 0.359375 0.094727 0.365234 0.095703 0.362305 0.088867
0 0.625000 0.403320 0.624023 0.413086 0.626953 0.416016 0.628906 0.404297
0 0.419922 0.184570 0.420898 0.190430 0.426758 0.192383 0.425781 0.187500
0 0.791016 0.940430 0.786133 0.943359 0.785156 0.951172 0.791016 0.947266
0 0.484375 0.010742 0.480469 0.010742 0.476562 0.017578 0.480469 0.017578
0 0.602539 0.506836 0.610352 0.507812 0.613281 0.503906 0.607422 0.502930
0 0.047852 0.956055 0.047852 0.958984 0.059570 0.959961 0.058594 0.956055
0 0.787109 0.224609 0.786133 0.231445 0.789062 0.234375 0.791016 0.229492 0.789062 0.224609
0 0.459961 0.434570 0.463867 0.439453 0.471680 0.438477 0.468750 0.434570
0 0.885742 0.086914 0.888672 0.091797 0.894531 0.092773 0.892578 0.087891
0 0.140625 0.318359 0.142578 0.322266 0.151367 0.320312 0.149414 0.317383
0 0.109375 0.262695 0.107422 0.270508 0.110352 0.273438 0.111328 0.264648
0 0.374023 0.640625 0.380859 0.640625 0.384766 0.638672 0.384766 0.635742 0.376953 0.635742 0.374023 0.637695
0 0.609375 0.975586 0.612305 0.981445 0.618164 0.981445 0.615234 0.976562
0 0.437500 0.009766 0.429688 0.009766 0.425781 0.016602 0.434570 0.014648
0 0.461914 0.070312 0.460938 0.079102 0.463867 0.081055 0.464844 0.072266
0 0.127930 0.633789 0.124023 0.636719 0.125000 0.644531 0.128906 0.640625
0 0.171875 0.623047 0.171875 0.625977 0.176758 0.629883 0.177734 0.625977
0 0.559570 0.460938 0.561523 0.467773 0.567383 0.470703 0.566406 0.463867
0 0.898438 0.339844 0.896484 0.344727 0.899414 0.350586 0.901367 0.342773
0 0.864258 0.088867 0.865234 0.091797 0.875000 0.093750 0.875000 0.090820 0.872070 0.088867
0 0.787109 0.465820 0.779297 0.468750 0.777344 0.476562 0.786133 0.471680
0 0.223633 0.392578 0.222656 0.399414 0.226562 0.405273 0.229492 0.405273 0.228516 0.395508 0.226562 0.392578
0 0.150391 0.096680 0.145508 0.096680 0.141602 0.102539 0.147461 0.101562
0 0.969727 0.196289 0.971680 0.199219 0.979492 0.199219 0.978516 0.195312
0 0.940430 0.786133 0.935547 0.790039 0.935547 0.796875 0.940430 0.792969