0 0.452148 0.524414 0.444336 0.525391 0.441406 0.532227 0.449219 0.530273
0 0.863281 0.703125 0.864258 0.712891 0.870117 0.714844 0.870117 0.708008
0 0.701172 0.373047 0.696289 0.372070 0.689453 0.376953 0.699219 0.376953
0 0.828125 0.567383 0.830078 0.570312 0.837891 0.568359 0.836914 0.565430
0 0.796875 0.128906 0.792969 0.132812 0.793945 0.139648 0.797852 0.135742
0 0.649414 0.065430 0.646484 0.065430 0.644531 0.068359 0.645508 0.077148 0.649414 0.074219
0 0.970703 0.832031 0.971680 0.834961 0.982422 0.833984 0.981445 0.831055 0.976562 0.830078
0 0.504883 0.756836 0.500977 0.758789 0.500000 0.767578 0.504883 0.764648
0 0.483398 0.542969 0.476562 0.543945 0.474609 0.548828 0.480469 0.547852
0 0.262695 0.247070 0.265625 0.251953 0.272461 0.252930 0.270508 0.248047
0 0.486328 0.467773 0.490234 0.474609 0.498047 0.475586 0.494141 0.468750
0 0.893555 0.122070 0.886719 0.120117 0.878906 0.124023 0.878906 0.125977 0.886719 0.126953
0 0.360352 0.584961 0.363281 0.587891 0.370117 0.586914 0.368164 0.583984
0 0.842773 0.945312 0.842773 0.950195 0.848633 0.954102 0.847656 0.948242
0 0.978516 0.457031 0.981445 0.459961 0.987305 0.458984 0.985352 0.456055
0 0.288086 0.468750 0.291016 0.474609 0.296875 0.475586 0.294922 0.470703
0 0.147461 0.621094 0.140625 0.623047 0.137695 0.625977 0.137695 0.629883 0.144531 0.627930
0 0.208008 0.178711 0.208984 0.182617 0.218750 0.181641 0.215820 0.178711
0 0.187500 0.052734 0.189453 0.060547 0.192383 0.060547 0.191406 0.054688
0 0.498047 0.982422 0.493164 0.988281 0.495117 0.996094 0.499023 0.991211
0 0.606445 0.466797 0.601562 0.468750 0.599609 0.473633 0.601562 0.476562 0.604492 0.474609
0 0.128906 0.368164 0.121094 0.369141 0.119141 0.374023 0.126953 0.372070
0 0.084961 0.910156 0.086914 0.914062 0.096680 0.915039 0.090820 0.909180
0 0.194336 0.435547 0.192383 0.439453 0.196289 0.447266 0.197266 0.437500
0 0.474609 0.472656 0.474609 0.479492 0.478516 0.483398 0.478516 0.473633
0 0.081055 0.627930 0.083984 0.634766 0.089844 0.634766 0.088867 0.629883
0 0.142578 0.735352 0.141602 0.745117 0.145508 0.748047 0.146484 0.740234
0 0.879883 0.890625 0.883789 0.894531 0.891602 0.892578 0.889648 0.889648
0 0.488281 0.391602 0.490234 0.395508 0.500000 0.394531 0.499023 0.391602 0.493164 0.389648
0 0.466797 0.169922 0.461914 0.168945 0.456055 0.174805 0.462891 0.174805
0 0.175781 0.213867 0.178711 0.217773 0.185547 0.217773 0.185547 0.214844 0.182617 0.212891
0 0.891602 0.860352 0.886719 0.859375 0.881836 0.861328 0.881836 0.863281 0.888672 0.865234
0 0.399414 0.518555 0.400391 0.521484 0.410156 0.520508 0.404297 0.517578
0 0.161133 0.663086 0.162109 0.667969 0.169922 0.669922 0.166992 0.664062
0 0.785156 0.562500 0.779297 0.561523 0.773438 0.568359 0.779297 0.568359
0 0.769531 0.228516 0.763672 0.227539 0.759766 0.232422 0.765625 0.232422
0 0.781250 0.285156 0.773438 0.286133 0.769531 0.291992 0.776367 0.291992
0 0.273438 0.868164 0.266602 0.870117 0.264648 0.875000 0.270508 0.874023
0 0.093750 0.487305 0.093750 0.496094 0.096680 0.498047 0.097656 0.489258
0 0.218750 0.588867 0.221680 0.591797 0.231445 0.590820 0.231445 0.588867 0.224609 0.585938
0 0.422852 0.766602 0.424805 0.771484 0.429688 0.772461 0.428711 0.768555
0 0.929688 0.125000 0.924805 0.125977 0.920898 0.133789 0.927734 0.131836
0 0.383789 0.780273 0.382812 0.787109 0.386719 0.790039 0.387695 0.783203
0 0.523438 0.458984 0.519531 0.459961 0.517578 0.468750 0.523438 0.464844
0 0.694336 0.657227 0.689453 0.658203 0.685547 0.664062 0.690430 0.665039
0 0.432617 0.235352 0.433594 0.242188 0.437500 0.245117 0.436523 0.236328
0 0.989258 0.345703 0.983398 0.349609 0.983398 0.358398 0.990234 0.351562
0 0.895508 0.394531 0.890625 0.398438 0.891602 0.405273 0.895508 0.403320
0 0.063477 0.974609 0.067383 0.979492 0.073242 0.979492 0.072266 0.975586
0 0.315430 0.921875 0.315430 0.924805 0.318359 0.926758 0.325195 0.925781 0.320312 0.921875
0 0.404297 0.590820 0.411133 0.591797 0.415039 0.586914 0.408203 0.586914
0 0.646484 0.468750 0.646484 0.473633 0.654297 0.477539 0.653320 0.472656
0 0.803711 0.295898 0.797852 0.296875 0.793945 0.305664 0.798828 0.304688 0.803711 0.299805
0 0.829102 0.759766 0.823242 0.761719 0.821289 0.767578 0.825195 0.767578