0 0.418945 0.875977 0.413086 0.877930 0.412109 0.885742 0.417969 0.881836
0 0.163086 0.378906 0.166992 0.379883 0.172852 0.376953 0.166016 0.375000 0.163086 0.375977
0 0.265625 0.903320 0.261719 0.903320 0.258789 0.906250 0.258789 0.910156 0.263672 0.908203
0 0.307617 0.884766 0.312500 0.892578 0.318359 0.893555 0.314453 0.885742
0 0.968750 0.395508 0.969727 0.401367 0.975586 0.405273 0.973633 0.396484
0 0.887695 0.113281 0.894531 0.114258 0.900391 0.110352 0.891602 0.108398 0.887695 0.110352
0 0.279297 0.158203 0.279297 0.165039 0.284180 0.170898 0.284180 0.160156
0 0.850586 0.539062 0.845703 0.542969 0.846680 0.549805 0.851562 0.545898
0 0.963867 0.872070 0.963867 0.879883 0.966797 0.880859 0.967773 0.874023
0 0.191406 0.658203 0.188477 0.658203 0.186523 0.663086 0.188477 0.668945 0.191406 0.666016
0 0.075195 0.724609 0.067383 0.725586 0.065430 0.730469 0.072266 0.729492
0 0.025391 0.098633 0.023438 0.095703 0.013672 0.097656 0.012695 0.100586 0.020508 0.101562
0 0.383789 0.402344 0.385742 0.405273 0.393555 0.403320 0.391602 0.401367
0 0.350586 0.378906 0.342773 0.381836 0.339844 0.388672 0.346680 0.387695 0.350586 0.382812
0 0.817383 0.700195 0.816406 0.708008 0.820312 0.711914 0.821289 0.702148
0 0.267578 0.983398 0.272461 0.991211 0.281250 0.993164 0.278320 0.985352 0.271484 0.982422
0 0.348633 0.325195 0.340820 0.326172 0.339844 0.330078 0.346680 0.329102
0 0.426758 0.204102 0.423828 0.206055 0.424805 0.213867 0.427734 0.210938
0 0.822266 0.361328 0.817383 0.361328 0.813477 0.367188 0.819336 0.366211
0 0.364258 0.086914 0.369141 0.092773 0.376953 0.092773 0.376953 0.089844 0.373047 0.086914
0 0.893555 0.014648 0.887695 0.016602 0.885742 0.023438 0.893555 0.018555
0 0.823242 0.859375 0.819336 0.859375 0.815430 0.863281 0.814453 0.869141 0.822266 0.865234
0 0.826172 0.765625 0.829102 0.771484 0.835938 0.772461 0.833008 0.766602
0 0.007812 0.702148 0.005859 0.707031 0.006836 0.711914 0.009766 0.713867 0.011719 0.706055
0 0.797852 0.067383 0.793945 0.069336 0.793945 0.078125 0.798828 0.074219
0 0.247070 0.691406 0.245117 0.689453 0.241211 0.690430 0.236328 0.697266 0.244141 0.696289
0 0.181641 0.749023 0.184570 0.754883 0.193359 0.756836 0.189453 0.750000
0 0.154297 0.159180 0.156250 0.166016 0.161133 0.167969 0.160156 0.162109
0 0.950195 0.712891 0.949219 0.721680 0.953125 0.723633 0.954102 0.716797
0 0.587891 0.565430 0.586914 0.570312 0.591797 0.575195 0.591797 0.567383
0 0.904297 0.067383 0.913086 0.067383 0.915039 0.063477 0.908203 0.062500
0 0.049805 0.308594 0.040039 0.308594 0.039062 0.312500 0.045898 0.312500
0 0.916992 0.911133 0.915039 0.916016 0.916016 0.919922 0.919922 0.922852 0.920898 0.916992
0 0.205078 0.475586 0.207031 0.482422 0.211914 0.484375 0.210938 0.478516
0 0.595703 0.748047 0.593750 0.749023 0.594727 0.759766 0.597656 0.759766 0.598633 0.750000
0 0.270508 0.264648 0.271484 0.271484 0.276367 0.273438 0.274414 0.265625
0 0.124023 0.780273 0.125000 0.783203 0.134766 0.782227 0.128906 0.779297
0 0.480469 0.910156 0.484375 0.915039 0.491211 0.916016 0.489258 0.911133 0.482422 0.908203
0 0.701172 0.723633 0.695312 0.725586 0.695312 0.731445 0.700195 0.728516
0 0.606445 0.360352 0.607422 0.367188 0.612305 0.369141 0.612305 0.364258
0 0.972656 0.592773 0.967773 0.590820 0.962891 0.592773 0.961914 0.595703 0.966797 0.596680
0 0.692383 0.191406 0.690430 0.193359 0.690430 0.200195 0.694336 0.205078 0.696289 0.194336
0 0.179688 0.017578 0.188477 0.017578 0.191406 0.013672 0.182617 0.012695
0 0.938477 0.932617 0.938477 0.935547 0.941406 0.936523 0.949219 0.934570 0.948242 0.931641 0.944336 0.930664
0 0.059570 0.081055 0.060547 0.089844 0.065430 0.091797 0.064453 0.083984 0.062500 0.081055
0 0.579102 0.631836 0.573242 0.633789 0.571289 0.637695 0.576172 0.638672
0 0.103516 0.986328 0.104492 0.993164 0.109375 0.996094 0.110352 0.993164 0.107422 0.987305
0 0.551758 0.455078 0.549805 0.458008 0.552734 0.465820 0.555664 0.465820 0.555664 0.458984
0 0.832031 0.087891 0.833984 0.096680 0.838867 0.098633 0.836914 0.088867
0 0.104492 0.614258 0.107422 0.620117 0.113281 0.621094 0.111328 0.615234
0 0.394531 0.015625 0.390625 0.018555 0.391602 0.025391 0.395508 0.021484
0 0.409180 0.629883 0.411133 0.632812 0.419922 0.631836 0.417969 0.627930
0 0.811523 0.774414 0.816406 0.780273 0.822266 0.780273 0.821289 0.775391
0 0.197266 0.253906 0.197266 0.256836 0.201172 0.258789 0.208008 0.257812 0.206055 0.253906
0 0.651367 0.638672 0.647461 0.642578 0.647461 0.648438 0.652344 0.643555
0 0.732422 0.581055 0.732422 0.586914 0.738281 0.590820 0.736328 0.583008
0 0.916016 0.388672 0.920898 0.391602 0.925781 0.389648 0.922852 0.386719
0 0.577148 0.470703 0.577148 0.472656 0.585938 0.471680 0.584961 0.468750
0 0.680664 0.393555 0.674805 0.396484 0.673828 0.402344 0.678711 0.401367
0 0.423828 0.770508 0.422852 0.779297 0.425781 0.781250 0.427734 0.772461
0 0.361328 0.372070 0.363281 0.375977 0.371094 0.375977 0.368164 0.372070
0 0.097656 0.501953 0.095703 0.502930 0.096680 0.513672 0.099609 0.513672 0.100586 0.503906
0 0.854492 0.492188 0.857422 0.497070 0.862305 0.498047 0.861328 0.494141
0 0.199219 0.221680 0.193359 0.221680 0.187500 0.229492 0.198242 0.226562
0 0.417969 0.127930 0.413086 0.136719 0.415039 0.140625 0.418945 0.136719 0.419922 0.129883
0 0.664062 0.916016 0.659180 0.917969 0.660156 0.926758 0.664062 0.922852
0 0.350586 0.015625 0.351562 0.020508 0.356445 0.023438 0.355469 0.016602
0 0.656250 0.332031 0.656250 0.338867 0.660156 0.342773 0.661133 0.334961 0.659180 0.332031
0 0.011719 0.820312 0.005859 0.823242 0.004883 0.830078 0.010742 0.826172