0 0.205078 0.363281 0.208008 0.368164 0.214844 0.370117 0.213867 0.365234
0 0.915039 0.554688 0.909180 0.555664 0.907227 0.560547 0.913086 0.559570
0 0.245117 0.237305 0.241211 0.237305 0.237305 0.245117 0.243164 0.243164
0 0.782227 0.766602 0.774414 0.768555 0.772461 0.774414 0.779297 0.773438 0.782227 0.770508
0 0.885742 0.520508 0.887695 0.525391 0.893555 0.526367 0.891602 0.521484
0 0.483398 0.757812 0.478516 0.755859 0.473633 0.757812 0.473633 0.760742 0.478516 0.761719
0 0.195312 0.479492 0.196289 0.489258 0.201172 0.493164 0.201172 0.484375
0 0.706055 0.644531 0.707031 0.649414 0.715820 0.651367 0.712891 0.646484
0 0.338867 0.482422 0.341797 0.486328 0.348633 0.485352 0.346680 0.481445
0 0.213867 0.340820 0.208984 0.341797 0.208008 0.348633 0.212891 0.344727
0 0.278320 0.569336 0.277344 0.577148 0.280273 0.581055 0.282227 0.579102 0.282227 0.572266
0 0.606445 0.962891 0.613281 0.963867 0.616211 0.959961 0.609375 0.958984
0 0.076172 0.006836 0.071289 0.010742 0.070312 0.016602 0.075195 0.014648
0 0.464844 0.326172 0.459961 0.330078 0.459961 0.339844 0.464844 0.334961
0 0.226562 0.852539 0.219727 0.852539 0.216797 0.858398 0.223633 0.857422
0 0.431641 0.580078 0.431641 0.585938 0.433594 0.588867 0.437500 0.588867 0.435547 0.582031
0 0.293945 0.034180 0.291992 0.036133 0.293945 0.044922 0.301758 0.048828 0.301758 0.041992
0 0.446289 0.707031 0.449219 0.717773 0.456055 0.719727 0.455078 0.712891 0.449219 0.707031
0 0.562500 0.317383 0.565430 0.321289 0.572266 0.322266 0.569336 0.317383
0 0.432617 0.745117 0.433594 0.753906 0.437500 0.755859 0.437500 0.747070
0 0.560547 0.040039 0.555664 0.043945 0.556641 0.052734 0.561523 0.045898
0 0.130859 0.734375 0.126953 0.736328 0.125977 0.743164 0.129883 0.742188
0 0.097656 0.364258 0.091797 0.368164 0.091797 0.375000 0.096680 0.372070
0 0.750977 0.080078 0.752930 0.083984 0.758789 0.085938 0.760742 0.083984 0.757812 0.080078
0 0.705078 0.598633 0.704102 0.604492 0.707031 0.610352 0.708984 0.610352 0.708984 0.600586
0 0.266602 0.336914 0.269531 0.340820 0.277344 0.341797 0.272461 0.335938
0 0.649414 0.432617 0.650391 0.439453 0.656250 0.443359 0.655273 0.435547
0 0.864258 0.196289 0.865234 0.201172 0.872070 0.204102 0.870117 0.198242
0 0.257812 0.065430 0.251953 0.065430 0.250000 0.070312 0.256836 0.068359
0 0.368164 0.414062 0.367188 0.416016 0.370117 0.420898 0.375000 0.421875 0.375000 0.417969
0 0.520508 0.763672 0.528320 0.764648 0.533203 0.760742 0.523438 0.759766
0 0.791016 0.218750 0.794922 0.224609 0.800781 0.225586 0.798828 0.219727
0 0.530273 0.418945 0.525391 0.422852 0.525391 0.429688 0.531250 0.424805
0 0.609375 0.835938 0.612305 0.840820 0.619141 0.840820 0.616211 0.835938
0 0.861328 0.893555 0.864258 0.898438 0.871094 0.898438 0.869141 0.894531
0 0.302734 0.954102 0.304688 0.958984 0.311523 0.960938 0.307617 0.954102
0 0.070312 0.288086 0.062500 0.291992 0.061523 0.298828 0.066406 0.297852 0.070312 0.293945
0 0.080078 0.813477 0.075195 0.815430 0.074219 0.821289 0.080078 0.817383
0 0.875000 0.439453 0.869141 0.443359 0.869141 0.451172 0.874023 0.447266
0 0.250977 0.230469 0.250977 0.234375 0.258789 0.238281 0.257812 0.233398
0 0.652344 0.818359 0.653320 0.826172 0.659180 0.830078 0.657227 0.820312
0 0.069336 0.361328 0.069336 0.364258 0.073242 0.366211 0.080078 0.366211 0.077148 0.361328
0 0.763672 0.790039 0.763672 0.793945 0.766602 0.794922 0.776367 0.792969 0.775391 0.790039
0 0.191406 0.298828 0.190430 0.304688 0.195312 0.309570 0.195312 0.302734
0 0.443359 0.765625 0.445312 0.770508 0.452148 0.772461 0.451172 0.767578
0 0.304688 0.601562 0.307617 0.606445 0.314453 0.608398 0.313477 0.603516
0 0.150391 0.852539 0.142578 0.853516 0.140625 0.858398 0.148438 0.856445
0 0.588867 0.718750 0.588867 0.725586 0.592773 0.727539 0.592773 0.720703
0 0.861328 0.157227 0.863281 0.160156 0.872070 0.158203 0.869141 0.155273
0 0.162109 0.634766 0.155273 0.638672 0.154297 0.646484 0.160156 0.644531
0 0.813477 0.238281 0.807617 0.243164 0.807617 0.249023 0.809570 0.250000 0.813477 0.246094
0 0.500977 0.658203 0.503906 0.662109 0.510742 0.662109 0.507812 0.658203
0 0.308594 0.253906 0.303711 0.252930 0.297852 0.255859 0.296875 0.258789 0.303711 0.259766
0 0.228516 0.408203 0.222656 0.411133 0.222656 0.416016 0.228516 0.412109
0 0.891602 0.720703 0.898438 0.720703 0.901367 0.716797 0.893555 0.716797
0 0.730469 0.971680 0.733398 0.979492 0.741211 0.981445 0.738281 0.974609
0 0.448242 0.530273 0.447266 0.534180 0.449219 0.537109 0.456055 0.539062 0.456055 0.534180
0 0.015625 0.247070 0.011719 0.249023 0.011719 0.256836 0.015625 0.252930
0 0.952148 0.879883 0.958984 0.880859 0.963867 0.875000 0.956055 0.875000
0 0.773438 0.594727 0.773438 0.601562 0.776367 0.604492 0.777344 0.596680