0 0.026367 0.214844 0.021484 0.216797 0.019531 0.223633 0.024414 0.222656
0 0.205078 0.476562 0.211914 0.476562 0.214844 0.472656 0.207031 0.472656
0 0.308594 0.810547 0.307617 0.815430 0.310547 0.820312 0.311523 0.812500
0 0.763672 0.120117 0.764648 0.126953 0.772461 0.131836 0.771484 0.124023 0.767578 0.120117
0 0.108398 0.096680 0.105469 0.097656 0.105469 0.106445 0.109375 0.104492
0 0.541016 0.815430 0.537109 0.817383 0.537109 0.827148 0.539062 0.828125 0.541992 0.824219
0 0.833984 0.891602 0.833984 0.897461 0.840820 0.901367 0.838867 0.893555
0 0.139648 0.886719 0.136719 0.886719 0.134766 0.889648 0.135742 0.897461 0.139648 0.893555
0 0.625977 0.337891 0.620117 0.338867 0.616211 0.345703 0.624023 0.343750
0 0.110352 0.775391 0.112305 0.786133 0.118164 0.788086 0.117188 0.780273 0.113281 0.775391
0 0.835938 0.687500 0.837891 0.692383 0.844727 0.693359 0.840820 0.687500
0 0.635742 0.500977 0.635742 0.505859 0.642578 0.509766 0.641602 0.503906
0 0.227539 0.833008 0.219727 0.833984 0.215820 0.839844 0.225586 0.837891
0 0.041992 0.244141 0.045898 0.247070 0.052734 0.246094 0.050781 0.243164
0 0.829102 0.183594 0.832031 0.187500 0.839844 0.187500 0.837891 0.183594
0 0.118164 0.763672 0.114258 0.764648 0.111328 0.770508 0.117188 0.769531
0 0.410156 0.776367 0.415039 0.780273 0.421875 0.779297 0.415039 0.774414
0 0.170898 0.335938 0.177734 0.335938 0.182617 0.332031 0.173828 0.331055 0.170898 0.333008
0 0.818359 0.204102 0.826172 0.206055 0.831055 0.204102 0.832031 0.200195 0.824219 0.199219 0.819336 0.201172
0 0.726562 0.931641 0.733398 0.931641 0.737305 0.929688 0.737305 0.926758 0.730469 0.926758
0 0.655273 0.379883 0.658203 0.385742 0.666016 0.385742 0.662109 0.380859
0 0.348633 0.108398 0.350586 0.111328 0.356445 0.111328 0.360352 0.109375 0.360352 0.106445 0.353516 0.105469
0 0.017578 0.633789 0.012695 0.636719 0.011719 0.642578 0.016602 0.640625
0 0.620117 0.921875 0.616211 0.926758 0.617188 0.931641 0.622070 0.926758
0 0.784180 0.748047 0.784180 0.753906 0.789062 0.756836 0.790039 0.752930
0 0.398438 0.762695 0.401367 0.766602 0.406250 0.766602 0.404297 0.762695
0 0.673828 0.401367 0.676758 0.406250 0.684570 0.408203 0.679688 0.400391 0.675781 0.399414
0 0.394531 0.843750 0.393555 0.851562 0.395508 0.855469 0.398438 0.855469 0.398438 0.845703
0 0.136719 0.813477 0.136719 0.816406 0.143555 0.820312 0.143555 0.817383
0 0.507812 0.820312 0.500977 0.821289 0.497070 0.827148 0.502930 0.827148 0.507812 0.823242
0 0.287109 0.262695 0.286133 0.271484 0.290039 0.275391 0.291016 0.264648
0 0.545898 0.367188 0.548828 0.370117 0.553711 0.370117 0.550781 0.366211
0 0.683594 0.790039 0.683594 0.798828 0.685547 0.798828 0.687500 0.795898
0 0.125977 0.818359 0.125000 0.824219 0.127930 0.828125 0.128906 0.820312
0 0.213867 0.308594 0.207031 0.307617 0.202148 0.309570 0.201172 0.312500 0.210938 0.313477
0 0.415039 0.228516 0.408203 0.228516 0.404297 0.232422 0.410156 0.233398
0 0.257812 0.412109 0.251953 0.416016 0.250977 0.420898 0.256836 0.419922
0 0.159180 0.684570 0.152344 0.686523 0.150391 0.694336 0.157227 0.691406
0 0.818359 0.869141 0.822266 0.873047 0.828125 0.871094 0.827148 0.868164
0 0.498047 0.012695 0.494141 0.015625 0.495117 0.023438 0.499023 0.019531
0 0.186523 0.698242 0.182617 0.700195 0.181641 0.707031 0.186523 0.705078
0 0.086914 0.482422 0.085938 0.493164 0.088867 0.494141 0.091797 0.487305 0.089844 0.482422
0 0.736328 0.978516 0.740234 0.981445 0.747070 0.981445 0.745117 0.977539
0 0.690430 0.945312 0.690430 0.948242 0.694336 0.951172 0.703125 0.951172 0.703125 0.948242 0.699219 0.945312
0 0.949219 0.707031 0.944336 0.708008 0.941406 0.716797 0.942383 0.720703 0.945312 0.720703 0.949219 0.715820
0 0.637695 0.822266 0.636719 0.829102 0.639648 0.833008 0.641602 0.823242
0 0.467773 0.730469 0.468750 0.738281 0.473633 0.740234 0.471680 0.730469
0 0.108398 0.838867 0.103516 0.838867 0.096680 0.844727 0.103516 0.845703 0.108398 0.842773
0 0.371094 0.551758 0.362305 0.552734 0.361328 0.556641 0.365234 0.556641