0 0.792969 0.341797 0.792969 0.343750 0.797852 0.345703 0.802734 0.343750 0.800781 0.339844
0 0.814453 0.601562 0.807617 0.602539 0.804688 0.610352 0.810547 0.609375
0 0.798828 0.014648 0.796875 0.022461 0.800781 0.028320 0.803711 0.021484
0 0.500000 0.531250 0.500977 0.537109 0.507812 0.540039 0.505859 0.532227
0 0.480469 0.756836 0.479492 0.764648 0.483398 0.766602 0.484375 0.762695
0 0.449219 0.691406 0.445312 0.691406 0.443359 0.694336 0.444336 0.703125 0.449219 0.698242
0 0.969727 0.437500 0.971680 0.443359 0.980469 0.445312 0.976562 0.438477
0 0.038086 0.607422 0.032227 0.607422 0.029297 0.614258 0.036133 0.612305
0 0.420898 0.333984 0.418945 0.333984 0.416992 0.338867 0.418945 0.344727 0.421875 0.341797
0 0.795898 0.078125 0.799805 0.081055 0.806641 0.081055 0.801758 0.076172 0.796875 0.076172
0 0.554688 0.099609 0.554688 0.107422 0.560547 0.110352 0.559570 0.103516
0 0.176758 0.755859 0.172852 0.757812 0.173828 0.764648 0.176758 0.760742
0 0.348633 0.384766 0.341797 0.384766 0.338867 0.389648 0.344727 0.389648
0 0.490234 0.317383 0.490234 0.321289 0.498047 0.325195 0.496094 0.319336
0 0.357422 0.609375 0.350586 0.613281 0.349609 0.622070 0.356445 0.617188
0 0.109375 0.298828 0.109375 0.302734 0.119141 0.303711 0.124023 0.300781 0.123047 0.297852 0.119141 0.296875
0 0.473633 0.962891 0.466797 0.966797 0.465820 0.972656 0.472656 0.968750
0 0.457031 0.546875 0.459961 0.553711 0.464844 0.553711 0.462891 0.548828
0 0.441406 0.120117 0.445312 0.124023 0.453125 0.121094 0.447266 0.118164
0 0.610352 0.496094 0.610352 0.500977 0.615234 0.503906 0.614258 0.497070
0 0.390625 0.905273 0.385742 0.908203 0.384766 0.914062 0.391602 0.910156
0 0.547852 0.565430 0.543945 0.565430 0.541992 0.569336 0.543945 0.580078 0.546875 0.579102 0.548828 0.574219
0 0.018555 0.153320 0.021484 0.158203 0.028320 0.158203 0.026367 0.154297
0 0.391602 0.718750 0.386719 0.720703 0.385742 0.727539 0.391602 0.723633
0 0.422852 0.613281 0.418945 0.615234 0.419922 0.624023 0.423828 0.617188
0 0.617188 0.815430 0.616211 0.819336 0.619141 0.826172 0.622070 0.822266 0.621094 0.817383
0 0.777344 0.457031 0.771484 0.460938 0.770508 0.468750 0.775391 0.467773 0.777344 0.464844
0 0.157227 0.307617 0.160156 0.315430 0.165039 0.317383 0.164062 0.311523
0 0.011719 0.642578 0.012695 0.645508 0.020508 0.646484 0.018555 0.642578
0 0.676758 0.713867 0.670898 0.713867 0.667969 0.718750 0.673828 0.718750
0 0.871094 0.543945 0.867188 0.544922 0.867188 0.552734 0.870117 0.551758
0 0.339844 0.317383 0.340820 0.321289 0.350586 0.322266 0.346680 0.317383
0 0.360352 0.196289 0.354492 0.197266 0.353516 0.207031 0.359375 0.202148
0 0.849609 0.360352 0.850586 0.368164 0.855469 0.371094 0.855469 0.364258
0 0.048828 0.960938 0.048828 0.967773 0.053711 0.971680 0.053711 0.965820
0 0.198242 0.666992 0.200195 0.674805 0.208008 0.677734 0.206055 0.670898
0 0.265625 0.114258 0.259766 0.115234 0.256836 0.123047 0.261719 0.122070
0 0.616211 0.681641 0.618164 0.684570 0.625977 0.682617 0.624023 0.680664
0 0.019531 0.126953 0.013672 0.126953 0.009766 0.133789 0.017578 0.131836
0 0.232422 0.210938 0.226562 0.214844 0.226562 0.222656 0.231445 0.218750
0 0.500000 0.975586 0.503906 0.978516 0.510742 0.978516 0.510742 0.975586 0.505859 0.973633
0 0.196289 0.380859 0.196289 0.382812 0.202148 0.385742 0.207031 0.384766 0.207031 0.381836 0.203125 0.379883
0 0.927734 0.608398 0.934570 0.608398 0.938477 0.606445 0.938477 0.603516 0.930664 0.603516 0.927734 0.605469