0 0.129883 0.815430 0.123047 0.817383 0.120117 0.823242 0.126953 0.822266
0 0.283203 0.226562 0.284180 0.234375 0.289062 0.236328 0.287109 0.228516
0 0.923828 0.763672 0.923828 0.770508 0.929688 0.775391 0.929688 0.766602
0 0.407227 0.192383 0.413086 0.193359 0.418945 0.188477 0.411133 0.187500
0 0.948242 0.777344 0.943359 0.777344 0.939453 0.785156 0.945312 0.783203
0 0.679688 0.262695 0.686523 0.267578 0.692383 0.266602 0.692383 0.263672 0.686523 0.260742 0.680664 0.260742
0 0.707031 0.511719 0.699219 0.513672 0.695312 0.520508 0.704102 0.518555
0 0.020508 0.464844 0.014648 0.464844 0.011719 0.469727 0.018555 0.468750
0 0.045898 0.347656 0.047852 0.353516 0.052734 0.355469 0.053711 0.351562 0.049805 0.347656
0 0.284180 0.144531 0.288086 0.149414 0.296875 0.148438 0.291992 0.143555
0 0.453125 0.603516 0.455078 0.608398 0.460938 0.609375 0.457031 0.603516
0 0.673828 0.115234 0.669922 0.118164 0.669922 0.125000 0.673828 0.123047
0 0.826172 0.072266 0.821289 0.073242 0.817383 0.081055 0.822266 0.081055 0.825195 0.078125
0 0.525391 0.706055 0.525391 0.713867 0.529297 0.717773 0.529297 0.708008
0 0.743164 0.535156 0.740234 0.536133 0.740234 0.543945 0.743164 0.541992
0 0.400391 0.670898 0.396484 0.670898 0.393555 0.673828 0.392578 0.679688 0.397461 0.678711
0 0.395508 0.117188 0.390625 0.116211 0.383789 0.123047 0.391602 0.122070
0 0.602539 0.246094 0.603516 0.252930 0.607422 0.256836 0.612305 0.257812 0.610352 0.249023
0 0.064453 0.450195 0.064453 0.453125 0.069336 0.456055 0.077148 0.454102 0.070312 0.449219
0 0.090820 0.075195 0.085938 0.078125 0.084961 0.086914 0.089844 0.083984
0 0.908203 0.358398 0.908203 0.368164 0.912109 0.368164 0.912109 0.360352
0 0.365234 0.147461 0.361328 0.148438 0.363281 0.158203 0.365234 0.156250
0 0.273438 0.466797 0.276367 0.472656 0.284180 0.472656 0.281250 0.468750
0 0.094727 0.321289 0.099609 0.323242 0.104492 0.321289 0.104492 0.318359 0.097656 0.318359
0 0.795898 0.518555 0.799805 0.525391 0.807617 0.526367 0.803711 0.519531
0 0.615234 0.979492 0.616211 0.983398 0.623047 0.985352 0.621094 0.980469
0 0.018555 0.847656 0.012695 0.847656 0.007812 0.854492 0.015625 0.852539
0 0.954102 0.138672 0.944336 0.137695 0.939453 0.142578 0.947266 0.143555
0 0.874023 0.217773 0.878906 0.219727 0.884766 0.215820 0.876953 0.214844
0 0.989258 0.932617 0.983398 0.935547 0.980469 0.944336 0.987305 0.941406 0.990234 0.935547