0 0.550781 0.120117 0.548828 0.121094 0.547852 0.127930 0.551758 0.132812 0.553711 0.131836 0.553711 0.124023
0 0.555664 0.777344 0.559570 0.785156 0.567383 0.786133 0.563477 0.779297
0 0.333984 0.408203 0.336914 0.413086 0.345703 0.414062 0.344727 0.410156
0 0.962891 0.168945 0.963867 0.170898 0.972656 0.169922 0.970703 0.166992
0 0.674805 0.007812 0.667969 0.007812 0.664062 0.012695 0.671875 0.012695 0.674805 0.010742
0 0.731445 0.515625 0.723633 0.515625 0.721680 0.520508 0.728516 0.519531
0 0.750977 0.514648 0.750977 0.520508 0.758789 0.525391 0.756836 0.517578
0 0.749023 0.742188 0.752930 0.749023 0.757812 0.750000 0.756836 0.744141
0 0.422852 0.116211 0.416992 0.116211 0.411133 0.122070 0.417969 0.123047 0.422852 0.119141
0 0.326172 0.625000 0.327148 0.632812 0.332031 0.633789 0.331055 0.628906
0 0.134766 0.338867 0.135742 0.345703 0.139648 0.348633 0.140625 0.342773
0 0.338867 0.371094 0.333008 0.374023 0.332031 0.379883 0.337891 0.377930
0 0.054688 0.424805 0.053711 0.427734 0.060547 0.432617 0.060547 0.427734
0 0.146484 0.241211 0.143555 0.241211 0.140625 0.246094 0.141602 0.251953 0.145508 0.250000
0 0.879883 0.035156 0.882812 0.040039 0.887695 0.040039 0.885742 0.036133
0 0.840820 0.186523 0.836914 0.189453 0.839844 0.196289 0.841797 0.193359
0 0.481445 0.839844 0.475586 0.842773 0.474609 0.849609 0.480469 0.846680
0 0.116211 0.306641 0.115234 0.311523 0.119141 0.315430 0.120117 0.309570
0 0.907227 0.248047 0.901367 0.249023 0.899414 0.252930 0.906250 0.251953
0 0.867188 0.908203 0.863281 0.908203 0.859375 0.915039 0.861328 0.916016 0.866211 0.913086
0 0.120117 0.475586 0.116211 0.477539 0.117188 0.486328 0.120117 0.482422
0 0.329102 0.701172 0.332031 0.705078 0.338867 0.705078 0.334961 0.701172
0 0.165039 0.238281 0.156250 0.238281 0.152344 0.243164 0.161133 0.243164
0 0.440430 0.603516 0.435547 0.603516 0.431641 0.607422 0.436523 0.608398
0 0.402344 0.720703 0.397461 0.728516 0.402344 0.726562
0 0.495117 0.635742 0.497070 0.642578 0.502930 0.645508 0.502930 0.640625
0 0.383789 0.132812 0.382812 0.136719 0.388672 0.142578 0.388672 0.136719
0 0.807617 0.193359 0.811523 0.200195 0.816406 0.199219 0.813477 0.194336
0 0.110352 0.768555 0.100586 0.770508 0.098633 0.775391 0.106445 0.774414