0 0.423828 0.780273 0.422852 0.789062 0.423828 0.791992 0.426758 0.791992 0.427734 0.783203
0 0.856445 0.794922 0.856445 0.797852 0.861328 0.798828 0.868164 0.796875 0.865234 0.792969
0 0.053711 0.912109 0.057617 0.919922 0.067383 0.920898 0.064453 0.915039
0 0.416992 0.622070 0.411133 0.624023 0.409180 0.627930 0.414062 0.628906
0 0.053711 0.526367 0.059570 0.526367 0.063477 0.522461 0.057617 0.521484
0 0.747070 0.187500 0.743164 0.189453 0.743164 0.197266 0.747070 0.194336
0 0.932617 0.517578 0.936523 0.524414 0.941406 0.523438 0.940430 0.519531
0 0.690430 0.853516 0.689453 0.858398 0.697266 0.863281 0.696289 0.857422
0 0.448242 0.076172 0.442383 0.079102 0.439453 0.086914 0.448242 0.083008
0 0.894531 0.959961 0.893555 0.964844 0.897461 0.969727 0.897461 0.961914
0 0.340820 0.871094 0.333008 0.872070 0.330078 0.877930 0.337891 0.875977
0 0.674805 0.639648 0.669922 0.640625 0.667969 0.649414 0.672852 0.647461
0 0.033203 0.157227 0.034180 0.166016 0.039062 0.168945 0.040039 0.162109 0.036133 0.157227
0 0.713867 0.007812 0.714844 0.013672 0.720703 0.015625 0.718750 0.009766
0 0.247070 0.598633 0.241211 0.600586 0.239258 0.610352 0.246094 0.604492
0 0.979492 0.114258 0.976562 0.114258 0.974609 0.117188 0.975586 0.125000 0.978516 0.124023
0 0.315430 0.818359 0.311523 0.820312 0.311523 0.828125 0.315430 0.825195
0 0.281250 0.384766 0.271484 0.385742 0.269531 0.390625 0.276367 0.390625 0.281250 0.387695
0 0.785156 0.534180 0.780273 0.536133 0.779297 0.544922 0.785156 0.540039
0 0.167969 0.336914 0.169922 0.344727 0.175781 0.346680 0.174805 0.340820
0 0.412109 0.228516 0.406250 0.228516 0.403320 0.235352 0.410156 0.233398
0 0.793945 0.159180 0.793945 0.166016 0.797852 0.169922 0.797852 0.160156
0 0.031250 0.693359 0.025391 0.697266 0.024414 0.707031 0.030273 0.702148
0 0.247070 0.358398 0.243164 0.360352 0.243164 0.369141 0.247070 0.366211
0 0.387695 0.589844 0.383789 0.588867 0.377930 0.594727 0.386719 0.594727
0 0.946289 0.264648 0.944336 0.271484 0.945312 0.275391 0.949219 0.278320 0.951172 0.270508 0.949219 0.264648
0 0.347656 0.855469 0.342773 0.856445 0.340820 0.864258 0.346680 0.860352
0 0.847656 0.343750 0.841797 0.348633 0.843750 0.355469 0.847656 0.352539
0 0.183594 0.264648 0.179688 0.265625 0.178711 0.272461 0.183594 0.269531
0 0.258789 0.864258 0.254883 0.868164 0.255859 0.875977 0.259766 0.874023
0 0.894531 0.450195 0.900391 0.453125 0.907227 0.451172 0.907227 0.448242 0.898438 0.447266
0 0.057617 0.417969 0.059570 0.421875 0.068359 0.422852 0.062500 0.416992
0 0.174805 0.978516 0.179688 0.984375 0.185547 0.984375 0.184570 0.979492 0.180664 0.977539
0 0.158203 0.499023 0.157227 0.504883 0.161133 0.509766 0.162109 0.501953
0 0.731445 0.025391 0.728516 0.026367 0.726562 0.031250 0.728516 0.037109 0.732422 0.034180
0 0.240234 0.948242 0.235352 0.946289 0.229492 0.948242 0.228516 0.951172 0.238281 0.951172
0 0.111328 0.944336 0.111328 0.948242 0.114258 0.951172 0.120117 0.952148 0.116211 0.945312
0 0.796875 0.352539 0.796875 0.358398 0.801758 0.361328 0.801758 0.355469
0 0.508789 0.471680 0.510742 0.475586 0.516602 0.476562 0.515625 0.472656
0 0.401367 0.394531 0.401367 0.401367 0.407227 0.406250 0.406250 0.397461
0 0.309570 0.893555 0.307617 0.900391 0.309570 0.904297 0.312500 0.904297 0.313477 0.898438
0 0.393555 0.679688 0.396484 0.681641 0.405273 0.680664 0.403320 0.676758 0.397461 0.676758
0 0.531250 0.912109 0.528320 0.914062 0.527344 0.921875 0.530273 0.921875 0.532227 0.918945
0 0.030273 0.386719 0.024414 0.386719 0.021484 0.392578 0.027344 0.391602
0 0.291016 0.248047 0.292969 0.253906 0.297852 0.254883 0.296875 0.250000
0 0.638672 0.604492 0.630859 0.607422 0.630859 0.611328 0.636719 0.610352 0.639648 0.606445
0 0.162109 0.625977 0.164062 0.632812 0.169922 0.635742 0.169922 0.630859
0 0.726562 0.602539 0.724609 0.614258 0.728516 0.616211 0.730469 0.607422 0.729492 0.603516
0 0.375000 0.890625 0.377930 0.894531 0.386719 0.894531 0.381836 0.889648
0 0.240234 0.025391 0.241211 0.029297 0.250977 0.031250 0.249023 0.027344
0 0.089844 0.212891 0.092773 0.215820 0.100586 0.214844 0.098633 0.211914
0 0.764648 0.588867 0.764648 0.598633 0.767578 0.598633 0.768555 0.590820
0 0.741211 0.421875 0.737305 0.424805 0.738281 0.432617 0.742188 0.428711
0 0.360352 0.035156 0.364258 0.040039 0.370117 0.041016 0.368164 0.036133
0 0.481445 0.327148 0.481445 0.330078 0.485352 0.332031 0.494141 0.331055 0.494141 0.329102 0.487305 0.326172
0 0.226562 0.017578 0.227539 0.020508 0.237305 0.018555 0.234375 0.015625
0 0.978516 0.047852 0.978516 0.053711 0.985352 0.056641 0.985352 0.052734
0 0.244141 0.154297 0.239258 0.159180 0.240234 0.163086 0.244141 0.160156
0 0.334961 0.183594 0.335938 0.189453 0.344727 0.192383 0.339844 0.184570
0 0.322266 0.832031 0.321289 0.837891 0.326172 0.842773 0.327148 0.833984
0 0.767578 0.614258 0.760742 0.615234 0.756836 0.622070 0.764648 0.620117
0 0.549805 0.049805 0.549805 0.055664 0.554688 0.059570 0.554688 0.052734
0 0.043945 0.045898 0.044922 0.048828 0.053711 0.046875 0.052734 0.043945
0 0.030273 0.907227 0.027344 0.905273 0.021484 0.908203 0.019531 0.913086 0.027344 0.912109