0 0.171875 0.683594 0.173828 0.687500 0.181641 0.686523 0.180664 0.683594
0 0.646484 0.881836 0.646484 0.883789 0.652344 0.885742 0.658203 0.883789 0.656250 0.879883
0 0.415039 0.603516 0.417969 0.607422 0.426758 0.607422 0.426758 0.604492 0.423828 0.602539
0 0.644531 0.489258 0.640625 0.491211 0.640625 0.499023 0.644531 0.496094
0 0.420898 0.806641 0.425781 0.812500 0.432617 0.813477 0.433594 0.811523 0.428711 0.805664 0.422852 0.804688
0 0.916992 0.765625 0.909180 0.767578 0.907227 0.772461 0.916992 0.769531
0 0.752930 0.488281 0.754883 0.493164 0.761719 0.493164 0.759766 0.489258
0 0.142578 0.437500 0.133789 0.437500 0.130859 0.439453 0.130859 0.442383 0.139648 0.441406
0 0.361328 0.857422 0.365234 0.861328 0.372070 0.861328 0.372070 0.858398 0.369141 0.856445
0 0.660156 0.272461 0.657227 0.272461 0.655273 0.275391 0.655273 0.283203 0.658203 0.282227
0 0.164062 0.174805 0.159180 0.174805 0.155273 0.177734 0.155273 0.180664 0.163086 0.178711
0 0.559570 0.203125 0.560547 0.208008 0.564453 0.209961 0.569336 0.208984 0.565430 0.204102
0 0.824219 0.091797 0.820312 0.093750 0.820312 0.101562 0.822266 0.103516 0.825195 0.097656
0 0.864258 0.369141 0.866211 0.375000 0.870117 0.375977 0.869141 0.370117
0 0.415039 0.224609 0.410156 0.228516 0.411133 0.237305 0.416016 0.232422
0 0.361328 0.202148 0.358398 0.205078 0.358398 0.212891 0.362305 0.208984 0.363281 0.204102
0 0.790039 0.932617 0.793945 0.938477 0.799805 0.939453 0.797852 0.933594
0 0.804688 0.264648 0.798828 0.265625 0.796875 0.270508 0.800781 0.270508
0 0.025391 0.963867 0.019531 0.966797 0.017578 0.975586 0.023438 0.972656
0 0.862305 0.430664 0.865234 0.436523 0.872070 0.437500 0.870117 0.432617
0 0.774414 0.552734 0.773438 0.559570 0.776367 0.562500 0.778320 0.555664
0 0.501953 0.199219 0.502930 0.205078 0.507812 0.208008 0.507812 0.203125
0 0.187500 0.189453 0.182617 0.191406 0.180664 0.198242 0.186523 0.195312
0 0.883789 0.967773 0.890625 0.972656 0.896484 0.971680 0.896484 0.968750 0.891602 0.965820
0 0.883789 0.683594 0.885742 0.693359 0.889648 0.693359 0.888672 0.686523
0 0.433594 0.583008 0.425781 0.583984 0.422852 0.590820 0.431641 0.587891
0 0.623047 0.288086 0.619141 0.290039 0.618164 0.296875 0.622070 0.295898
0 0.694336 0.317383 0.688477 0.320312 0.688477 0.328125 0.692383 0.326172
0 0.275391 0.200195 0.275391 0.208008 0.279297 0.209961 0.279297 0.203125
0 0.449219 0.470703 0.441406 0.472656 0.438477 0.479492 0.444336 0.479492 0.448242 0.475586
0 0.348633 0.366211 0.341797 0.368164 0.339844 0.375000 0.345703 0.373047
0 0.886719 0.049805 0.885742 0.057617 0.888672 0.059570 0.890625 0.051758
0 0.099609 0.923828 0.103516 0.928711 0.110352 0.928711 0.106445 0.923828
0 0.272461 0.496094 0.270508 0.502930 0.273438 0.507812 0.276367 0.507812 0.276367 0.500000
0 0.518555 0.103516 0.518555 0.109375 0.523438 0.113281 0.523438 0.107422
0 0.536133 0.709961 0.539062 0.713867 0.545898 0.712891 0.541016 0.708984
0 0.250000 0.367188 0.253906 0.370117 0.260742 0.370117 0.260742 0.367188 0.257812 0.365234
0 0.627930 0.808594 0.624023 0.810547 0.624023 0.818359 0.627930 0.815430
0 0.520508 0.434570 0.512695 0.434570 0.510742 0.438477 0.518555 0.438477
0 0.253906 0.755859 0.250000 0.759766 0.250000 0.765625 0.254883 0.760742
0 0.200195 0.534180 0.196289 0.534180 0.193359 0.540039 0.198242 0.539062
0 0.913086 0.791992 0.907227 0.794922 0.907227 0.801758 0.913086 0.796875
0 0.578125 0.976562 0.572266 0.977539 0.570312 0.982422 0.576172 0.981445
0 0.476562 0.446289 0.477539 0.450195 0.484375 0.452148 0.480469 0.446289
0 0.602539 0.903320 0.603516 0.908203 0.609375 0.911133 0.608398 0.905273
0 0.129883 0.211914 0.122070 0.212891 0.119141 0.218750 0.125977 0.218750
0 0.705078 0.884766 0.709961 0.885742 0.714844 0.881836 0.708984 0.880859
0 0.437500 0.354492 0.431641 0.357422 0.430664 0.362305 0.437500 0.358398
0 0.666992 0.822266 0.668945 0.830078 0.673828 0.833008 0.673828 0.826172
0 0.918945 0.549805 0.919922 0.554688 0.925781 0.558594 0.925781 0.552734