0 0.037109 0.817383 0.036133 0.821289 0.038086 0.824219 0.044922 0.826172 0.041992 0.819336
0 0.209961 0.281250 0.218750 0.283203 0.220703 0.279297 0.212891 0.278320
0 0.558594 0.859375 0.552734 0.862305 0.550781 0.870117 0.558594 0.865234
0 0.541016 0.823242 0.539062 0.832031 0.542969 0.834961 0.543945 0.825195
0 0.041992 0.377930 0.040039 0.385742 0.041992 0.390625 0.044922 0.390625 0.045898 0.381836
0 0.437500 0.278320 0.430664 0.277344 0.425781 0.283203 0.433594 0.283203
0 0.302734 0.230469 0.309570 0.235352 0.318359 0.232422 0.313477 0.229492
0 0.837891 0.116211 0.841797 0.117188 0.847656 0.113281 0.839844 0.112305
0 0.613281 0.914062 0.607422 0.917969 0.607422 0.920898 0.613281 0.917969
0 0.940430 0.763672 0.940430 0.766602 0.945312 0.768555 0.952148 0.765625 0.949219 0.762695
0 0.071289 0.174805 0.066406 0.173828 0.061523 0.178711 0.068359 0.179688
0 0.366211 0.470703 0.359375 0.472656 0.357422 0.479492 0.363281 0.478516
0 0.793945 0.050781 0.788086 0.050781 0.784180 0.056641 0.791992 0.055664
0 0.991211 0.650391 0.983398 0.651367 0.981445 0.655273 0.988281 0.655273
0 0.187500 0.883789 0.182617 0.884766 0.180664 0.893555 0.185547 0.891602
0 0.529297 0.550781 0.530273 0.553711 0.535156 0.555664 0.542969 0.554688 0.539062 0.549805
0 0.937500 0.737305 0.929688 0.738281 0.926758 0.743164 0.933594 0.743164
0 0.541016 0.265625 0.536133 0.267578 0.535156 0.276367 0.541016 0.272461
0 0.616211 0.609375 0.611328 0.611328 0.610352 0.618164 0.616211 0.614258
0 0.550781 0.520508 0.550781 0.527344 0.555664 0.530273 0.554688 0.522461
0 0.707031 0.313477 0.706055 0.317383 0.709961 0.321289 0.714844 0.322266 0.715820 0.320312 0.712891 0.315430
0 0.406250 0.947266 0.406250 0.953125 0.414062 0.958008 0.412109 0.950195
0 0.069336 0.277344 0.065430 0.278320 0.064453 0.286133 0.068359 0.284180
0 0.697266 0.532227 0.691406 0.533203 0.688477 0.539062 0.695312 0.537109
0 0.692383 0.410156 0.684570 0.411133 0.682617 0.415039 0.689453 0.415039
0 0.823242 0.805664 0.822266 0.814453 0.825195 0.816406 0.827148 0.806641
0 0.624023 0.165039 0.624023 0.168945 0.627930 0.171875 0.634766 0.171875 0.634766 0.168945 0.630859 0.166016
0 0.640625 0.387695 0.645508 0.388672 0.649414 0.383789 0.643555 0.383789
0 0.340820 0.227539 0.333984 0.231445 0.332031 0.239258 0.339844 0.235352
0 0.046875 0.082031 0.042969 0.083984 0.041992 0.090820 0.046875 0.086914
0 0.176758 0.375000 0.172852 0.378906 0.173828 0.387695 0.178711 0.382812
0 0.304688 0.516602 0.301758 0.516602 0.297852 0.521484 0.301758 0.522461
0 0.958008 0.710938 0.951172 0.712891 0.947266 0.719727 0.954102 0.719727 0.958008 0.714844
0 0.794922 0.767578 0.796875 0.773438 0.803711 0.774414 0.799805 0.768555
0 0.434570 0.923828 0.429688 0.928711 0.431641 0.934570 0.434570 0.930664
0 0.449219 0.775391 0.451172 0.780273 0.459961 0.781250 0.456055 0.775391
0 0.325195 0.178711 0.324219 0.187500 0.325195 0.190430 0.328125 0.190430 0.329102 0.181641
0 0.262695 0.530273 0.260742 0.538086 0.264648 0.543945 0.267578 0.541016 0.267578 0.537109
0 0.736328 0.430664 0.730469 0.429688 0.724609 0.433594 0.724609 0.436523 0.732422 0.435547
0 0.673828 0.475586 0.669922 0.478516 0.670898 0.487305 0.674805 0.482422
0 0.026367 0.662109 0.026367 0.670898 0.028320 0.673828 0.031250 0.673828 0.032227 0.667969
0 0.328125 0.652344 0.329102 0.658203 0.335938 0.661133 0.336914 0.658203 0.331055 0.652344
0 0.103516 0.460938 0.098633 0.462891 0.096680 0.469727 0.102539 0.466797