0 0.261719 0.681641 0.256836 0.681641 0.251953 0.686523 0.257812 0.687500 0.261719 0.684570
0 0.854492 0.471680 0.862305 0.472656 0.867188 0.470703 0.867188 0.468750 0.857422 0.467773
0 0.829102 0.267578 0.831055 0.272461 0.837891 0.273438 0.834961 0.268555
0 0.923828 0.620117 0.923828 0.627930 0.927734 0.629883 0.927734 0.621094
0 0.538086 0.059570 0.538086 0.061523 0.542969 0.063477 0.547852 0.062500 0.547852 0.059570 0.544922 0.058594
0 0.239258 0.954102 0.236328 0.954102 0.232422 0.959961 0.236328 0.959961
0 0.206055 0.031250 0.207031 0.038086 0.212891 0.041016 0.210938 0.033203
0 0.866211 0.523438 0.859375 0.525391 0.856445 0.530273 0.863281 0.529297
0 0.397461 0.499023 0.397461 0.501953 0.401367 0.504883 0.410156 0.503906 0.403320 0.499023
0 0.024414 0.548828 0.024414 0.550781 0.030273 0.553711 0.036133 0.552734 0.033203 0.548828
0 0.391602 0.528320 0.395508 0.536133 0.405273 0.537109 0.402344 0.531250
0 0.167969 0.275391 0.166016 0.278320 0.172852 0.285156 0.172852 0.279297
0 0.435547 0.768555 0.430664 0.768555 0.426758 0.775391 0.432617 0.774414
0 0.185547 0.431641 0.177734 0.431641 0.173828 0.436523 0.182617 0.436523
0 0.883789 0.802734 0.877930 0.805664 0.876953 0.812500 0.882812 0.808594
0 0.691406 0.849609 0.690430 0.854492 0.695312 0.861328 0.696289 0.853516
0 0.923828 0.778320 0.917969 0.781250 0.916016 0.785156 0.916992 0.790039 0.922852 0.785156
0 0.979492 0.783203 0.982422 0.790039 0.988281 0.791016 0.986328 0.785156
0 0.948242 0.684570 0.949219 0.689453 0.955078 0.692383 0.954102 0.686523
0 0.436523 0.375977 0.431641 0.381836 0.432617 0.389648 0.438477 0.383789 0.438477 0.376953
0 0.881836 0.848633 0.879883 0.852539 0.881836 0.858398 0.884766 0.859375 0.885742 0.850586
0 0.793945 0.233398 0.789062 0.234375 0.786133 0.240234 0.790039 0.240234
0 0.718750 0.041016 0.716797 0.039062 0.713867 0.040039 0.708984 0.045898 0.716797 0.044922
0 0.788086 0.778320 0.787109 0.787109 0.790039 0.789062 0.791992 0.780273
0 0.813477 0.571289 0.806641 0.572266 0.804688 0.576172 0.811523 0.575195
0 0.983398 0.713867 0.977539 0.714844 0.975586 0.719727 0.981445 0.718750
0 0.515625 0.632812 0.515625 0.638672 0.520508 0.644531 0.521484 0.636719 0.518555 0.632812
0 0.241211 0.676758 0.240234 0.680664 0.246094 0.686523 0.245117 0.678711
0 0.838867 0.441406 0.841797 0.445312 0.850586 0.443359 0.850586 0.441406 0.845703 0.439453
0 0.985352 0.972656 0.986328 0.980469 0.991211 0.983398 0.991211 0.975586
0 0.535156 0.084961 0.536133 0.088867 0.543945 0.090820 0.541016 0.085938
0 0.392578 0.292969 0.398438 0.301758 0.404297 0.302734 0.399414 0.293945
0 0.036133 0.119141 0.031250 0.117188 0.025391 0.121094 0.033203 0.123047
0 0.385742 0.264648 0.380859 0.266602 0.379883 0.274414 0.384766 0.270508
0 0.660156 0.870117 0.663086 0.875977 0.670898 0.876953 0.666992 0.871094
0 0.591797 0.647461 0.583984 0.648438 0.582031 0.653320 0.588867 0.652344
0 0.163086 0.582031 0.165039 0.590820 0.171875 0.593750 0.169922 0.585938
0 0.277344 0.733398 0.276367 0.738281 0.280273 0.744141 0.282227 0.739258 0.279297 0.733398
0 0.549805 0.299805 0.543945 0.298828 0.540039 0.306641 0.546875 0.304688
0 0.926758 0.252930 0.918945 0.252930 0.916016 0.254883 0.916016 0.257812 0.922852 0.257812
0 0.701172 0.291992 0.704102 0.296875 0.709961 0.297852 0.708008 0.292969
0 0.612305 0.986328 0.616211 0.992188 0.623047 0.992188 0.620117 0.987305
0 0.526367 0.513672 0.520508 0.512695 0.514648 0.516602 0.520508 0.518555
0 0.694336 0.809570 0.695312 0.814453 0.702148 0.818359 0.702148 0.813477
0 0.243164 0.590820 0.246094 0.598633 0.251953 0.600586 0.251953 0.595703 0.248047 0.591797
0 0.661133 0.713867 0.657227 0.718750 0.658203 0.725586 0.663086 0.718750
0 0.171875 0.493164 0.175781 0.500000 0.184570 0.500000 0.180664 0.494141
0 0.119141 0.781250 0.111328 0.783203 0.109375 0.787109 0.115234 0.788086
0 0.866211 0.107422 0.861328 0.110352 0.860352 0.119141 0.866211 0.115234
0 0.859375 0.911133 0.862305 0.916016 0.869141 0.916016 0.867188 0.912109
0 0.396484 0.264648 0.395508 0.268555 0.397461 0.271484 0.404297 0.274414 0.401367 0.266602
0 0.350586 0.233398 0.351562 0.236328 0.360352 0.238281 0.357422 0.233398
0 0.791992 0.402344 0.793945 0.406250 0.800781 0.407227 0.798828 0.403320