0 0.721680 0.775391 0.724609 0.777344 0.730469 0.776367 0.735352 0.771484 0.726562 0.770508
0 0.314453 0.065430 0.315430 0.067383 0.325195 0.067383 0.326172 0.063477
0 0.472656 0.753906 0.466797 0.757812 0.467773 0.761719 0.472656 0.757812
0 0.217773 0.491211 0.220703 0.497070 0.225586 0.498047 0.221680 0.491211
0 0.300781 0.129883 0.300781 0.131836 0.305664 0.133789 0.310547 0.131836 0.308594 0.127930
0 0.930664 0.485352 0.929688 0.487305 0.932617 0.492188 0.937500 0.494141 0.936523 0.488281
0 0.279297 0.492188 0.273438 0.495117 0.271484 0.498047 0.272461 0.501953 0.280273 0.498047
0 0.771484 0.586914 0.768555 0.587891 0.769531 0.595703 0.772461 0.593750
0 0.759766 0.805664 0.761719 0.809570 0.769531 0.810547 0.766602 0.805664
0 0.166992 0.941406 0.169922 0.945312 0.176758 0.945312 0.174805 0.941406
0 0.242188 0.708008 0.246094 0.713867 0.251953 0.714844 0.248047 0.708008
0 0.321289 0.041016 0.312500 0.041992 0.310547 0.046875 0.317383 0.045898
0 0.415039 0.335938 0.409180 0.338867 0.408203 0.345703 0.414062 0.341797
0 0.969727 0.754883 0.973633 0.758789 0.981445 0.756836 0.979492 0.753906
0 0.363281 0.268555 0.364258 0.271484 0.372070 0.271484 0.370117 0.268555
0 0.746094 0.037109 0.747070 0.043945 0.753906 0.047852 0.753906 0.041016
0 0.411133 0.687500 0.409180 0.695312 0.414062 0.700195 0.415039 0.691406
0 0.333008 0.565430 0.329102 0.566406 0.329102 0.574219 0.333008 0.571289
0 0.587891 0.868164 0.583008 0.872070 0.583008 0.878906 0.585938 0.878906 0.587891 0.875977
0 0.381836 0.601562 0.375977 0.604492 0.375000 0.612305 0.379883 0.611328
0 0.830078 0.657227 0.829102 0.666992 0.833984 0.670898 0.835938 0.663086 0.833008 0.657227
0 0.227539 0.575195 0.227539 0.578125 0.232422 0.581055 0.240234 0.580078 0.234375 0.575195
0 0.721680 0.353516 0.726562 0.361328 0.727539 0.355469
0 0.776367 0.552734 0.770508 0.556641 0.770508 0.562500 0.775391 0.560547
0 0.063477 0.949219 0.059570 0.954102 0.061523 0.960938 0.064453 0.955078
0 0.439453 0.439453 0.441406 0.448242 0.445312 0.449219 0.444336 0.442383
0 0.770508 0.673828 0.771484 0.678711 0.774414 0.680664 0.779297 0.679688 0.775391 0.674805
0 0.314453 0.379883 0.308594 0.380859 0.305664 0.385742 0.312500 0.384766
0 0.034180 0.978516 0.041992 0.979492 0.044922 0.977539 0.037109 0.975586
0 0.869141 0.185547 0.861328 0.187500 0.859375 0.191406 0.868164 0.190430
0 0.342773 0.577148 0.338867 0.581055 0.338867 0.585938 0.342773 0.583984
0 0.369141 0.892578 0.369141 0.895508 0.372070 0.897461 0.380859 0.897461 0.377930 0.892578
0 0.261719 0.909180 0.258789 0.913086 0.259766 0.919922 0.263672 0.915039
0 0.538086 0.536133 0.533203 0.540039 0.533203 0.548828 0.536133 0.548828 0.539062 0.543945 0.540039 0.538086
0 0.261719 0.041992 0.259766 0.050781 0.263672 0.052734 0.265625 0.047852 0.264648 0.042969
0 0.983398 0.788086 0.988281 0.792969 0.998047 0.791016 0.994141 0.788086
0 0.210938 0.304688 0.211914 0.307617 0.219727 0.306641 0.218750 0.304688
0 0.880859 0.576172 0.870117 0.579102 0.869141 0.583008 0.877930 0.582031 0.880859 0.580078
0 0.201172 0.605469 0.199219 0.612305 0.203125 0.617188 0.204102 0.609375
0 0.060547 0.583008 0.061523 0.588867 0.067383 0.591797 0.066406 0.583984
0 0.314453 0.721680 0.308594 0.724609 0.307617 0.730469 0.313477 0.728516
0 0.275391 0.531250 0.276367 0.534180 0.283203 0.533203 0.282227 0.530273
0 0.085938 0.263672 0.083984 0.266602 0.084961 0.273438 0.088867 0.277344 0.089844 0.265625
0 0.313477 0.215820 0.315430 0.220703 0.325195 0.221680 0.321289 0.216797
0 0.160156 0.453125 0.154297 0.455078 0.152344 0.460938 0.157227 0.459961
0 0.375000 0.386719 0.377930 0.391602 0.384766 0.391602 0.380859 0.386719
0 0.421875 0.970703 0.425781 0.977539 0.433594 0.977539 0.430664 0.971680
0 0.555664 0.364258 0.555664 0.374023 0.561523 0.377930 0.561523 0.370117
0 0.568359 0.622070 0.568359 0.625000 0.575195 0.628906 0.574219 0.624023
0 0.346680 0.255859 0.341797 0.258789 0.340820 0.265625 0.346680 0.262695
0 0.729492 0.380859 0.721680 0.380859 0.719727 0.385742 0.726562 0.384766
0 0.823242 0.032227 0.826172 0.039062 0.833984 0.041016 0.831055 0.034180
0 0.682617 0.423828 0.687500 0.423828 0.691406 0.418945 0.685547 0.418945
0 0.840820 0.441406 0.840820 0.447266 0.845703 0.453125 0.846680 0.445312 0.843750 0.441406
0 0.164062 0.654297 0.167969 0.661133 0.171875 0.663086 0.176758 0.662109 0.172852 0.655273 0.168945 0.653320
0 0.250977 0.679688 0.250977 0.686523 0.252930 0.689453 0.255859 0.689453 0.256836 0.685547
0 0.070312 0.984375 0.071289 0.988281 0.081055 0.987305 0.078125 0.983398