0 0.325195 0.116211 0.333008 0.121094 0.331055 0.116211
0 0.842773 0.352539 0.836914 0.354492 0.834961 0.360352 0.839844 0.359375
0 0.931641 0.592773 0.934570 0.597656 0.940430 0.598633 0.938477 0.593750
0 0.042969 0.173828 0.037109 0.174805 0.033203 0.180664 0.040039 0.179688
0 0.576172 0.789062 0.583984 0.788086 0.584961 0.785156 0.579102 0.784180 0.576172 0.786133
0 0.708984 0.138672 0.708984 0.141602 0.711914 0.143555 0.720703 0.143555 0.715820 0.138672
0 0.140625 0.345703 0.135742 0.344727 0.131836 0.348633 0.130859 0.353516 0.136719 0.351562
0 0.166992 0.017578 0.162109 0.022461 0.161133 0.032227 0.167969 0.026367 0.168945 0.019531
0 0.864258 0.740234 0.863281 0.749023 0.866211 0.750977 0.868164 0.741211
0 0.112305 0.118164 0.106445 0.120117 0.105469 0.131836 0.107422 0.132812 0.112305 0.126953
0 0.580078 0.231445 0.582031 0.238281 0.586914 0.240234 0.584961 0.232422
0 0.940430 0.476562 0.935547 0.478516 0.934570 0.486328 0.937500 0.486328
0 0.889648 0.647461 0.882812 0.648438 0.879883 0.653320 0.886719 0.652344
0 0.126953 0.068359 0.121094 0.071289 0.121094 0.078125 0.125977 0.073242
0 0.354492 0.101562 0.359375 0.104492 0.364258 0.102539 0.361328 0.099609
0 0.966797 0.643555 0.966797 0.645508 0.975586 0.644531 0.974609 0.641602
0 0.260742 0.892578 0.263672 0.896484 0.271484 0.896484 0.273438 0.894531 0.265625 0.890625
0 0.294922 0.464844 0.291016 0.467773 0.292969 0.474609 0.295898 0.469727
0 0.690430 0.123047 0.691406 0.128906 0.696289 0.131836 0.696289 0.125977
0 0.368164 0.118164 0.372070 0.123047 0.378906 0.123047 0.375000 0.118164
0 0.509766 0.790039 0.508789 0.794922 0.510742 0.798828 0.514648 0.799805 0.514648 0.793945
0 0.623047 0.632812 0.625000 0.637695 0.634766 0.639648 0.630859 0.633789
0 0.302734 0.020508 0.300781 0.027344 0.305664 0.032227 0.306641 0.024414
0 0.407227 0.754883 0.404297 0.754883 0.402344 0.757812 0.403320 0.765625 0.405273 0.765625
0 0.755859 0.851562 0.750977 0.854492 0.750000 0.860352 0.756836 0.856445
0 0.076172 0.353516 0.071289 0.358398 0.072266 0.366211 0.077148 0.358398
0 0.365234 0.450195 0.370117 0.456055 0.375977 0.455078 0.372070 0.450195
0 0.704102 0.843750 0.703125 0.848633 0.708008 0.853516 0.708008 0.845703
0 0.582031 0.797852 0.576172 0.797852 0.571289 0.802734 0.579102 0.802734 0.582031 0.800781
0 0.918945 0.967773 0.911133 0.968750 0.909180 0.974609 0.915039 0.973633
0 0.150391 0.925781 0.146484 0.926758 0.147461 0.936523 0.150391 0.932617
0 0.420898 0.560547 0.416016 0.559570 0.408203 0.564453 0.414062 0.567383
0 0.168945 0.789062 0.162109 0.789062 0.159180 0.792969 0.164062 0.793945
0 0.738281 0.848633 0.732422 0.851562 0.731445 0.857422 0.738281 0.853516
0 0.155273 0.597656 0.157227 0.604492 0.164062 0.608398 0.165039 0.604492 0.162109 0.598633
0 0.934570 0.608398 0.930664 0.612305 0.931641 0.621094 0.936523 0.616211
0 0.448242 0.486328 0.451172 0.490234 0.458008 0.490234 0.461914 0.487305 0.457031 0.484375 0.450195 0.484375
0 0.503906 0.346680 0.499023 0.346680 0.495117 0.352539 0.500000 0.352539
0 0.321289 0.847656 0.324219 0.851562 0.332031 0.850586 0.329102 0.846680
0 0.152344 0.536133 0.148438 0.539062 0.148438 0.544922 0.152344 0.542969
0 0.830078 0.394531 0.831055 0.399414 0.838867 0.401367 0.833984 0.394531
0 0.886719 0.561523 0.886719 0.564453 0.890625 0.567383 0.898438 0.566406 0.894531 0.561523
0 0.851562 0.190430 0.851562 0.195312 0.858398 0.198242 0.856445 0.192383
0 0.108398 0.462891 0.106445 0.460938 0.101562 0.461914 0.097656 0.466797 0.105469 0.465820
0 0.069336 0.795898 0.070312 0.801758 0.076172 0.804688 0.077148 0.800781 0.075195 0.797852
0 0.204102 0.581055 0.202148 0.579102 0.195312 0.580078 0.191406 0.583008 0.191406 0.585938 0.200195 0.585938
0 0.958984 0.223633 0.961914 0.236328 0.964844 0.236328 0.964844 0.226562 0.962891 0.223633
0 0.116211 0.031250 0.111328 0.032227 0.107422 0.038086 0.113281 0.038086
0 0.934570 0.023438 0.931641 0.026367 0.932617 0.034180 0.936523 0.030273
0 0.180664 0.596680 0.172852 0.600586 0.171875 0.608398 0.179688 0.604492
0 0.791992 0.795898 0.784180 0.799805 0.784180 0.804688 0.790039 0.801758
0 0.169922 0.277344 0.163086 0.279297 0.161133 0.286133 0.166016 0.285156
0 0.637695 0.382812 0.638672 0.390625 0.645508 0.394531 0.644531 0.387695
0 0.622070 0.010742 0.618164 0.014648 0.619141 0.021484 0.623047 0.017578
0 0.584961 0.825195 0.587891 0.833008 0.592773 0.834961 0.591797 0.829102
0 0.724609 0.565430 0.733398 0.565430 0.736328 0.561523 0.727539 0.561523
0 0.580078 0.686523 0.575195 0.688477 0.573242 0.697266 0.580078 0.693359