0 0.163086 0.347656 0.168945 0.348633 0.173828 0.346680 0.174805 0.343750 0.166016 0.342773 0.163086 0.344727
0 0.511719 0.781250 0.508789 0.779297 0.501953 0.786133 0.507812 0.786133
0 0.550781 0.266602 0.547852 0.269531 0.548828 0.278320 0.552734 0.274414
0 0.888672 0.167969 0.889648 0.175781 0.894531 0.177734 0.892578 0.169922
0 0.409180 0.284180 0.410156 0.291016 0.414062 0.293945 0.414062 0.287109 0.412109 0.284180
0 0.402344 0.792969 0.398438 0.793945 0.398438 0.802734 0.402344 0.798828
0 0.115234 0.721680 0.112305 0.723633 0.112305 0.729492 0.116211 0.726562
0 0.015625 0.541016 0.018555 0.544922 0.027344 0.544922 0.025391 0.541016
0 0.249023 0.750977 0.248047 0.755859 0.253906 0.762695 0.253906 0.753906 0.251953 0.750977
0 0.101562 0.613281 0.102539 0.623047 0.107422 0.624023 0.105469 0.615234
0 0.728516 0.355469 0.736328 0.355469 0.739258 0.353516 0.739258 0.350586 0.732422 0.350586
0 0.225586 0.541992 0.228516 0.545898 0.233398 0.545898 0.234375 0.543945 0.230469 0.541016
0 0.409180 0.159180 0.404297 0.162109 0.403320 0.170898 0.409180 0.166992 0.411133 0.162109
0 0.778320 0.852539 0.779297 0.855469 0.788086 0.855469 0.786133 0.851562
0 0.420898 0.601562 0.421875 0.608398 0.426758 0.611328 0.425781 0.603516
0 0.415039 0.381836 0.417969 0.388672 0.423828 0.388672 0.419922 0.382812
0 0.532227 0.489258 0.537109 0.497070 0.541992 0.498047 0.540039 0.491211
0 0.466797 0.398438 0.467773 0.404297 0.474609 0.407227 0.472656 0.400391
0 0.492188 0.023438 0.491211 0.028320 0.497070 0.034180 0.497070 0.028320
0 0.053711 0.796875 0.059570 0.798828 0.064453 0.794922 0.056641 0.793945
0 0.242188 0.982422 0.242188 0.986328 0.249023 0.990234 0.248047 0.984375
0 0.614258 0.699219 0.611328 0.703125 0.611328 0.709961 0.614258 0.708984 0.616211 0.704102
0 0.983398 0.185547 0.979492 0.186523 0.978516 0.194336 0.982422 0.191406
0 0.975586 0.904297 0.975586 0.909180 0.979492 0.912109 0.979492 0.906250
0 0.406250 0.698242 0.401367 0.699219 0.397461 0.706055 0.401367 0.707031 0.404297 0.705078
0 0.833984 0.270508 0.830078 0.273438 0.831055 0.280273 0.835938 0.275391
0 0.784180 0.510742 0.783203 0.516602 0.788086 0.520508 0.788086 0.513672
0 0.453125 0.525391 0.454102 0.530273 0.458008 0.534180 0.461914 0.534180 0.459961 0.527344
0 0.717773 0.770508 0.720703 0.776367 0.726562 0.777344 0.722656 0.771484
0 0.645508 0.622070 0.640625 0.623047 0.635742 0.631836 0.642578 0.628906
0 0.719727 0.678711 0.720703 0.686523 0.726562 0.689453 0.724609 0.679688
0 0.873047 0.596680 0.865234 0.597656 0.862305 0.602539 0.871094 0.601562
0 0.715820 0.384766 0.711914 0.384766 0.708984 0.391602 0.711914 0.391602
0 0.384766 0.053711 0.386719 0.058594 0.394531 0.059570 0.390625 0.054688
0 0.191406 0.588867 0.190430 0.591797 0.194336 0.597656 0.195312 0.592773
0 0.083984 0.051758 0.079102 0.050781 0.074219 0.053711 0.080078 0.055664
0 0.630859 0.457031 0.625000 0.458984 0.624023 0.464844 0.629883 0.461914
0 0.099609 0.859375 0.103516 0.865234 0.110352 0.865234 0.108398 0.861328
0 0.327148 0.066406 0.328125 0.074219 0.332031 0.075195 0.331055 0.068359