0 0.049805 0.583984 0.049805 0.586914 0.053711 0.588867 0.060547 0.586914 0.060547 0.584961 0.055664 0.583008
0 0.666992 0.738281 0.671875 0.744141 0.677734 0.744141 0.676758 0.739258
0 0.957031 0.442383 0.950195 0.446289 0.950195 0.453125 0.956055 0.449219
0 0.202148 0.835938 0.198242 0.838867 0.199219 0.846680 0.202148 0.842773
0 0.526367 0.356445 0.529297 0.363281 0.538086 0.364258 0.533203 0.357422
0 0.012695 0.744141 0.013672 0.751953 0.018555 0.753906 0.016602 0.744141
0 0.826172 0.319336 0.831055 0.324219 0.839844 0.322266 0.834961 0.317383
0 0.866211 0.938477 0.862305 0.938477 0.858398 0.945312 0.860352 0.946289 0.865234 0.943359
0 0.573242 0.473633 0.577148 0.479492 0.585938 0.480469 0.582031 0.474609
0 0.326172 0.254883 0.327148 0.259766 0.333984 0.261719 0.330078 0.253906
0 0.111328 0.367188 0.105469 0.370117 0.105469 0.376953 0.110352 0.374023
0 0.166992 0.083984 0.170898 0.086914 0.177734 0.085938 0.175781 0.083008
0 0.916992 0.491211 0.915039 0.493164 0.917969 0.500977 0.920898 0.500977 0.920898 0.494141
0 0.228516 0.810547 0.221680 0.811523 0.219727 0.815430 0.227539 0.813477
0 0.459961 0.208008 0.460938 0.210938 0.470703 0.212891 0.470703 0.209961 0.467773 0.208008
0 0.173828 0.852539 0.170898 0.852539 0.167969 0.856445 0.168945 0.863281 0.173828 0.857422
0 0.111328 0.377930 0.114258 0.383789 0.118164 0.383789 0.116211 0.378906
0 0.461914 0.413086 0.455078 0.415039 0.452148 0.422852 0.457031 0.421875
0 0.591797 0.245117 0.590820 0.252930 0.593750 0.253906 0.595703 0.250977 0.594727 0.246094
0 0.567383 0.586914 0.574219 0.588867 0.579102 0.584961 0.571289 0.583008
0 0.226562 0.112305 0.230469 0.116211 0.237305 0.115234 0.237305 0.112305 0.234375 0.110352
0 0.136719 0.871094 0.133789 0.876953 0.135742 0.881836 0.138672 0.877930
0 0.877930 0.972656 0.868164 0.973633 0.867188 0.978516 0.875977 0.976562
0 0.888672 0.685547 0.886719 0.694336 0.890625 0.696289 0.892578 0.689453
0 0.950195 0.550781 0.950195 0.557617 0.956055 0.561523 0.955078 0.553711