0 0.434570 0.150391 0.428711 0.150391 0.426758 0.153320 0.433594 0.153320
0 0.143555 0.708984 0.137695 0.711914 0.136719 0.718750 0.141602 0.716797
0 0.461914 0.641602 0.461914 0.647461 0.466797 0.652344 0.467773 0.643555
0 0.514648 0.329102 0.514648 0.335938 0.519531 0.339844 0.519531 0.332031 0.517578 0.329102
0 0.429688 0.595703 0.433594 0.599609 0.442383 0.597656 0.437500 0.593750
0 0.369141 0.215820 0.363281 0.217773 0.361328 0.224609 0.368164 0.220703
0 0.972656 0.439453 0.968750 0.442383 0.967773 0.449219 0.973633 0.444336
0 0.897461 0.909180 0.896484 0.914062 0.901367 0.918945 0.900391 0.911133
0 0.493164 0.933594 0.494141 0.940430 0.499023 0.943359 0.498047 0.935547
0 0.737305 0.630859 0.727539 0.630859 0.725586 0.634766 0.733398 0.635742 0.737305 0.633789
0 0.272461 0.571289 0.274414 0.576172 0.285156 0.578125 0.282227 0.572266
0 0.398438 0.791016 0.403320 0.794922 0.409180 0.793945 0.405273 0.790039
0 0.298828 0.465820 0.292969 0.465820 0.289062 0.472656 0.296875 0.470703
0 0.294922 0.888672 0.289062 0.888672 0.286133 0.895508 0.292969 0.893555
0 0.261719 0.964844 0.254883 0.968750 0.252930 0.979492 0.260742 0.974609
0 0.106445 0.615234 0.106445 0.618164 0.109375 0.620117 0.118164 0.620117 0.113281 0.615234
0 0.375977 0.028320 0.375000 0.037109 0.376953 0.040039 0.379883 0.040039 0.380859 0.033203
0 0.237305 0.247070 0.231445 0.250000 0.230469 0.256836 0.236328 0.253906
0 0.603516 0.240234 0.598633 0.242188 0.598633 0.250977 0.603516 0.247070
0 0.809570 0.300781 0.813477 0.307617 0.819336 0.307617 0.816406 0.302734
0 0.453125 0.469727 0.455078 0.476562 0.459961 0.478516 0.458008 0.470703
0 0.726562 0.246094 0.720703 0.245117 0.716797 0.250000 0.722656 0.250000
0 0.281250 0.738281 0.281250 0.747070 0.284180 0.749023 0.285156 0.739258
0 0.374023 0.322266 0.375977 0.325195 0.382812 0.323242 0.382812 0.321289
0 0.249023 0.565430 0.252930 0.572266 0.258789 0.573242 0.256836 0.567383
0 0.455078 0.363281 0.458008 0.366211 0.464844 0.365234 0.461914 0.361328
0 0.507812 0.808594 0.513672 0.817383 0.517578 0.817383 0.515625 0.810547
0 0.506836 0.775391 0.499023 0.775391 0.496094 0.781250 0.503906 0.780273
0 0.811523 0.856445 0.811523 0.864258 0.816406 0.866211 0.816406 0.860352 0.814453 0.856445
0 0.062500 0.825195 0.058594 0.828125 0.058594 0.835938 0.063477 0.832031 0.064453 0.827148
0 0.752930 0.965820 0.748047 0.968750 0.748047 0.976562 0.750977 0.976562 0.754883 0.970703
0 0.877930 0.668945 0.877930 0.671875 0.880859 0.673828 0.888672 0.673828 0.882812 0.667969
0 0.029297 0.236328 0.028320 0.241211 0.032227 0.244141 0.032227 0.237305
0 0.562500 0.413086 0.555664 0.413086 0.550781 0.417969 0.556641 0.418945
0 0.640625 0.034180 0.642578 0.040039 0.650391 0.041992 0.646484 0.035156
0 0.807617 0.194336 0.807617 0.202148 0.812500 0.204102 0.811523 0.197266
0 0.142578 0.541016 0.141602 0.549805 0.145508 0.551758 0.146484 0.543945
0 0.259766 0.717773 0.261719 0.724609 0.269531 0.727539 0.267578 0.720703 0.262695 0.716797
0 0.553711 0.831055 0.547852 0.834961 0.547852 0.838867 0.552734 0.836914
0 0.942383 0.451172 0.942383 0.457031 0.947266 0.459961 0.946289 0.452148
0 0.679688 0.211914 0.675781 0.215820 0.676758 0.222656 0.680664 0.217773
0 0.396484 0.964844 0.390625 0.965820 0.387695 0.972656 0.394531 0.969727
0 0.235352 0.116211 0.228516 0.116211 0.224609 0.121094 0.232422 0.121094 0.235352 0.119141
0 0.886719 0.564453 0.881836 0.565430 0.880859 0.575195 0.886719 0.571289