0 0.060547 0.708008 0.059570 0.711914 0.063477 0.715820 0.064453 0.709961
0 0.484375 0.279297 0.479492 0.281250 0.478516 0.288086 0.484375 0.284180
0 0.548828 0.919922 0.553711 0.923828 0.560547 0.923828 0.560547 0.920898 0.557617 0.918945
0 0.108398 0.658203 0.112305 0.664062 0.120117 0.664062 0.118164 0.660156
0 0.342773 0.924805 0.342773 0.933594 0.345703 0.936523 0.346680 0.926758
0 0.334961 0.178711 0.329102 0.179688 0.326172 0.185547 0.332031 0.184570
0 0.539062 0.945312 0.539062 0.951172 0.544922 0.954102 0.542969 0.946289
0 0.591797 0.608398 0.600586 0.610352 0.603516 0.606445 0.596680 0.604492 0.591797 0.606445
0 0.521484 0.337891 0.521484 0.341797 0.528320 0.345703 0.526367 0.339844
0 0.632812 0.793945 0.630859 0.799805 0.636719 0.806641 0.637695 0.799805
0 0.311523 0.357422 0.307617 0.363281 0.308594 0.367188 0.313477 0.363281
0 0.402344 0.762695 0.400391 0.761719 0.395508 0.764648 0.392578 0.771484 0.398438 0.770508
0 0.747070 0.029297 0.741211 0.035156 0.741211 0.041992 0.748047 0.035156 0.749023 0.031250
0 0.081055 0.125000 0.075195 0.126953 0.073242 0.131836 0.079102 0.130859
0 0.385742 0.517578 0.387695 0.522461 0.394531 0.524414 0.390625 0.517578
0 0.627930 0.218750 0.634766 0.217773 0.636719 0.213867 0.628906 0.214844
0 0.516602 0.811523 0.512695 0.811523 0.510742 0.818359 0.515625 0.816406
0 0.716797 0.872070 0.710938 0.873047 0.707031 0.879883 0.714844 0.877930
0 0.840820 0.434570 0.834961 0.438477 0.834961 0.446289 0.839844 0.442383
0 0.142578 0.984375 0.135742 0.984375 0.132812 0.988281 0.137695 0.988281
0 0.656250 0.711914 0.656250 0.718750 0.662109 0.723633 0.662109 0.714844
0 0.180664 0.740234 0.186523 0.742188 0.191406 0.738281 0.183594 0.737305
0 0.353516 0.284180 0.353516 0.287109 0.357422 0.289062 0.365234 0.287109 0.363281 0.283203
0 0.773438 0.122070 0.775391 0.125977 0.782227 0.125977 0.779297 0.122070
0 0.166992 0.451172 0.163086 0.450195 0.156250 0.454102 0.165039 0.455078
0 0.709961 0.745117 0.708984 0.752930 0.712891 0.755859 0.713867 0.749023
0 0.630859 0.754883 0.630859 0.757812 0.640625 0.756836 0.640625 0.753906
0 0.669922 0.473633 0.668945 0.482422 0.670898 0.486328 0.673828 0.486328 0.674805 0.478516
0 0.610352 0.697266 0.613281 0.701172 0.620117 0.702148 0.618164 0.697266
0 0.938477 0.063477 0.940430 0.067383 0.949219 0.066406 0.947266 0.063477
0 0.908203 0.882812 0.904297 0.882812 0.901367 0.894531 0.906250 0.892578
0 0.300781 0.978516 0.300781 0.981445 0.306641 0.984375 0.313477 0.982422 0.309570 0.978516
0 0.644531 0.661133 0.645508 0.666992 0.651367 0.670898 0.650391 0.663086
0 0.770508 0.681641 0.768555 0.686523 0.769531 0.692383 0.773438 0.693359 0.774414 0.687500 0.772461 0.681641
0 0.138672 0.910156 0.142578 0.914062 0.149414 0.913086 0.146484 0.910156
0 0.958008 0.463867 0.956055 0.469727 0.962891 0.476562 0.961914 0.467773
0 0.612305 0.198242 0.606445 0.199219 0.603516 0.204102 0.612305 0.203125
0 0.579102 0.519531 0.583008 0.525391 0.588867 0.525391 0.586914 0.520508
0 0.724609 0.435547 0.724609 0.439453 0.734375 0.438477 0.732422 0.435547
0 0.988281 0.474609 0.984375 0.477539 0.985352 0.487305 0.989258 0.482422
0 0.193359 0.496094 0.196289 0.500977 0.202148 0.501953 0.198242 0.495117
0 0.125977 0.056641 0.122070 0.056641 0.119141 0.059570 0.117188 0.067383 0.124023 0.063477
0 0.952148 0.087891 0.952148 0.089844 0.957031 0.091797 0.963867 0.090820 0.960938 0.086914
0 0.644531 0.258789 0.639648 0.263672 0.640625 0.269531 0.643555 0.267578
0 0.897461 0.792969 0.901367 0.798828 0.910156 0.798828 0.904297 0.791992
0 0.770508 0.340820 0.771484 0.348633 0.774414 0.350586 0.774414 0.342773
0 0.128906 0.899414 0.131836 0.902344 0.141602 0.901367 0.141602 0.899414 0.129883 0.897461
0 0.733398 0.368164 0.743164 0.369141 0.745117 0.365234 0.738281 0.364258
0 0.266602 0.097656 0.269531 0.100586 0.275391 0.099609 0.274414 0.096680
0 0.781250 0.168945 0.780273 0.176758 0.784180 0.179688 0.785156 0.172852
0 0.214844 0.388672 0.209961 0.391602 0.209961 0.402344 0.215820 0.396484
0 0.706055 0.568359 0.709961 0.571289 0.718750 0.569336 0.715820 0.565430
0 0.034180 0.111328 0.032227 0.113281 0.033203 0.121094 0.036133 0.118164
0 0.011719 0.430664 0.012695 0.437500 0.016602 0.439453 0.015625 0.431641
0 0.072266 0.509766 0.068359 0.507812 0.062500 0.509766 0.062500 0.511719 0.067383 0.512695
0 0.708008 0.849609 0.708008 0.852539 0.712891 0.855469 0.717773 0.855469 0.718750 0.853516 0.713867 0.849609
0 0.181641 0.314453 0.174805 0.316406 0.172852 0.321289 0.178711 0.320312
0 0.382812 0.422852 0.382812 0.425781 0.385742 0.427734 0.395508 0.427734 0.395508 0.424805 0.388672 0.421875