0 0.852539 0.871094 0.856445 0.876953 0.862305 0.876953 0.858398 0.871094
0 0.301758 0.818359 0.294922 0.818359 0.291016 0.823242 0.298828 0.823242 0.301758 0.821289
0 0.522461 0.650391 0.523438 0.655273 0.529297 0.658203 0.529297 0.653320 0.526367 0.650391
0 0.572266 0.588867 0.573242 0.592773 0.583008 0.591797 0.580078 0.587891
0 0.288086 0.416992 0.282227 0.419922 0.281250 0.427734 0.288086 0.422852
0 0.463867 0.408203 0.463867 0.417969 0.467773 0.418945 0.468750 0.412109 0.466797 0.408203
0 0.975586 0.929688 0.975586 0.935547 0.980469 0.940430 0.981445 0.934570
0 0.307617 0.884766 0.298828 0.884766 0.296875 0.888672 0.301758 0.889648
0 0.235352 0.644531 0.228516 0.646484 0.223633 0.655273 0.231445 0.653320 0.235352 0.648438
0 0.237305 0.792969 0.231445 0.793945 0.227539 0.798828 0.235352 0.797852
0 0.071289 0.280273 0.065430 0.281250 0.062500 0.288086 0.070312 0.286133
0 0.685547 0.833984 0.692383 0.833984 0.696289 0.830078 0.686523 0.830078
0 0.895508 0.402344 0.888672 0.404297 0.886719 0.410156 0.893555 0.408203
0 0.359375 0.014648 0.362305 0.018555 0.370117 0.016602 0.367188 0.013672
0 0.285156 0.569336 0.291016 0.571289 0.297852 0.566406 0.290039 0.564453
0 0.293945 0.946289 0.295898 0.955078 0.300781 0.957031 0.299805 0.949219 0.297852 0.946289
0 0.470703 0.610352 0.472656 0.617188 0.477539 0.619141 0.476562 0.613281
0 0.248047 0.687500 0.248047 0.692383 0.252930 0.697266 0.252930 0.689453
0 0.625977 0.233398 0.627930 0.237305 0.636719 0.237305 0.631836 0.232422
0 0.290039 0.311523 0.288086 0.312500 0.288086 0.320312 0.291016 0.319336
0 0.727539 0.657227 0.728516 0.660156 0.733398 0.662109 0.739258 0.660156 0.737305 0.656250
0 0.354492 0.667969 0.351562 0.667969 0.349609 0.670898 0.350586 0.678711 0.354492 0.675781
0 0.551758 0.411133 0.547852 0.412109 0.547852 0.421875 0.552734 0.416992
0 0.720703 0.932617 0.711914 0.932617 0.708984 0.936523 0.716797 0.937500 0.720703 0.935547
0 0.277344 0.619141 0.280273 0.622070 0.287109 0.620117 0.286133 0.617188
0 0.579102 0.360352 0.580078 0.365234 0.586914 0.367188 0.583008 0.360352
0 0.380859 0.859375 0.383789 0.866211 0.387695 0.867188 0.390625 0.865234 0.388672 0.861328
0 0.066406 0.406250 0.066406 0.415039 0.068359 0.417969 0.071289 0.417969 0.072266 0.412109
0 0.957031 0.222656 0.954102 0.224609 0.954102 0.234375 0.958008 0.231445 0.958984 0.225586
0 0.618164 0.116211 0.614258 0.119141 0.614258 0.126953 0.619141 0.123047 0.620117 0.118164
0 0.191406 0.596680 0.181641 0.596680 0.180664 0.600586 0.187500 0.600586
0 0.260742 0.408203 0.257812 0.410156 0.256836 0.416992 0.260742 0.415039
0 0.074219 0.474609 0.075195 0.481445 0.080078 0.483398 0.079102 0.477539
0 0.225586 0.058594 0.220703 0.062500 0.220703 0.070312 0.225586 0.065430
0 0.017578 0.637695 0.018555 0.643555 0.024414 0.646484 0.024414 0.641602
0 0.160156 0.190430 0.156250 0.188477 0.152344 0.189453 0.151367 0.192383 0.158203 0.193359
0 0.347656 0.912109 0.343750 0.916016 0.343750 0.921875 0.347656 0.918945
0 0.089844 0.070312 0.088867 0.075195 0.096680 0.081055 0.094727 0.072266
0 0.227539 0.666992 0.230469 0.670898 0.238281 0.670898 0.235352 0.666992
0 0.451172 0.245117 0.446289 0.251953 0.448242 0.258789 0.452148 0.252930
0 0.566406 0.325195 0.565430 0.330078 0.566406 0.333984 0.568359 0.333984 0.570312 0.330078 0.569336 0.326172
0 0.536133 0.167969 0.529297 0.168945 0.527344 0.172852 0.534180 0.172852
0 0.138672 0.416992 0.141602 0.422852 0.150391 0.423828 0.147461 0.418945
0 0.382812 0.778320 0.386719 0.783203 0.393555 0.782227 0.389648 0.777344
0 0.981445 0.042969 0.983398 0.047852 0.989258 0.048828 0.986328 0.043945
0 0.861328 0.980469 0.865234 0.984375 0.873047 0.983398 0.871094 0.979492
0 0.743164 0.477539 0.738281 0.477539 0.734375 0.483398 0.741211 0.482422
0 0.411133 0.014648 0.405273 0.014648 0.400391 0.021484 0.408203 0.019531
0 0.769531 0.848633 0.771484 0.852539 0.779297 0.851562 0.779297 0.849609 0.774414 0.847656
0 0.332031 0.137695 0.328125 0.140625 0.327148 0.149414 0.333008 0.143555
0 0.016602 0.105469 0.019531 0.111328 0.025391 0.111328 0.024414 0.107422
0 0.112305 0.560547 0.104492 0.561523 0.102539 0.567383 0.110352 0.565430
0 0.079102 0.183594 0.072266 0.183594 0.069336 0.189453 0.079102 0.186523
0 0.573242 0.946289 0.566406 0.950195 0.565430 0.955078 0.572266 0.951172