0 0.421875 0.837891 0.424805 0.840820 0.431641 0.838867 0.428711 0.835938
0 0.768555 0.413086 0.767578 0.419922 0.770508 0.423828 0.772461 0.416016
0 0.504883 0.476562 0.499023 0.475586 0.495117 0.477539 0.492188 0.484375 0.500977 0.482422
0 0.203125 0.333008 0.193359 0.333008 0.192383 0.336914 0.199219 0.336914
0 0.411133 0.436523 0.410156 0.441406 0.413086 0.446289 0.415039 0.440430
0 0.519531 0.482422 0.514648 0.483398 0.513672 0.493164 0.519531 0.489258
0 0.801758 0.729492 0.806641 0.734375 0.810547 0.733398 0.806641 0.729492
0 0.758789 0.629883 0.762695 0.632812 0.768555 0.630859 0.767578 0.627930
0 0.986328 0.662109 0.980469 0.666016 0.980469 0.671875 0.986328 0.667969
0 0.085938 0.061523 0.081055 0.061523 0.077148 0.069336 0.083984 0.067383
0 0.352539 0.368164 0.358398 0.368164 0.362305 0.364258 0.356445 0.363281
0 0.560547 0.133789 0.552734 0.133789 0.550781 0.137695 0.558594 0.136719
0 0.377930 0.286133 0.379883 0.293945 0.386719 0.295898 0.385742 0.290039
0 0.446289 0.041016 0.441406 0.041992 0.438477 0.045898 0.445312 0.044922
0 0.537109 0.366211 0.531250 0.369141 0.530273 0.375000 0.536133 0.372070
0 0.058594 0.324219 0.055664 0.325195 0.055664 0.333008 0.059570 0.329102
0 0.745117 0.912109 0.741211 0.913086 0.739258 0.918945 0.744141 0.916992
0 0.735352 0.898438 0.737305 0.904297 0.742188 0.906250 0.741211 0.900391
0 0.062500 0.734375 0.061523 0.741211 0.064453 0.747070 0.066406 0.747070 0.067383 0.739258
0 0.096680 0.562500 0.096680 0.569336 0.100586 0.573242 0.100586 0.563477
0 0.888672 0.761719 0.891602 0.766602 0.899414 0.767578 0.897461 0.762695
0 0.832031 0.240234 0.825195 0.241211 0.822266 0.249023 0.830078 0.247070
0 0.105469 0.036133 0.106445 0.041992 0.112305 0.046875 0.116211 0.046875 0.112305 0.038086
0 0.236328 0.845703 0.236328 0.850586 0.240234 0.854492 0.241211 0.849609
0 0.861328 0.482422 0.860352 0.487305 0.866211 0.494141 0.866211 0.485352
0 0.683594 0.743164 0.686523 0.752930 0.693359 0.754883 0.691406 0.746094
0 0.808594 0.778320 0.808594 0.780273 0.813477 0.782227 0.818359 0.781250 0.818359 0.778320 0.815430 0.777344
0 0.195312 0.008789 0.187500 0.010742 0.184570 0.016602 0.190430 0.016602 0.195312 0.011719
0 0.710938 0.061523 0.710938 0.070312 0.714844 0.072266 0.715820 0.065430
0 0.348633 0.701172 0.347656 0.708984 0.351562 0.711914 0.351562 0.703125
0 0.115234 0.462891 0.119141 0.465820 0.125977 0.465820 0.124023 0.461914
0 0.376953 0.929688 0.378906 0.933594 0.386719 0.934570 0.382812 0.929688
0 0.591797 0.276367 0.586914 0.282227 0.588867 0.289062 0.591797 0.285156