0 0.327148 0.352539 0.327148 0.360352 0.330078 0.363281 0.332031 0.356445 0.330078 0.352539
0 0.426758 0.239258 0.430664 0.247070 0.437500 0.247070 0.434570 0.241211
0 0.960938 0.960938 0.962891 0.968750 0.967773 0.970703 0.968750 0.965820
0 0.244141 0.519531 0.244141 0.521484 0.249023 0.523438 0.253906 0.521484 0.251953 0.517578
0 0.200195 0.756836 0.203125 0.760742 0.208984 0.758789 0.208008 0.755859
0 0.224609 0.744141 0.223633 0.750000 0.228516 0.753906 0.227539 0.746094
0 0.300781 0.796875 0.306641 0.799805 0.311523 0.797852 0.309570 0.794922 0.302734 0.794922
0 0.803711 0.067383 0.804688 0.074219 0.812500 0.078125 0.813477 0.075195 0.810547 0.070312
0 0.227539 0.546875 0.228516 0.554688 0.234375 0.556641 0.234375 0.551758
0 0.533203 0.401367 0.535156 0.404297 0.544922 0.404297 0.541992 0.400391 0.537109 0.399414
0 0.538086 0.268555 0.532227 0.270508 0.531250 0.275391 0.534180 0.275391
0 0.330078 0.712891 0.329102 0.719727 0.335938 0.726562 0.335938 0.716797 0.333008 0.712891
0 0.712891 0.717773 0.714844 0.725586 0.720703 0.727539 0.718750 0.719727
0 0.885742 0.501953 0.877930 0.503906 0.875000 0.509766 0.880859 0.509766 0.885742 0.504883
0 0.916992 0.061523 0.918945 0.068359 0.923828 0.071289 0.922852 0.063477
0 0.849609 0.083008 0.850586 0.087891 0.855469 0.090820 0.854492 0.083984
0 0.188477 0.722656 0.185547 0.727539 0.185547 0.733398 0.189453 0.736328 0.191406 0.726562
0 0.373047 0.090820 0.369141 0.091797 0.368164 0.100586 0.372070 0.098633
0 0.558594 0.389648 0.561523 0.392578 0.568359 0.391602 0.564453 0.387695
0 0.285156 0.549805 0.288086 0.553711 0.294922 0.552734 0.291016 0.548828
0 0.941406 0.826172 0.945312 0.833008 0.950195 0.833008 0.949219 0.828125
0 0.055664 0.521484 0.050781 0.523438 0.050781 0.531250 0.054688 0.527344
0 0.403320 0.665039 0.399414 0.668945 0.400391 0.675781 0.405273 0.670898
0 0.336914 0.066406 0.335938 0.074219 0.337891 0.077148 0.340820 0.077148 0.339844 0.068359
0 0.599609 0.027344 0.601562 0.033203 0.606445 0.035156 0.605469 0.029297
0 0.700195 0.707031 0.699219 0.712891 0.702148 0.716797 0.703125 0.707031
0 0.697266 0.189453 0.700195 0.194336 0.708008 0.194336 0.704102 0.189453
0 0.944336 0.010742 0.943359 0.016602 0.947266 0.020508 0.948242 0.014648
0 0.726562 0.232422 0.729492 0.236328 0.738281 0.236328 0.737305 0.232422
0 0.717773 0.379883 0.720703 0.384766 0.728516 0.384766 0.724609 0.379883
0 0.089844 0.348633 0.093750 0.352539 0.102539 0.351562 0.100586 0.347656
0 0.275391 0.677734 0.269531 0.678711 0.266602 0.683594 0.272461 0.683594
0 0.475586 0.572266 0.470703 0.578125 0.471680 0.584961 0.473633 0.584961 0.477539 0.577148
0 0.662109 0.214844 0.656250 0.214844 0.651367 0.221680 0.659180 0.219727
0 0.819336 0.340820 0.821289 0.345703 0.831055 0.345703 0.826172 0.340820
0 0.912109 0.986328 0.912109 0.989258 0.921875 0.992188 0.919922 0.987305
0 0.318359 0.077148 0.313477 0.081055 0.314453 0.088867 0.319336 0.083984
0 0.622070 0.849609 0.621094 0.854492 0.625000 0.860352 0.625977 0.852539
0 0.487305 0.920898 0.482422 0.921875 0.478516 0.929688 0.483398 0.928711
0 0.637695 0.300781 0.635742 0.305664 0.637695 0.312500 0.639648 0.312500 0.640625 0.300781
0 0.689453 0.006836 0.691406 0.011719 0.698242 0.012695 0.697266 0.008789
0 0.423828 0.858398 0.427734 0.865234 0.432617 0.866211 0.432617 0.862305 0.429688 0.859375
0 0.084961 0.304688 0.080078 0.305664 0.077148 0.311523 0.083984 0.309570
0 0.086914 0.681641 0.080078 0.682617 0.077148 0.687500 0.083984 0.686523
0 0.023438 0.128906 0.027344 0.132812 0.036133 0.132812 0.036133 0.129883 0.033203 0.127930
0 0.306641 0.306641 0.300781 0.306641 0.293945 0.316406 0.301758 0.315430 0.305664 0.311523
0 0.427734 0.127930 0.425781 0.125977 0.416016 0.128906 0.416016 0.132812 0.422852 0.131836
0 0.345703 0.936523 0.339844 0.938477 0.338867 0.943359 0.342773 0.943359
0 0.736328 0.256836 0.730469 0.259766 0.728516 0.268555 0.732422 0.267578 0.736328 0.262695
0 0.378906 0.737305 0.379883 0.746094 0.385742 0.749023 0.384766 0.741211
0 0.178711 0.454102 0.171875 0.457031 0.169922 0.462891 0.176758 0.460938
0 0.538086 0.597656 0.532227 0.598633 0.528320 0.606445 0.534180 0.605469 0.538086 0.601562
0 0.577148 0.125977 0.573242 0.127930 0.572266 0.134766 0.577148 0.130859
0 0.923828 0.903320 0.920898 0.912109 0.922852 0.916992 0.925781 0.916992 0.927734 0.908203 0.926758 0.904297
0 0.851562 0.705078 0.845703 0.706055 0.842773 0.711914 0.850586 0.709961
0 0.357422 0.588867 0.359375 0.592773 0.366211 0.592773 0.362305 0.588867
0 0.366211 0.951172 0.365234 0.956055 0.369141 0.961914 0.370117 0.954102
0 0.133789 0.705078 0.129883 0.708008 0.131836 0.716797 0.134766 0.712891
0 0.781250 0.154297 0.782227 0.164062 0.786133 0.166016 0.786133 0.156250
0 0.528320 0.574219 0.532227 0.579102 0.539062 0.579102 0.539062 0.576172 0.535156 0.573242
0 0.206055 0.026367 0.209961 0.030273 0.216797 0.029297 0.216797 0.026367 0.213867 0.025391
0 0.051758 0.719727 0.051758 0.723633 0.058594 0.728516 0.063477 0.727539 0.058594 0.720703
0 0.858398 0.520508 0.853516 0.518555 0.846680 0.520508 0.845703 0.523438 0.855469 0.524414 0.858398 0.523438
0 0.734375 0.014648 0.738281 0.021484 0.744141 0.022461 0.742188 0.016602
0 0.521484 0.501953 0.521484 0.503906 0.532227 0.503906 0.533203 0.500000
0 0.789062 0.037109 0.791016 0.041016 0.797852 0.041992 0.793945 0.036133
0 0.638672 0.474609 0.641602 0.481445 0.651367 0.483398 0.649414 0.477539
0 0.826172 0.514648 0.828125 0.522461 0.832031 0.524414 0.831055 0.516602
0 0.225586 0.868164 0.229492 0.874023 0.237305 0.874023 0.233398 0.869141