0 0.859375 0.183594 0.860352 0.187500 0.869141 0.189453 0.866211 0.184570
0 0.015625 0.872070 0.009766 0.874023 0.008789 0.878906 0.012695 0.878906
0 0.143555 0.408203 0.140625 0.408203 0.138672 0.411133 0.138672 0.417969 0.142578 0.416016
0 0.150391 0.356445 0.152344 0.362305 0.159180 0.364258 0.154297 0.356445
0 0.461914 0.602539 0.461914 0.607422 0.468750 0.610352 0.467773 0.605469
0 0.756836 0.128906 0.757812 0.134766 0.764648 0.138672 0.763672 0.131836 0.760742 0.128906
0 0.537109 0.343750 0.540039 0.347656 0.548828 0.347656 0.546875 0.343750
0 0.590820 0.044922 0.589844 0.049805 0.591797 0.054688 0.593750 0.054688 0.595703 0.047852
0 0.987305 0.920898 0.983398 0.918945 0.976562 0.922852 0.985352 0.923828
0 0.798828 0.308594 0.791016 0.309570 0.788086 0.315430 0.794922 0.315430
0 0.188477 0.665039 0.188477 0.670898 0.192383 0.673828 0.193359 0.668945 0.191406 0.665039
0 0.253906 0.493164 0.257812 0.498047 0.263672 0.498047 0.262695 0.494141
0 0.359375 0.931641 0.355469 0.929688 0.349609 0.930664 0.346680 0.933594 0.356445 0.935547
0 0.525391 0.488281 0.518555 0.485352 0.509766 0.487305 0.514648 0.492188 0.520508 0.492188
0 0.798828 0.590820 0.798828 0.594727 0.801758 0.597656 0.810547 0.599609 0.809570 0.594727 0.803711 0.590820
0 0.979492 0.500000 0.973633 0.502930 0.971680 0.509766 0.978516 0.505859
0 0.127930 0.419922 0.125977 0.417969 0.121094 0.419922 0.118164 0.427734 0.125000 0.425781
0 0.803711 0.421875 0.799805 0.421875 0.794922 0.426758 0.794922 0.430664 0.802734 0.426758
0 0.241211 0.083008 0.243164 0.086914 0.254883 0.089844 0.254883 0.086914 0.247070 0.082031
0 0.900391 0.657227 0.902344 0.666016 0.907227 0.667969 0.905273 0.658203
0 0.213867 0.368164 0.216797 0.372070 0.223633 0.372070 0.221680 0.368164
0 0.806641 0.741211 0.798828 0.741211 0.793945 0.746094 0.803711 0.746094
0 0.970703 0.274414 0.964844 0.275391 0.961914 0.281250 0.969727 0.279297
0 0.387695 0.837891 0.394531 0.841797 0.402344 0.838867 0.399414 0.835938
0 0.548828 0.303711 0.548828 0.305664 0.552734 0.306641 0.557617 0.305664 0.555664 0.302734
0 0.903320 0.077148 0.895508 0.077148 0.889648 0.083008 0.891602 0.084961 0.898438 0.083984 0.903320 0.080078
0 0.725586 0.792969 0.725586 0.799805 0.730469 0.803711 0.734375 0.803711 0.731445 0.795898
0 0.993164 0.646484 0.988281 0.645508 0.983398 0.649414 0.989258 0.650391
0 0.567383 0.621094 0.561523 0.622070 0.559570 0.626953 0.566406 0.625000
0 0.904297 0.450195 0.907227 0.453125 0.914062 0.453125 0.910156 0.449219
0 0.469727 0.699219 0.473633 0.707031 0.480469 0.707031 0.477539 0.701172
0 0.742188 0.950195 0.746094 0.955078 0.750977 0.956055 0.753906 0.954102 0.748047 0.949219