0 0.423828 0.339844 0.421875 0.337891 0.416992 0.338867 0.413086 0.343750 0.420898 0.342773
0 0.365234 0.031250 0.368164 0.036133 0.373047 0.037109 0.371094 0.031250
0 0.898438 0.362305 0.900391 0.367188 0.908203 0.370117 0.906250 0.363281
0 0.737305 0.535156 0.740234 0.539062 0.747070 0.539062 0.745117 0.535156
0 0.875977 0.234375 0.879883 0.237305 0.886719 0.237305 0.884766 0.232422
0 0.265625 0.802734 0.262695 0.804688 0.262695 0.811523 0.265625 0.809570
0 0.914062 0.036133 0.908203 0.039062 0.907227 0.047852 0.912109 0.044922
0 0.531250 0.236328 0.529297 0.246094 0.533203 0.249023 0.535156 0.245117 0.534180 0.239258
0 0.301758 0.966797 0.304688 0.970703 0.311523 0.970703 0.309570 0.966797
0 0.374023 0.547852 0.369141 0.548828 0.365234 0.554688 0.371094 0.554688
0 0.460938 0.083984 0.455078 0.083008 0.450195 0.087891 0.457031 0.087891
0 0.897461 0.419922 0.899414 0.427734 0.903320 0.428711 0.903320 0.422852
0 0.034180 0.634766 0.035156 0.640625 0.041016 0.643555 0.039062 0.635742
0 0.016602 0.198242 0.017578 0.201172 0.024414 0.203125 0.022461 0.198242
0 0.990234 0.465820 0.986328 0.467773 0.984375 0.473633 0.986328 0.475586 0.990234 0.472656
0 0.636719 0.447266 0.636719 0.449219 0.641602 0.451172 0.646484 0.450195 0.642578 0.446289
0 0.276367 0.322266 0.269531 0.323242 0.266602 0.329102 0.272461 0.328125
0 0.529297 0.202148 0.524414 0.206055 0.524414 0.212891 0.527344 0.212891 0.530273 0.208984
0 0.699219 0.393555 0.695312 0.393555 0.692383 0.399414 0.698242 0.397461
0 0.693359 0.449219 0.689453 0.451172 0.687500 0.459961 0.692383 0.458984
0 0.290039 0.095703 0.293945 0.100586 0.301758 0.100586 0.296875 0.095703
0 0.279297 0.632812 0.272461 0.633789 0.270508 0.640625 0.276367 0.638672
0 0.589844 0.765625 0.588867 0.770508 0.593750 0.777344 0.595703 0.771484
0 0.778320 0.062500 0.772461 0.066406 0.772461 0.075195 0.777344 0.071289
0 0.208008 0.410156 0.214844 0.410156 0.218750 0.405273 0.211914 0.405273
0 0.053711 0.326172 0.057617 0.329102 0.064453 0.328125 0.062500 0.325195
0 0.694336 0.761719 0.688477 0.762695 0.685547 0.765625 0.685547 0.769531 0.690430 0.768555
0 0.670898 0.383789 0.670898 0.387695 0.679688 0.392578 0.677734 0.384766 0.674805 0.382812