0 0.103516 0.876953 0.097656 0.877930 0.095703 0.883789 0.101562 0.881836
0 0.708984 0.126953 0.699219 0.127930 0.698242 0.132812 0.707031 0.130859
0 0.708008 0.783203 0.708984 0.789062 0.714844 0.791992 0.715820 0.788086 0.713867 0.785156
0 0.176758 0.511719 0.169922 0.512695 0.166992 0.516602 0.173828 0.516602 0.176758 0.514648
0 0.050781 0.746094 0.045898 0.747070 0.041016 0.754883 0.047852 0.753906
0 0.244141 0.610352 0.247070 0.617188 0.253906 0.618164 0.249023 0.611328
0 0.138672 0.175781 0.133789 0.176758 0.131836 0.182617 0.135742 0.181641
0 0.783203 0.723633 0.781250 0.733398 0.785156 0.736328 0.787109 0.728516
0 0.580078 0.328125 0.574219 0.328125 0.570312 0.334961 0.578125 0.333008
0 0.415039 0.613281 0.414062 0.622070 0.417969 0.624023 0.418945 0.617188
0 0.077148 0.227539 0.072266 0.227539 0.065430 0.233398 0.072266 0.234375 0.077148 0.231445
0 0.073242 0.296875 0.065430 0.297852 0.062500 0.303711 0.067383 0.304688 0.072266 0.300781
0 0.532227 0.848633 0.533203 0.855469 0.537109 0.857422 0.536133 0.849609
0 0.366211 0.158203 0.366211 0.161133 0.373047 0.163086 0.379883 0.161133 0.379883 0.158203 0.375977 0.156250
0 0.795898 0.942383 0.797852 0.946289 0.805664 0.945312 0.805664 0.943359 0.800781 0.941406
0 0.612305 0.417969 0.606445 0.423828 0.607422 0.428711 0.612305 0.424805
0 0.316406 0.250977 0.316406 0.254883 0.322266 0.257812 0.320312 0.251953
0 0.993164 0.481445 0.988281 0.481445 0.984375 0.484375 0.984375 0.487305 0.992188 0.485352
0 0.664062 0.041992 0.660156 0.044922 0.663086 0.054688 0.666016 0.048828
0 0.636719 0.260742 0.631836 0.265625 0.631836 0.272461 0.637695 0.266602
0 0.208008 0.550781 0.204102 0.551758 0.202148 0.557617 0.207031 0.555664
0 0.607422 0.722656 0.601562 0.723633 0.597656 0.728516 0.597656 0.732422 0.606445 0.728516
0 0.394531 0.915039 0.389648 0.914062 0.384766 0.917969 0.391602 0.918945
0 0.838867 0.557617 0.833008 0.563477 0.833984 0.569336 0.838867 0.566406
0 0.255859 0.332031 0.250000 0.332031 0.245117 0.336914 0.252930 0.336914 0.255859 0.334961
0 0.070312 0.968750 0.065430 0.970703 0.064453 0.976562 0.071289 0.972656
0 0.269531 0.735352 0.267578 0.740234 0.272461 0.747070 0.273438 0.741211
0 0.023438 0.875000 0.018555 0.875977 0.014648 0.883789 0.021484 0.880859
0 0.718750 0.765625 0.720703 0.769531 0.727539 0.771484 0.726562 0.766602
0 0.844727 0.842773 0.849609 0.849609 0.853516 0.849609 0.850586 0.843750
0 0.420898 0.202148 0.422852 0.208984 0.425781 0.210938 0.427734 0.208984 0.426758 0.205078
0 0.678711 0.720703 0.681641 0.724609 0.688477 0.724609 0.685547 0.720703
0 0.128906 0.134766 0.125977 0.133789 0.120117 0.140625 0.125977 0.140625
0 0.312500 0.121094 0.313477 0.125000 0.321289 0.126953 0.319336 0.122070
0 0.644531 0.242188 0.639648 0.244141 0.638672 0.250977 0.644531 0.247070
0 0.910156 0.901367 0.904297 0.904297 0.903320 0.911133 0.908203 0.909180
0 0.309570 0.717773 0.315430 0.723633 0.322266 0.723633 0.321289 0.718750 0.317383 0.716797
0 0.936523 0.007812 0.930664 0.006836 0.922852 0.009766 0.920898 0.012695 0.929688 0.014648 0.934570 0.012695
0 0.674805 0.731445 0.674805 0.735352 0.677734 0.738281 0.683594 0.739258 0.680664 0.732422
0 0.528320 0.094727 0.524414 0.094727 0.520508 0.098633 0.519531 0.103516 0.525391 0.101562
0 0.201172 0.349609 0.201172 0.356445 0.204102 0.359375 0.206055 0.353516
0 0.983398 0.125000 0.977539 0.125000 0.970703 0.134766 0.978516 0.133789 0.982422 0.129883
0 0.131836 0.393555 0.132812 0.398438 0.137695 0.401367 0.135742 0.394531
0 0.235352 0.420898 0.233398 0.425781 0.234375 0.429688 0.237305 0.430664 0.238281 0.421875
0 0.041992 0.041992 0.034180 0.041992 0.028320 0.048828 0.037109 0.048828 0.041016 0.045898
0 0.755859 0.946289 0.758789 0.950195 0.763672 0.951172 0.762695 0.947266
0 0.066406 0.945312 0.063477 0.946289 0.062500 0.953125 0.065430 0.952148
0 0.302734 0.916992 0.301758 0.924805 0.303711 0.927734 0.306641 0.927734 0.305664 0.918945
0 0.579102 0.624023 0.581055 0.631836 0.585938 0.632812 0.584961 0.626953
0 0.101562 0.083008 0.094727 0.085938 0.092773 0.093750 0.094727 0.094727 0.099609 0.091797
0 0.296875 0.389648 0.291992 0.391602 0.290039 0.400391 0.295898 0.397461
0 0.138672 0.791016 0.131836 0.794922 0.130859 0.799805 0.138672 0.794922
0 0.169922 0.550781 0.162109 0.551758 0.158203 0.558594 0.167969 0.556641
0 0.263672 0.157227 0.264648 0.162109 0.270508 0.165039 0.269531 0.160156
0 0.216797 0.563477 0.216797 0.569336 0.219727 0.573242 0.223633 0.574219 0.221680 0.565430
0 0.814453 0.436523 0.812500 0.445312 0.816406 0.448242 0.817383 0.438477
0 0.367188 0.754883 0.361328 0.756836 0.359375 0.762695 0.363281 0.762695
0 0.227539 0.544922 0.236328 0.544922 0.240234 0.541016 0.231445 0.540039
0 0.873047 0.451172 0.873047 0.459961 0.876953 0.461914 0.877930 0.455078
0 0.383789 0.560547 0.376953 0.564453 0.376953 0.569336 0.382812 0.567383
0 0.200195 0.433594 0.200195 0.440430 0.204102 0.444336 0.204102 0.435547
0 0.543945 0.780273 0.547852 0.787109 0.553711 0.787109 0.551758 0.782227
0 0.465820 0.568359 0.467773 0.570312 0.476562 0.569336 0.475586 0.566406 0.467773 0.566406
0 0.170898 0.015625 0.176758 0.017578 0.182617 0.015625 0.183594 0.012695 0.172852 0.011719
0 0.288086 0.404297 0.283203 0.407227 0.282227 0.414062 0.286133 0.412109
0 0.939453 0.732422 0.934570 0.735352 0.934570 0.743164 0.937500 0.743164 0.941406 0.737305
0 0.339844 0.472656 0.343750 0.476562 0.350586 0.475586 0.347656 0.471680
0 0.450195 0.830078 0.443359 0.830078 0.439453 0.835938 0.447266 0.834961
0 0.855469 0.750977 0.859375 0.756836 0.866211 0.756836 0.863281 0.751953
0 0.130859 0.542969 0.131836 0.547852 0.136719 0.550781 0.135742 0.544922