0 0.922852 0.100586 0.916016 0.100586 0.913086 0.103516 0.920898 0.104492
0 0.534180 0.303711 0.539062 0.309570 0.545898 0.310547 0.542969 0.304688
0 0.036133 0.600586 0.032227 0.601562 0.032227 0.611328 0.036133 0.605469
0 0.934570 0.666992 0.938477 0.670898 0.943359 0.669922 0.940430 0.666016
0 0.808594 0.711914 0.802734 0.711914 0.799805 0.716797 0.806641 0.715820
0 0.149414 0.155273 0.140625 0.157227 0.138672 0.162109 0.146484 0.161133
0 0.114258 0.020508 0.118164 0.027344 0.124023 0.028320 0.123047 0.023438
0 0.860352 0.439453 0.855469 0.441406 0.854492 0.447266 0.859375 0.445312
0 0.280273 0.907227 0.282227 0.912109 0.290039 0.913086 0.289062 0.909180
0 0.360352 0.614258 0.361328 0.620117 0.367188 0.622070 0.366211 0.616211
0 0.555664 0.702148 0.558594 0.706055 0.565430 0.706055 0.563477 0.702148
0 0.825195 0.370117 0.817383 0.371094 0.815430 0.375977 0.823242 0.374023
0 0.041992 0.720703 0.032227 0.720703 0.029297 0.725586 0.038086 0.725586
0 0.879883 0.589844 0.883789 0.597656 0.890625 0.597656 0.887695 0.591797
0 0.075195 0.029297 0.070312 0.030273 0.067383 0.035156 0.074219 0.033203
0 0.395508 0.252930 0.397461 0.258789 0.402344 0.258789 0.401367 0.254883
0 0.666016 0.443359 0.660156 0.446289 0.659180 0.451172 0.666016 0.447266
0 0.979492 0.685547 0.981445 0.691406 0.987305 0.693359 0.985352 0.687500
0 0.426758 0.467773 0.428711 0.471680 0.437500 0.472656 0.430664 0.466797
0 0.411133 0.055664 0.410156 0.062500 0.414062 0.066406 0.415039 0.057617
0 0.004883 0.737305 0.006836 0.741211 0.014648 0.740234 0.008789 0.736328
0 0.422852 0.770508 0.423828 0.775391 0.430664 0.778320 0.428711 0.772461
0 0.421875 0.087891 0.422852 0.096680 0.426758 0.098633 0.427734 0.092773 0.424805 0.087891
0 0.655273 0.593750 0.651367 0.595703 0.652344 0.604492 0.656250 0.597656
0 0.601562 0.669922 0.596680 0.672852 0.596680 0.679688 0.601562 0.676758
0 0.692383 0.948242 0.696289 0.954102 0.705078 0.955078 0.701172 0.949219
0 0.209961 0.866211 0.206055 0.865234 0.201172 0.870117 0.208984 0.869141
0 0.651367 0.287109 0.654297 0.291016 0.661133 0.291016 0.656250 0.286133
0 0.355469 0.744141 0.356445 0.747070 0.363281 0.747070 0.365234 0.743164
0 0.057617 0.167969 0.057617 0.173828 0.061523 0.178711 0.061523 0.169922
0 0.050781 0.595703 0.043945 0.595703 0.040039 0.601562 0.049805 0.599609
0 0.833984 0.161133 0.841797 0.162109 0.844727 0.159180 0.843750 0.157227 0.836914 0.157227
0 0.431641 0.043945 0.429688 0.044922 0.431641 0.052734 0.433594 0.048828
0 0.871094 0.968750 0.873047 0.973633 0.878906 0.974609 0.875000 0.968750
0 0.333984 0.686523 0.333008 0.693359 0.336914 0.699219 0.338867 0.690430
0 0.609375 0.560547 0.604492 0.561523 0.600586 0.565430 0.599609 0.570312 0.606445 0.568359
0 0.132812 0.054688 0.129883 0.052734 0.123047 0.059570 0.126953 0.060547
0 0.581055 0.765625 0.572266 0.765625 0.569336 0.770508 0.578125 0.769531
0 0.186523 0.279297 0.176758 0.279297 0.174805 0.283203 0.180664 0.284180 0.186523 0.281250
0 0.647461 0.806641 0.650391 0.812500 0.656250 0.814453 0.656250 0.810547 0.652344 0.806641
0 0.561523 0.784180 0.553711 0.782227 0.546875 0.785156 0.545898 0.788086 0.555664 0.789062
0 0.092773 0.980469 0.087891 0.983398 0.086914 0.989258 0.092773 0.985352
0 0.409180 0.285156 0.412109 0.292969 0.416016 0.292969 0.415039 0.288086
0 0.722656 0.863281 0.722656 0.869141 0.731445 0.874023 0.732422 0.870117 0.730469 0.867188
0 0.986328 0.425781 0.981445 0.426758 0.979492 0.432617 0.983398 0.432617
0 0.061523 0.291016 0.063477 0.294922 0.072266 0.292969
0 0.097656 0.776367 0.092773 0.778320 0.088867 0.785156 0.092773 0.786133 0.095703 0.784180
0 0.715820 0.531250 0.709961 0.531250 0.706055 0.536133 0.713867 0.535156
0 0.788086 0.721680 0.791992 0.726562 0.800781 0.726562 0.798828 0.721680
0 0.898438 0.375977 0.894531 0.376953 0.893555 0.384766 0.897461 0.381836
0 0.100586 0.875977 0.104492 0.881836 0.110352 0.882812 0.108398 0.876953