0 0.432617 0.012695 0.434570 0.014648 0.441406 0.013672 0.441406 0.011719
0 0.813477 0.310547 0.807617 0.310547 0.803711 0.317383 0.811523 0.316406
0 0.477539 0.693359 0.471680 0.693359 0.468750 0.698242 0.475586 0.697266
0 0.872070 0.534180 0.870117 0.541992 0.871094 0.544922 0.874023 0.544922 0.875977 0.537109
0 0.946289 0.207031 0.943359 0.207031 0.940430 0.212891 0.942383 0.219727 0.946289 0.215820
0 0.029297 0.099609 0.030273 0.106445 0.035156 0.111328 0.038086 0.111328 0.035156 0.101562
0 0.111328 0.517578 0.110352 0.524414 0.114258 0.528320 0.114258 0.520508
0 0.609375 0.793945 0.601562 0.795898 0.598633 0.799805 0.599609 0.801758 0.606445 0.800781
0 0.851562 0.289062 0.851562 0.297852 0.854492 0.300781 0.855469 0.291016
0 0.080078 0.246094 0.074219 0.249023 0.074219 0.255859 0.079102 0.252930
0 0.623047 0.090820 0.625977 0.097656 0.634766 0.098633 0.629883 0.091797
0 0.718750 0.120117 0.712891 0.124023 0.712891 0.127930 0.718750 0.125000
0 0.585938 0.026367 0.582031 0.027344 0.583008 0.037109 0.585938 0.033203
0 0.864258 0.828125 0.867188 0.833008 0.871094 0.833984 0.870117 0.829102
0 0.451172 0.025391 0.445312 0.029297 0.444336 0.035156 0.450195 0.033203
0 0.851562 0.198242 0.854492 0.203125 0.861328 0.204102 0.859375 0.199219
0 0.681641 0.145508 0.674805 0.149414 0.673828 0.156250 0.680664 0.152344
0 0.267578 0.392578 0.264648 0.392578 0.259766 0.397461 0.260742 0.401367 0.266602 0.397461
0 0.050781 0.165039 0.043945 0.164062 0.040039 0.166992 0.039062 0.170898 0.045898 0.169922
0 0.640625 0.353516 0.633789 0.357422 0.632812 0.363281 0.638672 0.361328
0 0.189453 0.860352 0.185547 0.862305 0.186523 0.870117 0.189453 0.867188
0 0.650391 0.899414 0.643555 0.901367 0.640625 0.905273 0.647461 0.905273
0 0.247070 0.311523 0.246094 0.321289 0.250000 0.323242 0.251953 0.315430 0.250000 0.311523
0 0.209961 0.112305 0.208984 0.117188 0.214844 0.123047 0.215820 0.119141
0 0.956055 0.711914 0.955078 0.718750 0.957031 0.722656 0.962891 0.724609 0.960938 0.714844
0 0.039062 0.733398 0.042969 0.737305 0.050781 0.736328 0.048828 0.732422
0 0.439453 0.209961 0.436523 0.209961 0.434570 0.212891 0.434570 0.220703 0.439453 0.216797
0 0.520508 0.790039 0.513672 0.792969 0.512695 0.799805 0.518555 0.797852
0 0.808594 0.162109 0.811523 0.165039 0.819336 0.164062 0.817383 0.160156
0 0.862305 0.042969 0.861328 0.050781 0.864258 0.053711 0.866211 0.045898 0.865234 0.042969