0 0.416992 0.193359 0.420898 0.198242 0.427734 0.199219 0.424805 0.193359
0 0.764648 0.063477 0.759766 0.066406 0.758789 0.072266 0.763672 0.070312
0 0.171875 0.957031 0.167969 0.959961 0.169922 0.968750 0.172852 0.964844
0 0.269531 0.592773 0.263672 0.592773 0.260742 0.598633 0.266602 0.597656
0 0.151367 0.868164 0.150391 0.876953 0.154297 0.881836 0.156250 0.874023 0.153320 0.868164
0 0.534180 0.239258 0.541016 0.245117 0.547852 0.244141 0.543945 0.238281 0.536133 0.237305
0 0.684570 0.769531 0.685547 0.778320 0.690430 0.780273 0.688477 0.770508
0 0.209961 0.916992 0.213867 0.921875 0.218750 0.920898 0.216797 0.916992
0 0.650391 0.083984 0.650391 0.091797 0.655273 0.096680 0.656250 0.089844
0 0.345703 0.912109 0.348633 0.915039 0.358398 0.914062 0.356445 0.910156
0 0.060547 0.426758 0.057617 0.426758 0.053711 0.433594 0.058594 0.432617
0 0.163086 0.315430 0.162109 0.322266 0.166016 0.327148 0.166992 0.318359 0.166016 0.315430
0 0.140625 0.123047 0.134766 0.122070 0.130859 0.127930 0.137695 0.126953
0 0.560547 0.200195 0.560547 0.203125 0.563477 0.204102 0.571289 0.203125 0.569336 0.200195
0 0.638672 0.303711 0.634766 0.304688 0.633789 0.311523 0.638672 0.307617
0 0.909180 0.212891 0.908203 0.220703 0.910156 0.223633 0.913086 0.223633 0.913086 0.216797
0 0.751953 0.685547 0.755859 0.691406 0.762695 0.692383 0.760742 0.687500
0 0.109375 0.247070 0.108398 0.252930 0.112305 0.258789 0.115234 0.258789 0.115234 0.251953
0 0.657227 0.796875 0.652344 0.800781 0.651367 0.807617 0.657227 0.804688
0 0.782227 0.754883 0.781250 0.761719 0.785156 0.766602 0.787109 0.759766
0 0.616211 0.323242 0.609375 0.324219 0.602539 0.332031 0.611328 0.332031 0.615234 0.329102
0 0.326172 0.639648 0.321289 0.641602 0.319336 0.649414 0.326172 0.645508
0 0.906250 0.791016 0.908203 0.795898 0.916016 0.794922 0.913086 0.791016
0 0.408203 0.258789 0.407227 0.265625 0.411133 0.269531 0.412109 0.260742
0 0.650391 0.642578 0.643555 0.644531 0.642578 0.648438 0.648438 0.647461
0 0.194336 0.180664 0.189453 0.183594 0.189453 0.187500 0.193359 0.186523
0 0.176758 0.146484 0.172852 0.148438 0.171875 0.155273 0.174805 0.155273
0 0.587891 0.318359 0.583984 0.319336 0.583984 0.329102 0.587891 0.326172
0 0.108398 0.925781 0.110352 0.928711 0.118164 0.926758 0.116211 0.923828
0 0.799805 0.867188 0.793945 0.868164 0.791016 0.875977 0.796875 0.874023
0 0.741211 0.028320 0.734375 0.032227 0.734375 0.037109 0.741211 0.033203
0 0.097656 0.750977 0.097656 0.753906 0.100586 0.755859 0.109375 0.755859 0.101562 0.750000
0 0.400391 0.556641 0.402344 0.559570 0.411133 0.558594 0.407227 0.554688
0 0.077148 0.283203 0.078125 0.289062 0.083984 0.291016 0.082031 0.285156
0 0.369141 0.730469 0.369141 0.733398 0.372070 0.735352 0.380859 0.733398 0.378906 0.730469
0 0.243164 0.482422 0.251953 0.480469 0.251953 0.477539 0.244141 0.478516
0 0.360352 0.490234 0.360352 0.495117 0.365234 0.500000 0.365234 0.492188
0 0.867188 0.964844 0.868164 0.972656 0.873047 0.974609 0.872070 0.966797
0 0.441406 0.423828 0.442383 0.427734 0.452148 0.426758 0.449219 0.423828
0 0.308594 0.249023 0.312500 0.252930 0.321289 0.252930 0.321289 0.250000 0.318359 0.248047
0 0.049805 0.518555 0.044922 0.521484 0.044922 0.530273 0.050781 0.524414
0 0.960938 0.752930 0.962891 0.757812 0.973633 0.759766 0.970703 0.753906 0.966797 0.751953
0 0.470703 0.227539 0.465820 0.231445 0.466797 0.237305 0.470703 0.233398
0 0.762695 0.809570 0.765625 0.816406 0.771484 0.816406 0.770508 0.811523
0 0.235352 0.771484 0.230469 0.774414 0.230469 0.782227 0.235352 0.778320
0 0.112305 0.775391 0.115234 0.780273 0.122070 0.782227 0.120117 0.776367
0 0.207031 0.723633 0.208008 0.728516 0.213867 0.730469 0.213867 0.726562
0 0.234375 0.854492 0.232422 0.856445 0.234375 0.861328 0.240234 0.863281 0.238281 0.857422
0 0.522461 0.685547 0.531250 0.685547 0.535156 0.681641 0.526367 0.679688 0.522461 0.681641
0 0.378906 0.576172 0.372070 0.579102 0.370117 0.589844 0.376953 0.585938
0 0.396484 0.881836 0.397461 0.888672 0.403320 0.891602 0.403320 0.886719
0 0.307617 0.915039 0.306641 0.919922 0.311523 0.924805 0.311523 0.916992
0 0.047852 0.320312 0.045898 0.322266 0.046875 0.333008 0.050781 0.330078 0.050781 0.322266
0 0.260742 0.696289 0.255859 0.698242 0.254883 0.707031 0.257812 0.707031 0.259766 0.704102
0 0.768555 0.532227 0.759766 0.532227 0.756836 0.536133 0.764648 0.537109
0 0.199219 0.315430 0.202148 0.320312 0.208984 0.320312 0.207031 0.316406
0 0.035156 0.962891 0.042969 0.962891 0.045898 0.959961 0.039062 0.958008 0.035156 0.959961
0 0.168945 0.723633 0.168945 0.729492 0.173828 0.735352 0.174805 0.727539 0.171875 0.723633
0 0.184570 0.120117 0.179688 0.120117 0.174805 0.125000 0.180664 0.125977 0.184570 0.123047
0 0.289062 0.835938 0.283203 0.836914 0.281250 0.842773 0.285156 0.841797
0 0.920898 0.521484 0.916016 0.524414 0.915039 0.531250 0.920898 0.528320
0 0.909180 0.165039 0.909180 0.168945 0.916992 0.172852 0.915039 0.166992
0 0.850586 0.670898 0.847656 0.672852 0.848633 0.680664 0.851562 0.677734
0 0.715820 0.573242 0.710938 0.574219 0.708008 0.581055 0.712891 0.580078
0 0.086914 0.379883 0.079102 0.380859 0.076172 0.386719 0.085938 0.383789
0 0.836914 0.125000 0.830078 0.125000 0.824219 0.132812 0.825195 0.135742 0.833008 0.132812
0 0.802734 0.560547 0.796875 0.561523 0.793945 0.568359 0.800781 0.565430
0 0.801758 0.793945 0.802734 0.804688 0.807617 0.806641 0.807617 0.796875
0 0.243164 0.649414 0.245117 0.656250 0.250000 0.658203 0.248047 0.650391