0 0.693359 0.684570 0.696289 0.688477 0.705078 0.688477 0.700195 0.683594
0 0.439453 0.958008 0.439453 0.962891 0.443359 0.967773 0.444336 0.961914
0 0.978516 0.423828 0.978516 0.432617 0.981445 0.435547 0.982422 0.424805
0 0.645508 0.258789 0.641602 0.259766 0.640625 0.266602 0.645508 0.263672
0 0.784180 0.316406 0.786133 0.321289 0.791016 0.322266 0.790039 0.318359
0 0.435547 0.720703 0.436523 0.730469 0.443359 0.733398 0.443359 0.726562
0 0.103516 0.329102 0.103516 0.332031 0.107422 0.333984 0.116211 0.333008 0.109375 0.328125
0 0.987305 0.056641 0.985352 0.058594 0.986328 0.064453 0.991211 0.067383 0.991211 0.060547
0 0.065430 0.009766 0.065430 0.015625 0.068359 0.019531 0.068359 0.010742
0 0.723633 0.109375 0.716797 0.113281 0.715820 0.119141 0.722656 0.116211
0 0.163086 0.032227 0.169922 0.036133 0.177734 0.033203 0.174805 0.030273
0 0.691406 0.537109 0.687500 0.541016 0.689453 0.547852 0.692383 0.541992
0 0.571289 0.354492 0.566406 0.357422 0.566406 0.367188 0.571289 0.362305
0 0.731445 0.971680 0.738281 0.972656 0.741211 0.968750 0.735352 0.967773
0 0.433594 0.885742 0.434570 0.889648 0.444336 0.887695 0.439453 0.884766
0 0.541992 0.862305 0.542969 0.870117 0.548828 0.873047 0.547852 0.866211
0 0.209961 0.652344 0.205078 0.658203 0.207031 0.666016 0.210938 0.660156
0 0.116211 0.655273 0.116211 0.658203 0.120117 0.660156 0.128906 0.658203 0.124023 0.654297
0 0.188477 0.561523 0.178711 0.561523 0.176758 0.565430 0.182617 0.566406
0 0.231445 0.833008 0.227539 0.835938 0.227539 0.842773 0.231445 0.839844
0 0.184570 0.470703 0.181641 0.470703 0.179688 0.473633 0.179688 0.481445 0.181641 0.481445 0.184570 0.475586
0 0.012695 0.929688 0.013672 0.935547 0.017578 0.938477 0.017578 0.929688
0 0.508789 0.715820 0.500977 0.715820 0.498047 0.717773 0.498047 0.720703 0.504883 0.720703
0 0.867188 0.813477 0.867188 0.820312 0.871094 0.822266 0.871094 0.816406
0 0.481445 0.060547 0.480469 0.066406 0.483398 0.071289 0.486328 0.071289 0.485352 0.063477
0 0.602539 0.067383 0.598633 0.068359 0.596680 0.077148 0.601562 0.075195
0 0.683594 0.454102 0.681641 0.462891 0.686523 0.467773 0.688477 0.460938
0 0.935547 0.810547 0.932617 0.812500 0.933594 0.821289 0.937500 0.817383
0 0.749023 0.423828 0.745117 0.423828 0.743164 0.427734 0.744141 0.433594 0.748047 0.430664
0 0.121094 0.733398 0.117188 0.736328 0.116211 0.743164 0.121094 0.741211
0 0.217773 0.359375 0.218750 0.362305 0.225586 0.364258 0.224609 0.360352