0 0.526367 0.513672 0.526367 0.515625 0.531250 0.517578 0.536133 0.514648 0.534180 0.511719
0 0.407227 0.900391 0.407227 0.906250 0.416016 0.910156 0.414062 0.903320
0 0.332031 0.621094 0.338867 0.623047 0.343750 0.619141 0.335938 0.617188
0 0.444336 0.639648 0.445312 0.645508 0.453125 0.649414 0.450195 0.641602
0 0.168945 0.881836 0.166992 0.887695 0.168945 0.893555 0.170898 0.893555 0.171875 0.882812
0 0.674805 0.493164 0.673828 0.498047 0.677734 0.502930 0.678711 0.495117
0 0.381836 0.359375 0.382812 0.365234 0.388672 0.367188 0.387695 0.362305
0 0.086914 0.532227 0.083008 0.535156 0.085938 0.543945 0.088867 0.538086
0 0.211914 0.410156 0.207031 0.413086 0.207031 0.418945 0.210938 0.416992
0 0.190430 0.085938 0.187500 0.085938 0.185547 0.088867 0.185547 0.097656 0.191406 0.091797
0 0.648438 0.832031 0.642578 0.832031 0.638672 0.836914 0.645508 0.836914
0 0.935547 0.075195 0.936523 0.081055 0.943359 0.084961 0.941406 0.077148
0 0.580078 0.326172 0.581055 0.329102 0.590820 0.329102 0.592773 0.327148 0.591797 0.324219
0 0.562500 0.100586 0.563477 0.103516 0.573242 0.101562 0.573242 0.098633 0.566406 0.097656
0 0.615234 0.323242 0.610352 0.322266 0.605469 0.326172 0.612305 0.327148
0 0.771484 0.976562 0.772461 0.980469 0.780273 0.980469 0.777344 0.976562
0 0.302734 0.235352 0.299805 0.235352 0.297852 0.244141 0.300781 0.244141 0.302734 0.241211
0 0.458984 0.580078 0.462891 0.583984 0.472656 0.582031 0.467773 0.579102
0 0.353516 0.428711 0.354492 0.433594 0.359375 0.435547 0.358398 0.430664
0 0.482422 0.864258 0.481445 0.871094 0.484375 0.875977 0.486328 0.866211
0 0.545898 0.477539 0.545898 0.484375 0.551758 0.487305 0.550781 0.481445
0 0.902344 0.107422 0.894531 0.107422 0.892578 0.112305 0.899414 0.111328
0 0.304688 0.799805 0.305664 0.808594 0.311523 0.811523 0.310547 0.802734
0 0.925781 0.650391 0.919922 0.650391 0.916992 0.656250 0.922852 0.655273
0 0.916016 0.836914 0.910156 0.838867 0.908203 0.844727 0.913086 0.843750
0 0.560547 0.789062 0.561523 0.791992 0.570312 0.790039 0.569336 0.787109
0 0.946289 0.593750 0.953125 0.593750 0.955078 0.589844 0.949219 0.589844
0 0.650391 0.030273 0.650391 0.032227 0.655273 0.034180 0.662109 0.033203 0.659180 0.029297 0.653320 0.028320
0 0.264648 0.171875 0.263672 0.177734 0.266602 0.182617 0.268555 0.174805
0 0.908203 0.982422 0.905273 0.983398 0.906250 0.992188 0.909180 0.989258
0 0.120117 0.158203 0.120117 0.166016 0.124023 0.167969 0.124023 0.160156
0 0.516602 0.293945 0.517578 0.298828 0.525391 0.300781 0.524414 0.296875
0 0.772461 0.304688 0.775391 0.308594 0.783203 0.308594 0.782227 0.304688
0 0.826172 0.901367 0.816406 0.901367 0.813477 0.906250 0.822266 0.906250
0 0.209961 0.386719 0.202148 0.386719 0.199219 0.392578 0.208008 0.391602
0 0.727539 0.548828 0.726562 0.558594 0.732422 0.563477 0.733398 0.556641
0 0.846680 0.411133 0.845703 0.415039 0.848633 0.421875 0.850586 0.420898 0.850586 0.413086
0 0.982422 0.739258 0.982422 0.746094 0.985352 0.750000 0.988281 0.750000 0.987305 0.742188
0 0.965820 0.128906 0.969727 0.132812 0.977539 0.131836 0.975586 0.127930
0 0.893555 0.146484 0.894531 0.149414 0.902344 0.147461
0 0.995117 0.884766 0.987305 0.884766 0.985352 0.889648 0.990234 0.889648