0 0.245117 0.562500 0.246094 0.565430 0.254883 0.564453 0.253906 0.560547
0 0.386719 0.939453 0.385742 0.944336 0.386719 0.948242 0.388672 0.948242 0.390625 0.944336 0.389648 0.940430
0 0.154297 0.912109 0.149414 0.913086 0.145508 0.918945 0.151367 0.918945
0 0.873047 0.181641 0.872070 0.189453 0.875000 0.190430 0.875977 0.183594
0 0.059570 0.436523 0.055664 0.437500 0.055664 0.446289 0.059570 0.443359
0 0.058594 0.699219 0.059570 0.703125 0.067383 0.704102 0.065430 0.700195
0 0.235352 0.767578 0.235352 0.773438 0.241211 0.779297 0.245117 0.779297 0.242188 0.770508 0.239258 0.767578
0 0.417969 0.788086 0.416992 0.791992 0.419922 0.798828 0.421875 0.797852 0.421875 0.790039
0 0.517578 0.263672 0.519531 0.271484 0.524414 0.275391 0.528320 0.275391 0.526367 0.268555
0 0.792969 0.463867 0.788086 0.464844 0.786133 0.472656 0.791992 0.469727
0 0.280273 0.048828 0.271484 0.050781 0.269531 0.055664 0.278320 0.053711
0 0.680664 0.026367 0.688477 0.027344 0.694336 0.023438 0.694336 0.020508 0.685547 0.020508 0.681641 0.022461
0 0.880859 0.108398 0.889648 0.108398 0.894531 0.104492 0.893555 0.102539 0.885742 0.102539
0 0.873047 0.625977 0.868164 0.628906 0.868164 0.634766 0.872070 0.631836
0 0.237305 0.975586 0.241211 0.979492 0.248047 0.979492 0.248047 0.976562 0.244141 0.974609
0 0.274414 0.632812 0.274414 0.637695 0.278320 0.641602 0.279297 0.637695
0 0.577148 0.475586 0.572266 0.479492 0.573242 0.489258 0.576172 0.488281 0.578125 0.483398
0 0.812500 0.477539 0.811523 0.484375 0.816406 0.488281 0.816406 0.480469
0 0.390625 0.375977 0.382812 0.376953 0.378906 0.382812 0.387695 0.381836
0 0.049805 0.619141 0.054688 0.625000 0.060547 0.625000 0.059570 0.620117
0 0.629883 0.680664 0.632812 0.684570 0.640625 0.684570 0.637695 0.680664
0 0.229492 0.273438 0.222656 0.275391 0.220703 0.280273 0.226562 0.280273 0.229492 0.277344
0 0.849609 0.360352 0.854492 0.362305 0.859375 0.360352 0.859375 0.358398 0.852539 0.357422
0 0.820312 0.340820 0.821289 0.345703 0.829102 0.346680 0.824219 0.340820
0 0.208008 0.690430 0.200195 0.690430 0.198242 0.695312 0.203125 0.695312
0 0.860352 0.789062 0.856445 0.791992 0.856445 0.799805 0.861328 0.795898
0 0.345703 0.766602 0.351562 0.766602 0.354492 0.762695 0.348633 0.761719 0.345703 0.763672
0 0.676758 0.226562 0.671875 0.226562 0.667969 0.231445 0.673828 0.230469
0 0.027344 0.467773 0.028320 0.475586 0.033203 0.477539 0.031250 0.469727
0 0.565430 0.762695 0.560547 0.763672 0.558594 0.774414 0.564453 0.770508
0 0.353516 0.348633 0.359375 0.349609 0.364258 0.345703 0.356445 0.344727
0 0.670898 0.047852 0.673828 0.055664 0.679688 0.056641 0.678711 0.050781
0 0.824219 0.545898 0.820312 0.544922 0.817383 0.546875 0.813477 0.555664 0.819336 0.553711
0 0.390625 0.962891 0.391602 0.969727 0.397461 0.972656 0.394531 0.963867
0 0.319336 0.877930 0.324219 0.883789 0.331055 0.884766 0.328125 0.878906 0.324219 0.876953
0 0.672852 0.444336 0.674805 0.448242 0.683594 0.446289 0.681641 0.443359
0 0.816406 0.190430 0.811523 0.192383 0.810547 0.200195 0.813477 0.200195
0 0.420898 0.714844 0.420898 0.723633 0.423828 0.726562 0.425781 0.725586 0.425781 0.718750 0.423828 0.714844
0 0.693359 0.471680 0.686523 0.475586 0.686523 0.480469 0.692383 0.476562
0 0.340820 0.403320 0.340820 0.409180 0.345703 0.414062 0.346680 0.405273
0 0.599609 0.299805 0.596680 0.299805 0.594727 0.302734 0.595703 0.311523 0.599609 0.308594
0 0.638672 0.963867 0.633789 0.966797 0.634766 0.974609
0 0.985352 0.858398 0.987305 0.861328 0.995117 0.860352 0.994141 0.857422
0 0.585938 0.489258 0.581055 0.493164 0.582031 0.502930 0.584961 0.502930 0.586914 0.498047
0 0.245117 0.518555 0.246094 0.525391 0.250000 0.527344 0.248047 0.519531
0 0.486328 0.182617 0.479492 0.185547 0.476562 0.191406 0.477539 0.194336 0.486328 0.187500
0 0.167969 0.123047 0.159180 0.123047 0.158203 0.126953 0.163086 0.126953
0 0.030273 0.829102 0.029297 0.838867 0.032227 0.842773 0.035156 0.834961 0.033203 0.830078
0 0.388672 0.353516 0.383789 0.358398 0.383789 0.361328 0.388672 0.359375
0 0.830078 0.719727 0.825195 0.718750 0.820312 0.723633 0.827148 0.724609
0 0.423828 0.373047 0.419922 0.375977 0.419922 0.381836 0.423828 0.379883
0 0.574219 0.977539 0.570312 0.980469 0.570312 0.988281 0.575195 0.984375
0 0.747070 0.029297 0.748047 0.035156 0.753906 0.037109 0.751953 0.031250
0 0.942383 0.615234 0.937500 0.616211 0.932617 0.625000 0.940430 0.622070 0.943359 0.617188
0 0.172852 0.155273 0.173828 0.161133 0.179688 0.165039 0.179688 0.159180
0 0.118164 0.766602 0.122070 0.773438 0.127930 0.774414 0.125000 0.767578
0 0.667969 0.613281 0.669922 0.619141 0.675781 0.623047 0.675781 0.617188
0 0.670898 0.876953 0.666016 0.880859 0.666992 0.887695 0.670898 0.884766
0 0.644531 0.799805 0.640625 0.802734 0.641602 0.809570 0.645508 0.804688
0 0.386719 0.251953 0.387695 0.259766 0.391602 0.260742 0.390625 0.253906
0 0.267578 0.384766 0.266602 0.388672 0.268555 0.391602 0.275391 0.393555 0.275391 0.388672
0 0.719727 0.239258 0.714844 0.238281 0.711914 0.245117 0.715820 0.244141
0 0.479492 0.043945 0.488281 0.044922 0.492188 0.041016 0.484375 0.039062 0.479492 0.041016
0 0.826172 0.665039 0.826172 0.671875 0.830078 0.675781 0.831055 0.667969 0.829102 0.665039
0 0.571289 0.657227 0.564453 0.658203 0.559570 0.666992 0.562500 0.667969 0.568359 0.665039
0 0.452148 0.316406 0.458984 0.316406 0.460938 0.312500 0.455078 0.312500
0 0.845703 0.903320 0.849609 0.909180 0.853516 0.909180 0.851562 0.904297
0 0.830078 0.186523 0.833984 0.193359 0.837891 0.192383 0.834961 0.187500
0 0.012695 0.865234 0.012695 0.873047 0.016602 0.876953 0.016602 0.867188
0 0.688477 0.037109 0.687500 0.044922 0.691406 0.047852 0.692383 0.041992