0 0.192383 0.984375 0.194336 0.992188 0.199219 0.994141 0.197266 0.985352
0 0.961914 0.705078 0.964844 0.708984 0.972656 0.708008 0.969727 0.704102
0 0.277344 0.542969 0.281250 0.548828 0.286133 0.547852 0.284180 0.543945
0 0.311523 0.503906 0.314453 0.510742 0.320312 0.511719 0.318359 0.505859
0 0.791016 0.919922 0.790039 0.928711 0.792969 0.930664 0.794922 0.920898
0 0.747070 0.960938 0.740234 0.961914 0.735352 0.968750 0.743164 0.967773
0 0.238281 0.888672 0.239258 0.895508 0.243164 0.897461 0.243164 0.890625
0 0.133789 0.041992 0.127930 0.047852 0.127930 0.054688 0.133789 0.051758
0 0.661133 0.454102 0.657227 0.456055 0.656250 0.462891 0.661133 0.460938
0 0.043945 0.011719 0.047852 0.015625 0.055664 0.015625 0.058594 0.012695 0.054688 0.009766
0 0.461914 0.973633 0.463867 0.980469 0.468750 0.982422 0.467773 0.976562
0 0.502930 0.259766 0.494141 0.261719 0.491211 0.268555 0.498047 0.267578
0 0.492188 0.161133 0.492188 0.164062 0.497070 0.166992 0.501953 0.166992 0.502930 0.165039 0.498047 0.161133
0 0.358398 0.361328 0.352539 0.363281 0.351562 0.369141 0.357422 0.366211
0 0.085938 0.422852 0.085938 0.430664 0.090820 0.432617 0.090820 0.426758 0.088867 0.422852
0 0.039062 0.932617 0.039062 0.935547 0.041992 0.937500 0.049805 0.937500 0.047852 0.933594
0 0.722656 0.985352 0.721680 0.992188 0.725586 0.994141 0.726562 0.989258
0 0.990234 0.259766 0.984375 0.262695 0.983398 0.272461 0.989258 0.267578
0 0.730469 0.665039 0.725586 0.665039 0.720703 0.672852 0.727539 0.670898
0 0.396484 0.431641 0.392578 0.436523 0.393555 0.441406 0.397461 0.439453
0 0.737305 0.313477 0.737305 0.321289 0.739258 0.324219 0.742188 0.324219 0.742188 0.317383
0 0.108398 0.949219 0.102539 0.950195 0.099609 0.955078 0.105469 0.954102
0 0.518555 0.464844 0.520508 0.469727 0.530273 0.469727 0.526367 0.465820
0 0.280273 0.487305 0.281250 0.494141 0.286133 0.497070 0.285156 0.490234
0 0.254883 0.410156 0.250000 0.411133 0.248047 0.416992 0.250977 0.416992
0 0.665039 0.501953 0.671875 0.502930 0.673828 0.499023 0.666992 0.499023
0 0.625977 0.417969 0.626953 0.423828 0.631836 0.425781 0.629883 0.418945
0 0.755859 0.666016 0.757812 0.668945 0.766602 0.667969 0.764648 0.664062
0 0.651367 0.791992 0.650391 0.797852 0.655273 0.803711 0.655273 0.793945
0 0.834961 0.414062 0.835938 0.424805 0.839844 0.427734 0.839844 0.416992
0 0.241211 0.102539 0.233398 0.108398 0.233398 0.114258 0.240234 0.110352
0 0.756836 0.870117 0.750977 0.873047 0.750000 0.878906 0.755859 0.876953