0 0.642578 0.422852 0.637695 0.423828 0.635742 0.430664 0.641602 0.426758
0 0.402344 0.209961 0.402344 0.218750 0.406250 0.220703 0.406250 0.212891
0 0.341797 0.676758 0.340820 0.681641 0.344727 0.686523 0.346680 0.681641
0 0.924805 0.250000 0.923828 0.257812 0.928711 0.259766 0.928711 0.253906
0 0.352539 0.074219 0.348633 0.075195 0.348633 0.084961 0.353516 0.080078
0 0.248047 0.218750 0.248047 0.223633 0.253906 0.227539 0.252930 0.221680
0 0.617188 0.595703 0.617188 0.598633 0.623047 0.602539 0.624023 0.598633
0 0.629883 0.222656 0.628906 0.230469 0.631836 0.234375 0.633789 0.232422 0.633789 0.225586
0 0.724609 0.344727 0.724609 0.347656 0.728516 0.350586 0.737305 0.349609 0.732422 0.344727
0 0.267578 0.870117 0.268555 0.873047 0.273438 0.873047 0.277344 0.871094 0.277344 0.868164
0 0.713867 0.744141 0.708984 0.743164 0.704102 0.747070 0.703125 0.750977 0.711914 0.750000
0 0.301758 0.533203 0.296875 0.534180 0.293945 0.540039 0.295898 0.541016 0.300781 0.538086
0 0.762695 0.810547 0.759766 0.811523 0.759766 0.819336 0.762695 0.817383
0 0.199219 0.811523 0.200195 0.819336 0.205078 0.820312 0.202148 0.811523
0 0.652344 0.204102 0.652344 0.214844 0.656250 0.218750 0.660156 0.218750 0.658203 0.208984
0 0.547852 0.046875 0.549805 0.050781 0.558594 0.048828 0.552734 0.045898
0 0.980469 0.742188 0.975586 0.747070 0.977539 0.754883 0.981445 0.747070
0 0.247070 0.540039 0.242188 0.543945 0.242188 0.550781 0.245117 0.550781 0.247070 0.547852
0 0.602539 0.302734 0.597656 0.305664 0.596680 0.311523 0.601562 0.309570
0 0.110352 0.282227 0.109375 0.289062 0.114258 0.294922 0.115234 0.286133 0.113281 0.282227
0 0.454102 0.208008 0.449219 0.206055 0.444336 0.207031 0.443359 0.209961 0.452148 0.211914
0 0.395508 0.150391 0.395508 0.155273 0.400391 0.159180 0.400391 0.153320 0.398438 0.150391
0 0.804688 0.281250 0.802734 0.284180 0.803711 0.290039 0.806641 0.293945 0.809570 0.293945 0.809570 0.285156
0 0.941406 0.143555 0.949219 0.143555 0.953125 0.138672 0.944336 0.137695 0.941406 0.139648
0 0.498047 0.875977 0.490234 0.876953 0.487305 0.883789 0.496094 0.880859
0 0.082031 0.067383 0.083984 0.078125 0.088867 0.080078 0.086914 0.068359
0 0.499023 0.554688 0.500000 0.560547 0.504883 0.563477 0.502930 0.554688
0 0.340820 0.552734 0.335938 0.552734 0.332031 0.558594 0.338867 0.557617
0 0.327148 0.664062 0.327148 0.671875 0.332031 0.676758 0.333984 0.673828 0.333008 0.667969
0 0.054688 0.412109 0.046875 0.413086 0.044922 0.417969 0.052734 0.416016
0 0.202148 0.669922 0.208984 0.671875 0.213867 0.667969 0.207031 0.666016
0 0.218750 0.633789 0.220703 0.636719 0.227539 0.636719 0.226562 0.633789
0 0.895508 0.498047 0.895508 0.504883 0.901367 0.507812 0.900391 0.501953
0 0.983398 0.035156 0.982422 0.041016 0.987305 0.045898 0.988281 0.041016
0 0.418945 0.401367 0.416016 0.402344 0.414062 0.407227 0.415039 0.413086 0.418945 0.412109
0 0.602539 0.420898 0.602539 0.423828 0.606445 0.426758 0.612305 0.427734 0.609375 0.421875
0 0.350586 0.210938 0.342773 0.210938 0.338867 0.214844 0.338867 0.218750 0.346680 0.216797
0 0.457031 0.641602 0.452148 0.641602 0.448242 0.645508 0.455078 0.646484
0 0.989258 0.573242 0.988281 0.580078 0.991211 0.582031 0.993164 0.574219
0 0.143555 0.083008 0.138672 0.084961 0.137695 0.092773 0.142578 0.088867
0 0.094727 0.882812 0.090820 0.884766 0.089844 0.891602 0.093750 0.889648
0 0.727539 0.786133 0.725586 0.786133 0.723633 0.791992 0.726562 0.799805 0.728516 0.795898
0 0.286133 0.161133 0.286133 0.166016 0.293945 0.169922 0.291992 0.163086
0 0.662109 0.086914 0.662109 0.088867 0.667969 0.091797 0.676758 0.090820 0.677734 0.088867 0.673828 0.085938