0 0.642578 0.184570 0.646484 0.191406 0.651367 0.192383 0.646484 0.184570
0 0.354492 0.820312 0.352539 0.818359 0.348633 0.819336 0.344727 0.823242 0.344727 0.827148 0.351562 0.825195
0 0.112305 0.281250 0.106445 0.282227 0.104492 0.287109 0.110352 0.285156
0 0.909180 0.892578 0.907227 0.901367 0.911133 0.903320 0.913086 0.898438 0.912109 0.893555
0 0.914062 0.364258 0.916016 0.370117 0.924805 0.371094 0.922852 0.366211
0 0.584961 0.517578 0.587891 0.521484 0.596680 0.523438 0.593750 0.517578
0 0.320312 0.838867 0.316406 0.841797 0.316406 0.849609 0.321289 0.845703
0 0.842773 0.007812 0.845703 0.011719 0.853516 0.011719 0.850586 0.007812
0 0.070312 0.787109 0.064453 0.788086 0.062500 0.792969 0.068359 0.791992
0 0.959961 0.141602 0.963867 0.146484 0.967773 0.146484 0.966797 0.142578
0 0.793945 0.194336 0.788086 0.197266 0.787109 0.203125 0.791992 0.202148
0 0.646484 0.405273 0.646484 0.413086 0.649414 0.415039 0.650391 0.406250
0 0.906250 0.932617 0.908203 0.936523 0.915039 0.938477 0.912109 0.932617
0 0.081055 0.624023 0.076172 0.625000 0.074219 0.631836 0.081055 0.627930
0 0.131836 0.231445 0.126953 0.232422 0.123047 0.238281 0.128906 0.238281
0 0.432617 0.060547 0.428711 0.062500 0.428711 0.072266 0.432617 0.069336
0 0.487305 0.466797 0.479492 0.467773 0.476562 0.469727 0.476562 0.473633 0.483398 0.472656 0.487305 0.469727
0 0.198242 0.469727 0.194336 0.471680 0.193359 0.480469 0.198242 0.477539
0 0.909180 0.642578 0.913086 0.653320 0.916016 0.653320 0.914062 0.643555
0 0.916016 0.528320 0.908203 0.529297 0.905273 0.534180 0.913086 0.533203
0 0.635742 0.406250 0.630859 0.409180 0.629883 0.416016 0.633789 0.415039
0 0.285156 0.550781 0.279297 0.553711 0.278320 0.559570 0.284180 0.556641
0 0.720703 0.510742 0.722656 0.517578 0.730469 0.522461 0.727539 0.512695
0 0.053711 0.542969 0.055664 0.546875 0.062500 0.549805 0.062500 0.545898 0.059570 0.542969
0 0.589844 0.961914 0.586914 0.965820 0.588867 0.972656 0.591797 0.967773
0 0.523438 0.264648 0.517578 0.265625 0.514648 0.271484 0.520508 0.270508
0 0.547852 0.847656 0.541016 0.847656 0.538086 0.851562 0.542969 0.852539
0 0.912109 0.769531 0.912109 0.771484 0.918945 0.774414 0.923828 0.773438 0.921875 0.769531
0 0.651367 0.450195 0.655273 0.453125 0.662109 0.453125 0.657227 0.448242
0 0.653320 0.312500 0.646484 0.311523 0.638672 0.317383 0.648438 0.318359
0 0.105469 0.314453 0.100586 0.315430 0.096680 0.322266 0.104492 0.321289
0 0.453125 0.642578 0.445312 0.642578 0.442383 0.648438 0.449219 0.647461
0 0.686523 0.128906 0.681641 0.130859 0.681641 0.138672 0.686523 0.133789
0 0.670898 0.539062 0.664062 0.541016 0.662109 0.546875 0.668945 0.544922
0 0.184570 0.757812 0.183594 0.762695 0.187500 0.767578 0.188477 0.761719
0 0.414062 0.191406 0.411133 0.191406 0.409180 0.194336 0.410156 0.201172 0.413086 0.199219
0 0.716797 0.336914 0.712891 0.339844 0.712891 0.346680 0.717773 0.341797
0 0.303711 0.225586 0.296875 0.226562 0.293945 0.231445 0.300781 0.231445
0 0.219727 0.782227 0.211914 0.783203 0.208984 0.786133 0.208984 0.790039 0.215820 0.789062
0 0.305664 0.520508 0.303711 0.532227 0.307617 0.534180 0.309570 0.532227 0.308594 0.520508
0 0.276367 0.313477 0.277344 0.318359 0.280273 0.321289 0.284180 0.321289 0.284180 0.317383
0 0.712891 0.381836 0.713867 0.387695 0.722656 0.390625 0.718750 0.382812