0 0.625000 0.220703 0.618164 0.220703 0.615234 0.226562 0.624023 0.224609
0 0.277344 0.585938 0.279297 0.589844 0.286133 0.588867 0.282227 0.584961
0 0.498047 0.200195 0.491211 0.201172 0.488281 0.208984 0.493164 0.208984
0 0.083984 0.281250 0.083008 0.288086 0.086914 0.292969 0.087891 0.284180
0 0.504883 0.224609 0.497070 0.226562 0.494141 0.232422 0.502930 0.230469
0 0.637695 0.750977 0.636719 0.755859 0.640625 0.762695 0.641602 0.751953
0 0.399414 0.325195 0.401367 0.333984 0.406250 0.335938 0.405273 0.328125
0 0.503906 0.031250 0.505859 0.038086 0.510742 0.041016 0.511719 0.037109 0.508789 0.032227
0 0.931641 0.559570 0.936523 0.567383 0.939453 0.568359 0.941406 0.566406 0.938477 0.560547
0 0.092773 0.594727 0.093750 0.597656 0.102539 0.597656 0.098633 0.593750
0 0.150391 0.905273 0.143555 0.909180 0.143555 0.914062 0.149414 0.912109
0 0.531250 0.741211 0.526367 0.744141 0.526367 0.750977 0.531250 0.748047
0 0.955078 0.786133 0.957031 0.795898 0.962891 0.796875 0.960938 0.789062
0 0.226562 0.782227 0.220703 0.783203 0.217773 0.789062 0.225586 0.787109
0 0.458984 0.685547 0.458008 0.694336 0.461914 0.695312 0.461914 0.687500
0 0.939453 0.324219 0.939453 0.331055 0.942383 0.334961 0.945312 0.334961 0.944336 0.327148
0 0.349609 0.856445 0.348633 0.864258 0.351562 0.866211 0.353516 0.857422
0 0.882812 0.833008 0.883789 0.838867 0.891602 0.842773 0.891602 0.837891
0 0.048828 0.793945 0.041016 0.797852 0.040039 0.804688 0.046875 0.801758
0 0.852539 0.385742 0.852539 0.393555 0.857422 0.398438 0.857422 0.388672 0.855469 0.385742
0 0.452148 0.572266 0.456055 0.581055 0.456055 0.572266
0 0.755859 0.082031 0.755859 0.088867 0.761719 0.091797 0.760742 0.084961
0 0.101562 0.868164 0.101562 0.872070 0.109375 0.875977 0.108398 0.871094
0 0.695312 0.040039 0.694336 0.046875 0.700195 0.052734 0.700195 0.044922
0 0.652344 0.596680 0.651367 0.600586 0.658203 0.604492 0.658203 0.600586
0 0.756836 0.130859 0.758789 0.136719 0.766602 0.138672 0.762695 0.131836
0 0.043945 0.048828 0.033203 0.048828 0.031250 0.053711 0.039062 0.053711
0 0.113281 0.127930 0.106445 0.131836 0.106445 0.136719 0.113281 0.131836
0 0.772461 0.475586 0.778320 0.477539 0.783203 0.475586 0.783203 0.473633 0.775391 0.472656
0 0.770508 0.378906 0.767578 0.380859 0.769531 0.390625 0.771484 0.386719
0 0.289062 0.207031 0.285156 0.209961 0.286133 0.217773 0.290039 0.212891
0 0.058594 0.387695 0.054688 0.391602 0.056641 0.398438 0.059570 0.395508
0 0.164062 0.633789 0.163086 0.644531 0.166016 0.646484 0.167969 0.634766
0 0.381836 0.962891 0.378906 0.963867 0.378906 0.972656 0.382812 0.970703
0 0.362305 0.597656 0.366211 0.601562 0.373047 0.601562 0.371094 0.596680
0 0.839844 0.607422 0.831055 0.608398 0.829102 0.613281 0.837891 0.611328
0 0.421875 0.319336 0.420898 0.327148 0.423828 0.331055 0.425781 0.320312
0 0.213867 0.511719 0.215820 0.515625 0.224609 0.513672
0 0.541016 0.734375 0.540039 0.740234 0.542969 0.745117 0.544922 0.737305
0 0.706055 0.491211 0.700195 0.493164 0.698242 0.497070 0.704102 0.497070
0 0.932617 0.800781 0.926758 0.802734 0.925781 0.807617 0.929688 0.807617
0 0.140625 0.342773 0.144531 0.347656 0.151367 0.348633 0.148438 0.342773
0 0.511719 0.323242 0.511719 0.325195 0.519531 0.327148 0.519531 0.324219
0 0.816406 0.256836 0.812500 0.259766 0.814453 0.267578 0.817383 0.263672
0 0.494141 0.783203 0.495117 0.788086 0.499023 0.791992 0.503906 0.792969 0.501953 0.786133
0 0.483398 0.036133 0.478516 0.038086 0.478516 0.045898 0.483398 0.041016
0 0.418945 0.367188 0.417969 0.375000 0.421875 0.377930 0.422852 0.372070
0 0.416016 0.057617 0.412109 0.056641 0.406250 0.062500 0.413086 0.062500 0.416016 0.060547
0 0.916016 0.901367 0.916992 0.910156 0.920898 0.912109 0.921875 0.906250 0.918945 0.901367
0 0.225586 0.324219 0.227539 0.328125 0.234375 0.327148 0.233398 0.324219