0 0.256836 0.366211 0.254883 0.375977 0.258789 0.377930 0.260742 0.372070
0 0.767578 0.986328 0.769531 0.991211 0.778320 0.992188 0.775391 0.987305
0 0.781250 0.804688 0.785156 0.810547 0.791016 0.811523 0.790039 0.806641
0 0.893555 0.282227 0.894531 0.289062 0.900391 0.291992 0.900391 0.287109
0 0.647461 0.447266 0.648438 0.450195 0.657227 0.448242 0.656250 0.445312
0 0.256836 0.885742 0.256836 0.891602 0.261719 0.895508 0.261719 0.888672
0 0.961914 0.802734 0.954102 0.802734 0.950195 0.808594 0.958984 0.808594
0 0.873047 0.165039 0.875000 0.170898 0.883789 0.170898 0.879883 0.166016
0 0.612305 0.838867 0.606445 0.842773 0.604492 0.846680 0.605469 0.851562 0.612305 0.847656
0 0.467773 0.761719 0.467773 0.770508 0.471680 0.772461 0.472656 0.765625
0 0.035156 0.416016 0.029297 0.417969 0.026367 0.424805 0.027344 0.428711 0.034180 0.424805 0.036133 0.420898
0 0.643555 0.895508 0.639648 0.897461 0.639648 0.905273 0.643555 0.901367
0 0.786133 0.452148 0.782227 0.454102 0.783203 0.461914 0.787109 0.458008
0 0.661133 0.357422 0.659180 0.364258 0.663086 0.369141 0.665039 0.362305
0 0.525391 0.168945 0.528320 0.173828 0.534180 0.174805 0.533203 0.169922
0 0.153320 0.258789 0.153320 0.261719 0.157227 0.263672 0.164062 0.262695 0.161133 0.258789
0 0.504883 0.631836 0.503906 0.639648 0.506836 0.642578 0.508789 0.633789
0 0.833984 0.052734 0.827148 0.053711 0.824219 0.059570 0.831055 0.058594
0 0.117188 0.681641 0.122070 0.687500 0.128906 0.686523 0.126953 0.681641
0 0.491211 0.901367 0.484375 0.905273 0.483398 0.911133 0.489258 0.909180
0 0.310547 0.153320 0.319336 0.154297 0.323242 0.149414 0.314453 0.148438
0 0.171875 0.496094 0.175781 0.500000 0.182617 0.500000 0.182617 0.497070 0.179688 0.495117
0 0.287109 0.784180 0.288086 0.790039 0.293945 0.793945 0.292969 0.786133
0 0.974609 0.106445 0.968750 0.106445 0.965820 0.112305 0.973633 0.110352
0 0.940430 0.520508 0.941406 0.524414 0.950195 0.525391 0.948242 0.521484
0 0.333008 0.265625 0.336914 0.268555 0.344727 0.267578 0.342773 0.263672
0 0.550781 0.724609 0.545898 0.722656 0.539062 0.724609 0.539062 0.726562 0.550781 0.727539
0 0.453125 0.965820 0.454102 0.972656 0.458008 0.973633 0.457031 0.967773
0 0.121094 0.966797 0.122070 0.970703 0.130859 0.971680 0.128906 0.968750