0 0.641602 0.146484 0.642578 0.154297 0.647461 0.156250 0.646484 0.150391
0 0.212891 0.143555 0.214844 0.148438 0.223633 0.149414 0.220703 0.144531
0 0.318359 0.083008 0.319336 0.085938 0.328125 0.084961 0.327148 0.081055
0 0.100586 0.549805 0.093750 0.551758 0.090820 0.557617 0.099609 0.554688
0 0.948242 0.222656 0.948242 0.230469 0.950195 0.233398 0.953125 0.233398 0.953125 0.227539
0 0.994141 0.141602 0.989258 0.140625 0.984375 0.144531 0.991211 0.145508
0 0.227539 0.189453 0.231445 0.190430 0.239258 0.188477 0.239258 0.185547 0.229492 0.185547
0 0.968750 0.390625 0.970703 0.394531 0.978516 0.396484 0.974609 0.390625
0 0.645508 0.927734 0.642578 0.928711 0.639648 0.938477 0.645508 0.935547
0 0.691406 0.071289 0.686523 0.075195 0.686523 0.082031 0.691406 0.078125
0 0.748047 0.776367 0.740234 0.777344 0.737305 0.783203 0.746094 0.781250
0 0.739258 0.954102 0.738281 0.958984 0.748047 0.963867 0.749023 0.959961 0.744141 0.955078
0 0.635742 0.605469 0.629883 0.606445 0.626953 0.611328 0.632812 0.611328
0 0.765625 0.493164 0.760742 0.496094 0.759766 0.501953 0.765625 0.499023
0 0.299805 0.166992 0.302734 0.171875 0.309570 0.172852 0.307617 0.167969
0 0.355469 0.752930 0.355469 0.754883 0.360352 0.756836 0.367188 0.755859 0.364258 0.751953
0 0.377930 0.908203 0.377930 0.916016 0.382812 0.920898 0.382812 0.911133
0 0.549805 0.111328 0.550781 0.118164 0.558594 0.122070 0.555664 0.113281
0 0.930664 0.945312 0.924805 0.946289 0.921875 0.952148 0.926758 0.952148
0 0.010742 0.156250 0.010742 0.159180 0.015625 0.162109 0.023438 0.162109 0.023438 0.159180 0.019531 0.156250
0 0.839844 0.459961 0.838867 0.466797 0.842773 0.472656 0.844727 0.463867 0.842773 0.459961
0 0.015625 0.279297 0.009766 0.283203 0.009766 0.287109 0.014648 0.285156
0 0.571289 0.801758 0.573242 0.808594 0.581055 0.810547 0.576172 0.801758
0 0.630859 0.090820 0.630859 0.092773 0.634766 0.093750 0.639648 0.092773 0.637695 0.089844
0 0.305664 0.600586 0.309570 0.606445 0.315430 0.608398 0.311523 0.600586
0 0.182617 0.375000 0.186523 0.380859 0.195312 0.381836 0.191406 0.375977
0 0.333984 0.615234 0.334961 0.620117 0.340820 0.624023 0.340820 0.619141
0 0.049805 0.782227 0.044922 0.784180 0.042969 0.788086 0.043945 0.792969 0.047852 0.791016
0 0.380859 0.323242 0.384766 0.327148 0.392578 0.326172 0.389648 0.322266
0 0.725586 0.246094 0.731445 0.251953 0.736328 0.250977 0.733398 0.246094
0 0.967773 0.249023 0.961914 0.253906 0.962891 0.259766 0.967773 0.254883
0 0.366211 0.539062 0.365234 0.546875 0.368164 0.549805 0.370117 0.541992 0.369141 0.539062
0 0.406250 0.181641 0.404297 0.186523 0.408203 0.193359 0.409180 0.182617
0 0.589844 0.376953 0.591797 0.379883 0.601562 0.377930 0.600586 0.375000
0 0.543945 0.191406 0.542969 0.198242 0.545898 0.199219 0.546875 0.194336
0 0.541992 0.601562 0.536133 0.603516 0.534180 0.607422 0.541016 0.606445
0 0.051758 0.436523 0.044922 0.438477 0.041992 0.446289 0.047852 0.445312 0.050781 0.442383
0 0.340820 0.175781 0.340820 0.179688 0.348633 0.183594 0.347656 0.178711
0 0.701172 0.528320 0.693359 0.531250 0.691406 0.536133 0.699219 0.535156 0.702148 0.530273
0 0.679688 0.509766 0.680664 0.517578 0.685547 0.520508 0.687500 0.519531 0.685547 0.512695
0 0.569336 0.173828 0.576172 0.178711 0.582031 0.178711 0.583008 0.176758 0.578125 0.172852
0 0.984375 0.631836 0.983398 0.639648 0.986328 0.641602 0.988281 0.634766 0.987305 0.631836
0 0.741211 0.254883 0.741211 0.257812 0.750977 0.258789 0.750000 0.254883
0 0.250977 0.607422 0.248047 0.607422 0.246094 0.616211 0.250000 0.612305
0 0.707031 0.059570 0.703125 0.061523 0.701172 0.071289 0.707031 0.066406
0 0.917969 0.808594 0.914062 0.809570 0.914062 0.819336 0.917969 0.816406
0 0.282227 0.350586 0.280273 0.359375 0.284180 0.361328 0.286133 0.354492 0.285156 0.350586
0 0.760742 0.044922 0.760742 0.049805 0.768555 0.053711 0.768555 0.049805
0 0.586914 0.707031 0.590820 0.710938 0.597656 0.708984 0.595703 0.706055
0 0.823242 0.848633 0.823242 0.851562 0.826172 0.853516 0.834961 0.854492 0.834961 0.851562 0.832031 0.849609
0 0.397461 0.558594 0.392578 0.560547 0.390625 0.565430 0.392578 0.568359 0.395508 0.566406
0 0.708984 0.046875 0.710938 0.050781 0.717773 0.050781 0.714844 0.046875