0 0.904297 0.819336 0.906250 0.824219 0.913086 0.826172 0.910156 0.820312
0 0.360352 0.909180 0.355469 0.913086 0.355469 0.921875 0.358398 0.921875 0.362305 0.915039
0 0.479492 0.340820 0.476562 0.344727 0.478516 0.350586 0.481445 0.346680 0.481445 0.341797
0 0.928711 0.750000 0.928711 0.756836 0.932617 0.759766 0.932617 0.751953
0 0.228516 0.111328 0.223633 0.111328 0.220703 0.118164 0.224609 0.118164
0 0.342773 0.416992 0.346680 0.420898 0.353516 0.420898 0.350586 0.416016
0 0.802734 0.341797 0.804688 0.347656 0.813477 0.348633 0.811523 0.343750
0 0.966797 0.409180 0.965820 0.414062 0.971680 0.419922 0.971680 0.413086 0.969727 0.409180
0 0.606445 0.968750 0.597656 0.969727 0.593750 0.973633 0.594727 0.976562 0.603516 0.974609
0 0.552734 0.022461 0.549805 0.022461 0.546875 0.026367 0.546875 0.036133 0.549805 0.036133 0.552734 0.032227
0 0.758789 0.488281 0.756836 0.487305 0.751953 0.491211 0.750977 0.499023 0.757812 0.495117
0 0.367188 0.656250 0.369141 0.660156 0.376953 0.660156 0.374023 0.656250
0 0.570312 0.821289 0.567383 0.822266 0.567383 0.830078 0.570312 0.828125
0 0.612305 0.259766 0.618164 0.260742 0.624023 0.257812 0.624023 0.254883 0.616211 0.254883 0.612305 0.256836
0 0.240234 0.829102 0.238281 0.837891 0.242188 0.839844 0.244141 0.833008
0 0.813477 0.604492 0.806641 0.608398 0.805664 0.613281 0.812500 0.609375
0 0.883789 0.315430 0.878906 0.316406 0.876953 0.325195 0.882812 0.322266
0 0.249023 0.550781 0.254883 0.551758 0.260742 0.546875 0.253906 0.545898
0 0.818359 0.981445 0.813477 0.984375 0.813477 0.992188 0.818359 0.988281
0 0.748047 0.574219 0.744141 0.577148 0.747070 0.586914 0.750000 0.582031
0 0.476562 0.541016 0.478516 0.544922 0.486328 0.544922 0.483398 0.541016
0 0.108398 0.186523 0.113281 0.190430 0.118164 0.189453 0.113281 0.184570
0 0.014648 0.413086 0.016602 0.416992 0.023438 0.417969 0.021484 0.414062
0 0.432617 0.822266 0.431641 0.825195 0.434570 0.831055 0.440430 0.833008 0.438477 0.825195
0 0.407227 0.073242 0.400391 0.077148 0.399414 0.083008 0.405273 0.081055
0 0.268555 0.971680 0.262695 0.972656 0.260742 0.978516 0.265625 0.977539
0 0.583008 0.692383 0.579102 0.690430 0.574219 0.692383 0.574219 0.694336 0.580078 0.695312
0 0.477539 0.856445 0.476562 0.860352 0.484375 0.864258 0.485352 0.861328
0 0.060547 0.775391 0.063477 0.782227 0.072266 0.784180 0.068359 0.777344
0 0.727539 0.365234 0.733398 0.369141 0.740234 0.367188 0.737305 0.363281 0.729492 0.363281
0 0.544922 0.780273 0.541992 0.780273 0.540039 0.783203 0.541016 0.792969 0.544922 0.790039
0 0.788086 0.688477 0.787109 0.693359 0.791016 0.699219 0.792969 0.694336 0.791016 0.689453
0 0.209961 0.713867 0.213867 0.719727 0.218750 0.720703 0.217773 0.714844
0 0.812500 0.745117 0.807617 0.748047 0.806641 0.753906 0.813477 0.750000
0 0.280273 0.674805 0.280273 0.678711 0.290039 0.679688 0.287109 0.675781
0 0.859375 0.397461 0.857422 0.399414 0.859375 0.406250 0.863281 0.410156 0.867188 0.410156 0.865234 0.401367
0 0.866211 0.373047 0.868164 0.377930 0.876953 0.378906 0.874023 0.374023
0 0.176758 0.007812 0.176758 0.015625 0.180664 0.017578 0.181641 0.010742
0 0.347656 0.495117 0.344727 0.495117 0.342773 0.499023 0.344727 0.504883
0 0.668945 0.232422 0.666016 0.232422 0.664062 0.236328 0.665039 0.245117 0.668945 0.242188
0 0.465820 0.352539 0.459961 0.353516 0.457031 0.359375 0.464844 0.357422
0 0.949219 0.944336 0.952148 0.948242 0.958984 0.949219 0.956055 0.943359
0 0.635742 0.831055 0.630859 0.831055 0.626953 0.837891 0.634766 0.834961
0 0.885742 0.709961 0.888672 0.713867 0.897461 0.713867 0.894531 0.709961
0 0.838867 0.009766 0.842773 0.015625 0.848633 0.016602 0.845703 0.010742
0 0.859375 0.641602 0.859375 0.649414 0.863281 0.651367 0.863281 0.642578
0 0.851562 0.034180 0.847656 0.034180 0.844727 0.037109 0.843750 0.042969 0.850586 0.039062
0 0.806641 0.025391 0.806641 0.034180 0.809570 0.035156 0.809570 0.027344