0 0.482422 0.839844 0.478516 0.843750 0.479492 0.851562 0.483398 0.849609
0 0.512695 0.211914 0.516602 0.215820 0.523438 0.214844 0.518555 0.209961
0 0.216797 0.892578 0.215820 0.901367 0.219727 0.903320 0.220703 0.896484
0 0.223633 0.391602 0.233398 0.393555 0.236328 0.389648 0.229492 0.387695
0 0.614258 0.830078 0.609375 0.830078 0.606445 0.837891 0.612305 0.835938
0 0.105469 0.296875 0.105469 0.299805 0.109375 0.301758 0.118164 0.300781 0.118164 0.297852 0.114258 0.295898
0 0.774414 0.958984 0.779297 0.966797 0.783203 0.967773 0.785156 0.965820 0.781250 0.959961
0 0.771484 0.375000 0.764648 0.378906 0.763672 0.384766 0.770508 0.380859
0 0.831055 0.361328 0.832031 0.367188 0.837891 0.369141 0.835938 0.363281
0 0.276367 0.572266 0.269531 0.576172 0.270508 0.580078 0.276367 0.577148
0 0.652344 0.965820 0.645508 0.969727 0.645508 0.974609 0.651367 0.971680
0 0.710938 0.786133 0.707031 0.787109 0.707031 0.795898 0.710938 0.792969
0 0.095703 0.252930 0.088867 0.252930 0.084961 0.256836 0.090820 0.257812
0 0.512695 0.726562 0.513672 0.729492 0.522461 0.727539 0.522461 0.725586 0.517578 0.724609
0 0.612305 0.682617 0.613281 0.685547 0.622070 0.684570 0.620117 0.681641
0 0.739258 0.717773 0.741211 0.721680 0.748047 0.721680 0.750000 0.719727 0.746094 0.716797
0 0.148438 0.051758 0.150391 0.061523 0.156250 0.063477 0.156250 0.056641 0.151367 0.051758
0 0.975586 0.514648 0.979492 0.519531 0.986328 0.520508 0.982422 0.513672 0.977539 0.512695
0 0.564453 0.379883 0.566406 0.385742 0.572266 0.386719 0.568359 0.379883
0 0.459961 0.709961 0.458984 0.716797 0.462891 0.721680 0.463867 0.711914
0 0.524414 0.353516 0.523438 0.355469 0.526367 0.360352 0.531250 0.361328 0.530273 0.356445
0 0.745117 0.009766 0.742188 0.009766 0.740234 0.012695 0.740234 0.019531 0.743164 0.023438 0.746094 0.018555
0 0.988281 0.649414 0.980469 0.650391 0.977539 0.655273 0.986328 0.654297
0 0.952148 0.097656 0.953125 0.101562 0.962891 0.100586 0.959961 0.097656
0 0.507812 0.229492 0.512695 0.230469 0.517578 0.226562 0.509766 0.225586
0 0.113281 0.400391 0.114258 0.405273 0.121094 0.409180 0.122070 0.405273 0.118164 0.401367
0 0.141602 0.284180 0.143555 0.287109 0.152344 0.288086 0.147461 0.283203
0 0.336914 0.888672 0.336914 0.895508 0.342773 0.900391 0.342773 0.892578 0.339844 0.888672
0 0.640625 0.477539 0.640625 0.480469 0.643555 0.482422 0.652344 0.482422 0.645508 0.476562
0 0.938477 0.635742 0.930664 0.639648 0.930664 0.645508 0.938477 0.640625
0 0.060547 0.792969 0.063477 0.799805 0.072266 0.801758 0.069336 0.794922 0.063477 0.791992
0 0.601562 0.739258 0.596680 0.737305 0.591797 0.739258 0.591797 0.741211 0.599609 0.742188
0 0.533203 0.692383 0.528320 0.697266 0.529297 0.705078 0.534180 0.697266
0 0.237305 0.827148 0.229492 0.829102 0.227539 0.833984 0.233398 0.833984
0 0.723633 0.807617 0.719727 0.808594 0.717773 0.817383 0.723633 0.813477
0 0.166016 0.906250 0.163086 0.909180 0.164062 0.918945 0.166016 0.918945 0.167969 0.907227
0 0.161133 0.780273 0.156250 0.782227 0.155273 0.791016 0.161133 0.786133
0 0.158203 0.922852 0.156250 0.925781 0.159180 0.932617 0.162109 0.932617 0.162109 0.927734
0 0.194336 0.122070 0.200195 0.125977 0.208008 0.124023 0.208984 0.120117 0.197266 0.119141
0 0.973633 0.088867 0.975586 0.097656 0.981445 0.100586 0.980469 0.092773 0.977539 0.088867
0 0.968750 0.017578 0.966797 0.024414 0.970703 0.030273 0.972656 0.020508
0 0.757812 0.017578 0.756836 0.027344 0.760742 0.030273 0.761719 0.021484
0 0.598633 0.202148 0.593750 0.206055 0.593750 0.212891 0.599609 0.207031