0 0.823242 0.179688 0.825195 0.187500 0.832031 0.190430 0.831055 0.183594
0 0.597656 0.074219 0.594727 0.074219 0.592773 0.079102 0.595703 0.087891 0.598633 0.083984
0 0.661133 0.198242 0.654297 0.198242 0.651367 0.202148 0.659180 0.202148
0 0.297852 0.823242 0.299805 0.830078 0.306641 0.833008 0.306641 0.827148 0.301758 0.823242
0 0.693359 0.747070 0.694336 0.755859 0.698242 0.759766 0.701172 0.758789 0.699219 0.750000
0 0.762695 0.211914 0.766602 0.214844 0.773438 0.212891 0.771484 0.209961
0 0.066406 0.178711 0.066406 0.188477 0.069336 0.190430 0.071289 0.189453 0.071289 0.181641 0.069336 0.178711
0 0.288086 0.140625 0.291016 0.146484 0.297852 0.147461 0.294922 0.141602
0 0.698242 0.789062 0.697266 0.798828 0.702148 0.801758 0.703125 0.794922 0.701172 0.790039
0 0.459961 0.549805 0.455078 0.549805 0.451172 0.555664 0.457031 0.554688
0 0.852539 0.070312 0.848633 0.071289 0.846680 0.078125 0.851562 0.076172
0 0.913086 0.250000 0.911133 0.257812 0.913086 0.263672 0.916016 0.264648 0.917969 0.254883 0.916016 0.250000
0 0.604492 0.597656 0.607422 0.601562 0.615234 0.600586 0.612305 0.596680
0 0.009766 0.472656 0.008789 0.483398 0.013672 0.487305 0.014648 0.478516 0.011719 0.472656
0 0.941406 0.736328 0.937500 0.741211 0.938477 0.750000 0.943359 0.745117
0 0.227539 0.877930 0.223633 0.877930 0.219727 0.884766 0.226562 0.882812
0 0.286133 0.224609 0.280273 0.225586 0.277344 0.235352 0.284180 0.231445
0 0.242188 0.843750 0.241211 0.849609 0.245117 0.853516 0.246094 0.847656
0 0.262695 0.716797 0.257812 0.711914 0.251953 0.713867 0.255859 0.717773
0 0.850586 0.843750 0.847656 0.844727 0.848633 0.853516 0.851562 0.850586
0 0.265625 0.653320 0.269531 0.659180 0.275391 0.659180 0.271484 0.653320
0 0.679688 0.758789 0.680664 0.765625 0.687500 0.768555 0.685547 0.761719
0 0.971680 0.436523 0.966797 0.436523 0.961914 0.444336 0.968750 0.442383
0 0.737305 0.416992 0.736328 0.420898 0.740234 0.425781 0.741211 0.420898
0 0.316406 0.949219 0.316406 0.955078 0.322266 0.960938 0.323242 0.954102 0.319336 0.949219
0 0.339844 0.954102 0.334961 0.953125 0.331055 0.955078 0.329102 0.959961 0.336914 0.958984
0 0.474609 0.779297 0.474609 0.782227 0.477539 0.784180 0.484375 0.783203 0.481445 0.780273
0 0.114258 0.044922 0.116211 0.048828 0.124023 0.049805 0.121094 0.044922
0 0.476562 0.713867 0.471680 0.713867 0.468750 0.719727 0.475586 0.717773
0 0.037109 0.620117 0.029297 0.621094 0.026367 0.626953 0.034180 0.625977
0 0.410156 0.038086 0.406250 0.039062 0.405273 0.046875 0.410156 0.044922
0 0.531250 0.581055 0.523438 0.582031 0.521484 0.585938 0.525391 0.586914
0 0.973633 0.302734 0.975586 0.306641 0.983398 0.307617 0.982422 0.303711
0 0.151367 0.087891 0.154297 0.092773 0.162109 0.094727 0.162109 0.091797 0.156250 0.086914
0 0.819336 0.142578 0.816406 0.144531 0.818359 0.152344 0.820312 0.150391
0 0.649414 0.308594 0.641602 0.309570 0.638672 0.315430 0.647461 0.313477
0 0.951172 0.218750 0.950195 0.225586 0.955078 0.231445 0.956055 0.221680 0.954102 0.218750
0 0.698242 0.361328 0.692383 0.364258 0.692383 0.368164 0.697266 0.366211
0 0.209961 0.101562 0.209961 0.104492 0.219727 0.104492 0.218750 0.100586
0 0.123047 0.894531 0.120117 0.895508 0.119141 0.900391 0.122070 0.907227 0.125000 0.902344
0 0.444336 0.572266 0.443359 0.579102 0.449219 0.584961 0.450195 0.577148 0.447266 0.572266
0 0.558594 0.699219 0.556641 0.704102 0.560547 0.710938 0.562500 0.703125
0 0.699219 0.126953 0.696289 0.127930 0.698242 0.138672 0.700195 0.136719
0 0.880859 0.494141 0.875000 0.493164 0.868164 0.498047 0.877930 0.499023
0 0.657227 0.056641 0.658203 0.060547 0.666992 0.058594 0.666016 0.056641
0 0.719727 0.456055 0.720703 0.459961 0.729492 0.460938 0.727539 0.457031
0 0.183594 0.313477 0.179688 0.316406 0.181641 0.327148 0.184570 0.323242
0 0.493164 0.435547 0.494141 0.437500 0.502930 0.436523 0.502930 0.433594 0.497070 0.432617
0 0.748047 0.158203 0.742188 0.159180 0.739258 0.166016 0.746094 0.164062
0 0.471680 0.632812 0.469727 0.639648 0.473633 0.644531 0.474609 0.636719
0 0.503906 0.546875 0.505859 0.550781 0.514648 0.549805 0.511719 0.545898
0 0.113281 0.107422 0.110352 0.109375 0.111328 0.117188 0.114258 0.115234
0 0.798828 0.887695 0.799805 0.894531 0.804688 0.897461 0.806641 0.896484 0.805664 0.891602
0 0.470703 0.320312 0.471680 0.329102 0.475586 0.332031 0.475586 0.323242 0.473633 0.320312
0 0.824219 0.824219 0.823242 0.831055 0.826172 0.836914 0.828125 0.836914 0.829102 0.829102 0.827148 0.824219
0 0.265625 0.618164 0.270508 0.623047 0.275391 0.624023 0.280273 0.621094 0.274414 0.617188
0 0.103516 0.834961 0.101562 0.846680 0.105469 0.848633 0.107422 0.838867
0 0.018555 0.313477 0.023438 0.319336 0.029297 0.318359 0.025391 0.313477
0 0.675781 0.512695 0.669922 0.516602 0.668945 0.526367 0.674805 0.521484
0 0.681641 0.685547 0.682617 0.689453 0.693359 0.688477 0.689453 0.684570
0 0.384766 0.383789 0.387695 0.388672 0.395508 0.389648 0.391602 0.383789
0 0.227539 0.914062 0.230469 0.916992 0.238281 0.916016 0.236328 0.913086
0 0.175781 0.908203 0.172852 0.913086 0.174805 0.918945 0.177734 0.916992 0.177734 0.910156
0 0.024414 0.202148 0.018555 0.202148 0.013672 0.207031 0.013672 0.209961 0.021484 0.208008
0 0.497070 0.723633 0.492188 0.726562 0.492188 0.734375 0.497070 0.729492
0 0.624023 0.425781 0.622070 0.431641 0.626953 0.436523 0.626953 0.428711
0 0.113281 0.750977 0.112305 0.755859 0.115234 0.761719 0.117188 0.753906
0 0.319336 0.413086 0.315430 0.412109 0.309570 0.417969 0.316406 0.417969 0.319336 0.416016
0 0.258789 0.462891 0.258789 0.467773 0.266602 0.471680 0.264648 0.464844
0 0.801758 0.133789 0.792969 0.136719 0.791992 0.140625 0.798828 0.139648
0 0.561523 0.972656 0.564453 0.977539 0.572266 0.977539 0.570312 0.973633