0 0.455078 0.485352 0.456055 0.488281 0.466797 0.486328 0.464844 0.482422
0 0.517578 0.706055 0.513672 0.708008 0.512695 0.714844 0.517578 0.711914
0 0.278320 0.751953 0.282227 0.756836 0.289062 0.757812 0.286133 0.751953
0 0.162109 0.224609 0.156250 0.224609 0.151367 0.233398 0.159180 0.230469
0 0.206055 0.634766 0.208008 0.642578 0.212891 0.645508 0.212891 0.639648
0 0.954102 0.148438 0.958984 0.151367 0.962891 0.149414 0.960938 0.146484
0 0.125977 0.491211 0.125977 0.500000 0.128906 0.500977 0.128906 0.493164
0 0.155273 0.605469 0.151367 0.607422 0.151367 0.617188 0.156250 0.610352
0 0.727539 0.905273 0.731445 0.912109 0.735352 0.912109 0.732422 0.905273
0 0.644531 0.611328 0.648438 0.615234 0.656250 0.612305 0.650391 0.609375
0 0.696289 0.953125 0.698242 0.957031 0.707031 0.958984 0.706055 0.954102
0 0.945312 0.333984 0.937500 0.333984 0.935547 0.337891 0.943359 0.337891
0 0.909180 0.551758 0.904297 0.554688 0.904297 0.560547 0.908203 0.558594
0 0.069336 0.607422 0.065430 0.609375 0.065430 0.616211 0.069336 0.615234
0 0.844727 0.827148 0.848633 0.833984 0.854492 0.834961 0.852539 0.829102
0 0.711914 0.630859 0.706055 0.630859 0.703125 0.636719 0.708984 0.635742
0 0.842773 0.054688 0.839844 0.052734 0.834961 0.053711 0.832031 0.058594 0.838867 0.058594
0 0.800781 0.653320 0.793945 0.653320 0.790039 0.659180 0.797852 0.658203
0 0.356445 0.413086 0.352539 0.416992 0.352539 0.423828 0.357422 0.420898
0 0.317383 0.175781 0.316406 0.180664 0.319336 0.185547 0.320312 0.177734
0 0.560547 0.209961 0.562500 0.217773 0.567383 0.219727 0.565430 0.210938
0 0.441406 0.511719 0.440430 0.518555 0.444336 0.523438 0.447266 0.523438 0.446289 0.516602
0 0.982422 0.645508 0.982422 0.651367 0.987305 0.657227 0.988281 0.651367
0 0.352539 0.371094 0.352539 0.376953 0.357422 0.380859 0.357422 0.375977
0 0.531250 0.260742 0.526367 0.264648 0.526367 0.271484 0.528320 0.273438 0.532227 0.267578
0 0.657227 0.353516 0.653320 0.356445 0.653320 0.363281 0.658203 0.359375