0 0.070312 0.357422 0.064453 0.356445 0.060547 0.361328 0.066406 0.361328
0 0.502930 0.863281 0.501953 0.871094 0.503906 0.874023 0.506836 0.874023 0.505859 0.865234
0 0.250977 0.123047 0.246094 0.124023 0.244141 0.132812 0.250000 0.129883
0 0.457031 0.384766 0.452148 0.389648 0.454102 0.401367 0.458984 0.396484
0 0.929688 0.140625 0.924805 0.143555 0.924805 0.151367 0.927734 0.151367 0.929688 0.147461
0 0.097656 0.514648 0.092773 0.516602 0.091797 0.525391 0.097656 0.521484
0 0.458008 0.679688 0.459961 0.683594 0.465820 0.682617 0.463867 0.679688
0 0.653320 0.794922 0.645508 0.798828 0.644531 0.806641 0.648438 0.806641 0.651367 0.803711
0 0.817383 0.064453 0.817383 0.067383 0.823242 0.070312 0.830078 0.068359 0.826172 0.064453
0 0.043945 0.782227 0.044922 0.786133 0.053711 0.787109 0.052734 0.783203
0 0.163086 0.280273 0.164062 0.282227 0.171875 0.281250 0.171875 0.279297
0 0.815430 0.354492 0.812500 0.354492 0.809570 0.358398 0.809570 0.367188 0.812500 0.367188 0.815430 0.362305
0 0.130859 0.549805 0.125977 0.548828 0.121094 0.555664 0.122070 0.557617 0.127930 0.555664
0 0.766602 0.577148 0.762695 0.578125 0.761719 0.583984 0.763672 0.586914 0.767578 0.581055
0 0.251953 0.106445 0.259766 0.107422 0.264648 0.105469 0.264648 0.103516 0.254883 0.102539
0 0.796875 0.421875 0.797852 0.428711 0.806641 0.432617 0.805664 0.426758
0 0.399414 0.301758 0.394531 0.303711 0.394531 0.313477 0.399414 0.309570
0 0.533203 0.970703 0.529297 0.977539 0.532227 0.986328 0.535156 0.981445
0 0.961914 0.541016 0.969727 0.541016 0.973633 0.537109 0.966797 0.535156 0.961914 0.538086
0 0.298828 0.143555 0.300781 0.147461 0.307617 0.148438 0.304688 0.143555
0 0.305664 0.710938 0.302734 0.713867 0.302734 0.721680 0.307617 0.713867
0 0.752930 0.597656 0.754883 0.600586 0.761719 0.601562 0.759766 0.596680
0 0.532227 0.810547 0.527344 0.810547 0.524414 0.816406 0.530273 0.815430
0 0.178711 0.620117 0.174805 0.622070 0.174805 0.629883 0.178711 0.626953
0 0.861328 0.042969 0.857422 0.045898 0.857422 0.053711 0.860352 0.053711 0.862305 0.048828
0 0.958008 0.042969 0.964844 0.044922 0.970703 0.042969 0.971680 0.040039 0.962891 0.038086
0 0.516602 0.130859 0.510742 0.130859 0.507812 0.135742 0.514648 0.134766
0 0.641602 0.820312 0.644531 0.823242 0.653320 0.822266 0.651367 0.818359
0 0.097656 0.697266 0.098633 0.699219 0.105469 0.700195 0.110352 0.696289 0.108398 0.694336 0.101562 0.694336
0 0.135742 0.744141 0.135742 0.749023 0.141602 0.752930 0.140625 0.747070
0 0.378906 0.229492 0.378906 0.236328 0.382812 0.240234 0.384766 0.237305 0.383789 0.232422
0 0.781250 0.833984 0.778320 0.833984 0.776367 0.836914 0.777344 0.844727 0.781250 0.839844
0 0.606445 0.842773 0.602539 0.842773 0.599609 0.845703 0.599609 0.851562 0.604492 0.848633
0 0.151367 0.085938 0.149414 0.085938 0.147461 0.093750 0.151367 0.091797
0 0.695312 0.315430 0.687500 0.315430 0.684570 0.320312 0.689453 0.321289
0 0.405273 0.955078 0.398438 0.957031 0.395508 0.964844 0.401367 0.963867 0.405273 0.958984
0 0.207031 0.053711 0.211914 0.057617 0.218750 0.056641 0.218750 0.053711 0.213867 0.051758
0 0.234375 0.224609 0.235352 0.228516 0.239258 0.230469 0.247070 0.228516 0.242188 0.223633
0 0.032227 0.918945 0.025391 0.922852 0.025391 0.927734 0.031250 0.924805
0 0.460938 0.016602 0.455078 0.019531 0.454102 0.024414 0.458984 0.023438 0.461914 0.018555
0 0.350586 0.247070 0.352539 0.250977 0.360352 0.251953 0.359375 0.248047
0 0.393555 0.926758 0.389648 0.926758 0.385742 0.933594 0.390625 0.932617
0 0.880859 0.695312 0.875000 0.694336 0.870117 0.698242 0.869141 0.702148 0.878906 0.700195
0 0.855469 0.956055 0.852539 0.956055 0.850586 0.958984 0.851562 0.965820 0.855469 0.960938
0 0.708008 0.662109 0.709961 0.664062 0.717773 0.663086 0.716797 0.660156
0 0.533203 0.873047 0.534180 0.878906 0.541992 0.882812 0.540039 0.875977
0 0.053711 0.119141 0.048828 0.117188 0.043945 0.122070 0.051758 0.122070
0 0.063477 0.502930 0.058594 0.501953 0.051758 0.508789 0.060547 0.507812
0 0.299805 0.286133 0.297852 0.284180 0.292969 0.286133 0.290039 0.293945 0.296875 0.291992
0 0.806641 0.092773 0.800781 0.091797 0.794922 0.097656 0.803711 0.097656
0 0.232422 0.338867 0.233398 0.343750 0.240234 0.346680 0.238281 0.340820
0 0.064453 0.176758 0.058594 0.177734 0.054688 0.183594 0.062500 0.182617
0 0.971680 0.015625 0.972656 0.020508 0.979492 0.024414 0.979492 0.019531 0.975586 0.015625
0 0.465820 0.704102 0.469727 0.708008 0.479492 0.706055 0.479492 0.703125 0.474609 0.701172
0 0.473633 0.743164 0.466797 0.746094 0.465820 0.751953 0.471680 0.749023
0 0.295898 0.684570 0.294922 0.694336 0.297852 0.696289 0.299805 0.687500 0.298828 0.684570
0 0.774414 0.228516 0.769531 0.232422 0.770508 0.236328 0.773438 0.236328
0 0.051758 0.698242 0.050781 0.706055 0.054688 0.708984 0.055664 0.702148
0 0.491211 0.181641 0.498047 0.181641 0.501953 0.177734 0.494141 0.176758
0 0.824219 0.877930 0.832031 0.878906 0.837891 0.875000 0.830078 0.873047
0 0.468750 0.238281 0.464844 0.240234 0.464844 0.248047 0.468750 0.244141
0 0.616211 0.441406 0.615234 0.446289 0.619141 0.452148 0.621094 0.447266 0.619141 0.442383
0 0.991211 0.326172 0.988281 0.326172 0.986328 0.329102 0.988281 0.337891 0.991211 0.335938
0 0.848633 0.439453 0.843750 0.441406 0.841797 0.451172 0.846680 0.449219
0 0.337891 0.478516 0.333008 0.479492 0.330078 0.488281 0.336914 0.484375
0 0.569336 0.166016 0.571289 0.170898 0.578125 0.170898 0.576172 0.166992
0 0.427734 0.256836 0.422852 0.258789 0.421875 0.263672 0.427734 0.261719