0 0.396484 0.309570 0.400391 0.315430 0.406250 0.315430 0.404297 0.310547
0 0.579102 0.979492 0.573242 0.981445 0.571289 0.989258 0.578125 0.985352
0 0.078125 0.442383 0.073242 0.444336 0.070312 0.452148 0.078125 0.448242
0 0.556641 0.016602 0.559570 0.020508 0.568359 0.020508 0.566406 0.016602
0 0.871094 0.968750 0.867188 0.971680 0.867188 0.979492 0.872070 0.975586
0 0.789062 0.129883 0.779297 0.131836 0.778320 0.134766 0.787109 0.134766
0 0.611328 0.821289 0.612305 0.827148 0.619141 0.831055 0.618164 0.824219
0 0.494141 0.141602 0.487305 0.143555 0.485352 0.149414 0.491211 0.148438 0.494141 0.145508
0 0.036133 0.715820 0.039062 0.718750 0.045898 0.717773 0.043945 0.714844
0 0.222656 0.971680 0.227539 0.974609 0.233398 0.973633 0.228516 0.969727
0 0.345703 0.926758 0.348633 0.929688 0.355469 0.929688 0.354492 0.925781
0 0.922852 0.287109 0.925781 0.291016 0.934570 0.289062 0.933594 0.286133 0.929688 0.285156
0 0.833984 0.867188 0.832031 0.866211 0.827148 0.870117 0.826172 0.875977 0.832031 0.874023
0 0.533203 0.928711 0.532227 0.934570 0.537109 0.939453 0.537109 0.932617
0 0.339844 0.617188 0.338867 0.622070 0.343750 0.625977 0.343750 0.621094
0 0.039062 0.700195 0.040039 0.703125 0.048828 0.703125 0.046875 0.699219
0 0.658203 0.017578 0.653320 0.020508 0.651367 0.028320 0.654297 0.028320 0.659180 0.022461
0 0.449219 0.076172 0.452148 0.081055 0.458984 0.082031 0.457031 0.077148
0 0.639648 0.515625 0.636719 0.520508 0.636719 0.528320 0.639648 0.532227 0.642578 0.526367
0 0.565430 0.176758 0.560547 0.178711 0.558594 0.185547 0.564453 0.182617
0 0.130859 0.650391 0.133789 0.656250 0.139648 0.657227 0.138672 0.652344
0 0.779297 0.105469 0.779297 0.112305 0.783203 0.116211 0.783203 0.107422
0 0.954102 0.139648 0.949219 0.142578 0.948242 0.152344 0.954102 0.146484
0 0.097656 0.286133 0.100586 0.291992 0.104492 0.293945 0.109375 0.292969 0.104492 0.286133
0 0.812500 0.328125 0.807617 0.326172 0.802734 0.329102 0.808594 0.331055
0 0.439453 0.310547 0.439453 0.316406 0.442383 0.320312 0.446289 0.321289 0.445312 0.313477
0 0.290039 0.015625 0.291992 0.020508 0.296875 0.021484 0.295898 0.017578
0 0.629883 0.835938 0.630859 0.839844 0.639648 0.839844 0.634766 0.835938
0 0.883789 0.012695 0.886719 0.017578 0.893555 0.018555 0.891602 0.013672
0 0.093750 0.058594 0.091797 0.066406 0.092773 0.069336 0.095703 0.069336 0.096680 0.061523
0 0.438477 0.350586 0.440430 0.355469 0.447266 0.356445 0.444336 0.351562
0 0.014648 0.555664 0.006836 0.557617 0.005859 0.561523 0.012695 0.560547
0 0.866211 0.885742 0.873047 0.887695 0.878906 0.885742 0.879883 0.882812 0.871094 0.880859
0 0.726562 0.677734 0.725586 0.681641 0.731445 0.688477 0.731445 0.681641
0 0.849609 0.212891 0.844727 0.214844 0.844727 0.224609 0.847656 0.224609 0.849609 0.220703
0 0.530273 0.222656 0.532227 0.225586 0.541016 0.223633 0.538086 0.220703
0 0.398438 0.100586 0.394531 0.102539 0.393555 0.109375 0.397461 0.107422
0 0.500000 0.488281 0.502930 0.491211 0.511719 0.490234 0.509766 0.486328
0 0.756836 0.014648 0.750977 0.014648 0.748047 0.019531 0.754883 0.018555
0 0.511719 0.008789 0.511719 0.010742 0.517578 0.013672 0.523438 0.011719 0.520508 0.007812
0 0.741211 0.728516 0.737305 0.733398 0.738281 0.741211 0.741211 0.741211 0.743164 0.738281
0 0.896484 0.754883 0.891602 0.755859 0.890625 0.762695 0.895508 0.758789
0 0.519531 0.359375 0.512695 0.358398 0.507812 0.361328 0.507812 0.364258 0.517578 0.363281
0 0.565430 0.780273 0.560547 0.778320 0.555664 0.780273 0.555664 0.782227 0.561523 0.783203