0 0.217773 0.254883 0.219727 0.265625 0.221680 0.256836
0 0.633789 0.587891 0.638672 0.592773 0.645508 0.592773 0.642578 0.587891
0 0.768555 0.703125 0.772461 0.708984 0.778320 0.709961 0.777344 0.705078
0 0.772461 0.395508 0.777344 0.395508 0.780273 0.391602 0.774414 0.391602
0 0.082031 0.700195 0.087891 0.706055 0.095703 0.705078 0.089844 0.699219 0.084961 0.698242
0 0.943359 0.656250 0.940430 0.659180 0.941406 0.665039 0.944336 0.663086
0 0.677734 0.744141 0.682617 0.749023 0.691406 0.748047 0.686523 0.743164
0 0.951172 0.525391 0.958008 0.526367 0.963867 0.522461 0.955078 0.520508 0.951172 0.522461
0 0.713867 0.425781 0.713867 0.433594 0.717773 0.435547 0.717773 0.428711
0 0.178711 0.479492 0.174805 0.480469 0.172852 0.491211 0.177734 0.489258
0 0.617188 0.008789 0.621094 0.012695 0.625977 0.011719 0.623047 0.007812
0 0.064453 0.220703 0.066406 0.222656 0.074219 0.222656 0.078125 0.217773 0.069336 0.216797
0 0.730469 0.940430 0.726562 0.943359 0.726562 0.950195 0.729492 0.950195 0.731445 0.946289
0 0.209961 0.707031 0.212891 0.709961 0.218750 0.708984 0.217773 0.706055
0 0.083008 0.390625 0.076172 0.392578 0.072266 0.397461 0.078125 0.398438 0.083008 0.393555
0 0.407227 0.403320 0.401367 0.407227 0.401367 0.413086 0.406250 0.411133
0 0.450195 0.337891 0.445312 0.335938 0.440430 0.338867 0.448242 0.340820
0 0.976562 0.545898 0.978516 0.549805 0.986328 0.548828 0.986328 0.546875 0.980469 0.544922
0 0.919922 0.525391 0.914062 0.526367 0.913086 0.529297 0.917969 0.529297
0 0.304688 0.624023 0.306641 0.631836 0.311523 0.632812 0.309570 0.625000
0 0.745117 0.889648 0.743164 0.897461 0.747070 0.904297 0.749023 0.902344 0.749023 0.894531 0.747070 0.889648
0 0.964844 0.637695 0.966797 0.642578 0.975586 0.644531 0.971680 0.637695
0 0.748047 0.460938 0.745117 0.460938 0.743164 0.464844 0.745117 0.471680 0.749023 0.465820
0 0.521484 0.729492 0.522461 0.733398 0.532227 0.734375 0.528320 0.729492
0 0.745117 0.011719 0.738281 0.012695 0.734375 0.018555 0.742188 0.017578
0 0.953125 0.778320 0.949219 0.780273 0.949219 0.787109 0.952148 0.791992 0.955078 0.787109
0 0.535156 0.930664 0.541992 0.931641 0.545898 0.926758 0.539062 0.926758
0 0.724609 0.015625 0.720703 0.020508 0.721680 0.025391 0.725586 0.023438
0 0.913086 0.355469 0.915039 0.358398 0.922852 0.357422 0.919922 0.353516
0 0.279297 0.073242 0.280273 0.077148 0.288086 0.078125 0.286133 0.074219
0 0.629883 0.513672 0.633789 0.518555 0.637695 0.519531 0.636719 0.514648
0 0.325195 0.654297 0.320312 0.661133 0.323242 0.669922 0.326172 0.665039
0 0.198242 0.830078 0.200195 0.840820 0.202148 0.834961 0.201172 0.831055
0 0.180664 0.646484 0.176758 0.646484 0.171875 0.654297 0.178711 0.652344
0 0.783203 0.955078 0.782227 0.959961 0.786133 0.965820 0.787109 0.958008
0 0.212891 0.298828 0.215820 0.307617 0.218750 0.307617 0.217773 0.300781
0 0.893555 0.347656 0.892578 0.354492 0.896484 0.359375 0.898438 0.352539
0 0.244141 0.718750 0.245117 0.722656 0.255859 0.724609 0.255859 0.721680 0.250977 0.717773
0 0.648438 0.073242 0.647461 0.078125 0.652344 0.085938 0.653320 0.078125
0 0.418945 0.733398 0.413086 0.736328 0.411133 0.744141 0.418945 0.739258
0 0.459961 0.115234 0.464844 0.120117 0.471680 0.120117 0.467773 0.114258
0 0.381836 0.580078 0.378906 0.580078 0.374023 0.584961 0.373047 0.590820 0.379883 0.588867
0 0.796875 0.765625 0.795898 0.771484 0.799805 0.776367 0.800781 0.768555
0 0.294922 0.347656 0.294922 0.351562 0.297852 0.352539 0.306641 0.350586 0.304688 0.347656
0 0.919922 0.239258 0.919922 0.242188 0.924805 0.244141 0.930664 0.241211
0 0.783203 0.332031 0.783203 0.338867 0.791016 0.343750 0.790039 0.336914 0.787109 0.333008
0 0.143555 0.854492 0.140625 0.857422 0.142578 0.866211 0.145508 0.862305
0 0.666992 0.608398 0.664062 0.610352 0.665039 0.618164 0.667969 0.614258
0 0.625977 0.335938 0.625977 0.341797 0.631836 0.345703 0.630859 0.337891
0 0.774414 0.275391 0.777344 0.279297 0.788086 0.278320 0.788086 0.275391 0.783203 0.273438
0 0.795898 0.368164 0.795898 0.371094 0.798828 0.373047 0.807617 0.372070 0.802734 0.367188
0 0.012695 0.171875 0.010742 0.171875 0.008789 0.176758 0.009766 0.183594 0.013672 0.180664 0.014648 0.174805
0 0.446289 0.291992 0.449219 0.294922 0.458008 0.293945 0.456055 0.290039
0 0.193359 0.549805 0.188477 0.555664 0.189453 0.561523 0.192383 0.561523 0.194336 0.558594
0 0.044922 0.715820 0.039062 0.722656 0.041016 0.728516 0.044922 0.724609
0 0.486328 0.089844 0.490234 0.093750 0.497070 0.092773 0.492188 0.087891
0 0.918945 0.823242 0.917969 0.828125 0.921875 0.833984 0.922852 0.826172
0 0.930664 0.300781 0.925781 0.299805 0.920898 0.303711 0.926758 0.304688
0 0.963867 0.733398 0.962891 0.742188 0.965820 0.743164 0.966797 0.734375
0 0.558594 0.833984 0.557617 0.840820 0.558594 0.843750 0.561523 0.843750 0.562500 0.837891
0 0.371094 0.830078 0.362305 0.830078 0.359375 0.833984 0.362305 0.835938 0.367188 0.834961
0 0.777344 0.583008 0.777344 0.589844 0.783203 0.592773 0.782227 0.585938
0 0.066406 0.172852 0.061523 0.175781 0.061523 0.181641 0.065430 0.179688