0 0.590820 0.950195 0.583008 0.951172 0.580078 0.956055 0.584961 0.957031 0.588867 0.955078
0 0.117188 0.526367 0.120117 0.532227 0.125977 0.533203 0.122070 0.526367
0 0.429688 0.848633 0.433594 0.853516 0.440430 0.853516 0.437500 0.848633
0 0.336914 0.381836 0.329102 0.380859 0.324219 0.384766 0.324219 0.387695 0.333984 0.386719
0 0.418945 0.623047 0.417969 0.629883 0.419922 0.634766 0.422852 0.635742 0.423828 0.627930 0.421875 0.623047
0 0.749023 0.677734 0.742188 0.678711 0.740234 0.682617 0.746094 0.682617
0 0.564453 0.020508 0.564453 0.022461 0.571289 0.024414 0.576172 0.022461 0.570312 0.018555
0 0.638672 0.150391 0.638672 0.159180 0.642578 0.161133 0.642578 0.154297
0 0.430664 0.576172 0.426758 0.577148 0.425781 0.583984 0.430664 0.580078
0 0.792969 0.316406 0.794922 0.325195 0.798828 0.327148 0.798828 0.318359
0 0.596680 0.204102 0.600586 0.209961 0.606445 0.209961 0.604492 0.205078
0 0.367188 0.192383 0.368164 0.199219 0.373047 0.202148 0.372070 0.194336
0 0.809570 0.959961 0.805664 0.961914 0.804688 0.968750 0.808594 0.967773
0 0.520508 0.355469 0.519531 0.360352 0.529297 0.365234 0.530273 0.361328
0 0.017578 0.898438 0.017578 0.905273 0.022461 0.909180 0.022461 0.903320
0 0.223633 0.536133 0.218750 0.539062 0.217773 0.544922 0.219727 0.547852 0.223633 0.542969
0 0.426758 0.452148 0.427734 0.457031 0.433594 0.459961 0.432617 0.454102
0 0.877930 0.850586 0.871094 0.854492 0.871094 0.862305 0.876953 0.859375
0 0.625000 0.477539 0.619141 0.478516 0.615234 0.484375 0.621094 0.484375
0 0.778320 0.144531 0.780273 0.149414 0.787109 0.151367 0.784180 0.145508
0 0.665039 0.021484 0.667969 0.026367 0.674805 0.027344 0.673828 0.023438
0 0.673828 0.543945 0.677734 0.549805 0.683594 0.550781 0.680664 0.544922
0 0.603516 0.420898 0.605469 0.425781 0.612305 0.426758 0.611328 0.422852
0 0.552734 0.680664 0.559570 0.680664 0.562500 0.676758 0.555664 0.676758
0 0.760742 0.981445 0.770508 0.982422 0.774414 0.979492 0.761719 0.977539
0 0.906250 0.521484 0.901367 0.525391 0.902344 0.532227 0.906250 0.529297
0 0.193359 0.047852 0.187500 0.048828 0.184570 0.054688 0.192383 0.053711
0 0.239258 0.288086 0.238281 0.293945 0.240234 0.298828 0.242188 0.298828 0.243164 0.291016 0.242188 0.288086
0 0.207031 0.166992 0.208008 0.170898 0.215820 0.171875 0.213867 0.167969
0 0.874023 0.583008 0.869141 0.587891 0.870117 0.595703 0.875000 0.590820
0 0.143555 0.822266 0.145508 0.827148 0.153320 0.828125 0.150391 0.823242
0 0.371094 0.365234 0.373047 0.371094 0.379883 0.373047 0.375000 0.365234
0 0.669922 0.787109 0.669922 0.790039 0.672852 0.791992 0.681641 0.791992 0.674805 0.786133
0 0.752930 0.231445 0.753906 0.235352 0.764648 0.237305 0.762695 0.232422
0 0.807617 0.372070 0.799805 0.372070 0.796875 0.375977 0.806641 0.375977
0 0.830078 0.081055 0.831055 0.084961 0.837891 0.086914 0.835938 0.082031
0 0.358398 0.637695 0.351562 0.641602 0.350586 0.646484 0.358398 0.641602
0 0.515625 0.250000 0.511719 0.247070 0.506836 0.248047 0.504883 0.251953 0.508789 0.252930
0 0.297852 0.212891 0.297852 0.215820 0.300781 0.217773 0.307617 0.216797 0.306641 0.213867
0 0.709961 0.780273 0.704102 0.783203 0.702148 0.791992 0.708008 0.789062
0 0.935547 0.089844 0.937500 0.092773 0.946289 0.090820 0.944336 0.087891
0 0.778320 0.287109 0.779297 0.291992 0.785156 0.294922 0.785156 0.290039
0 0.264648 0.835938 0.257812 0.836914 0.255859 0.841797 0.261719 0.840820
0 0.067383 0.015625 0.073242 0.021484 0.079102 0.020508 0.072266 0.014648
0 0.702148 0.084961 0.699219 0.084961 0.697266 0.088867 0.698242 0.097656 0.702148 0.094727
0 0.725586 0.204102 0.718750 0.208008 0.718750 0.213867 0.724609 0.209961
0 0.612305 0.615234 0.613281 0.621094 0.618164 0.624023 0.618164 0.618164
0 0.459961 0.615234 0.463867 0.621094 0.469727 0.622070 0.466797 0.616211
0 0.072266 0.966797 0.073242 0.970703 0.083008 0.969727 0.079102 0.966797