0 0.682617 0.247070 0.690430 0.248047 0.693359 0.245117 0.692383 0.243164 0.685547 0.243164
0 0.122070 0.351562 0.125977 0.356445 0.132812 0.356445 0.129883 0.351562
0 0.951172 0.572266 0.954102 0.575195 0.961914 0.574219 0.960938 0.570312
0 0.651367 0.121094 0.647461 0.121094 0.642578 0.128906 0.647461 0.128906
0 0.977539 0.173828 0.969727 0.171875 0.961914 0.174805 0.961914 0.176758 0.971680 0.178711
0 0.664062 0.762695 0.666992 0.767578 0.676758 0.767578 0.671875 0.762695
0 0.864258 0.972656 0.867188 0.976562 0.875977 0.976562 0.872070 0.971680 0.867188 0.970703
0 0.779297 0.449219 0.783203 0.454102 0.791016 0.453125 0.788086 0.449219
0 0.084961 0.721680 0.082031 0.721680 0.080078 0.724609 0.081055 0.731445 0.084961 0.726562
0 0.125977 0.415039 0.120117 0.415039 0.117188 0.419922 0.124023 0.418945
0 0.348633 0.479492 0.347656 0.487305 0.351562 0.491211 0.352539 0.482422 0.351562 0.479492
0 0.252930 0.633789 0.249023 0.634766 0.247070 0.645508 0.251953 0.643555 0.253906 0.639648
0 0.085938 0.148438 0.085938 0.150391 0.093750 0.152344 0.093750 0.149414
0 0.469727 0.263672 0.469727 0.267578 0.472656 0.268555 0.481445 0.266602 0.481445 0.264648 0.476562 0.262695
0 0.181641 0.287109 0.183594 0.294922 0.188477 0.297852 0.188477 0.291016
0 0.857422 0.265625 0.859375 0.269531 0.869141 0.267578 0.865234 0.263672
0 0.398438 0.659180 0.399414 0.667969 0.406250 0.671875 0.405273 0.664062
0 0.228516 0.786133 0.225586 0.786133 0.223633 0.790039 0.223633 0.794922 0.226562 0.798828 0.229492 0.791992
0 0.711914 0.094727 0.711914 0.097656 0.714844 0.099609 0.721680 0.099609 0.719727 0.095703
0 0.802734 0.869141 0.805664 0.872070 0.813477 0.870117 0.811523 0.867188
0 0.822266 0.196289 0.815430 0.200195 0.814453 0.205078 0.817383 0.205078 0.822266 0.200195
0 0.272461 0.849609 0.268555 0.848633 0.262695 0.854492 0.269531 0.854492
0 0.890625 0.567383 0.891602 0.570312 0.901367 0.571289 0.901367 0.568359 0.897461 0.566406
0 0.395508 0.879883 0.392578 0.880859 0.390625 0.888672 0.395508 0.884766
0 0.494141 0.118164 0.498047 0.122070 0.503906 0.121094 0.500977 0.118164
0 0.313477 0.648438 0.306641 0.649414 0.304688 0.654297 0.310547 0.653320
0 0.035156 0.534180 0.038086 0.537109 0.045898 0.537109 0.045898 0.534180 0.042969 0.532227
0 0.882812 0.646484 0.879883 0.647461 0.877930 0.653320 0.880859 0.660156 0.883789 0.655273
0 0.727539 0.953125 0.729492 0.958984 0.738281 0.958984 0.734375 0.954102
0 0.636719 0.550781 0.631836 0.552734 0.630859 0.560547 0.635742 0.556641
0 0.258789 0.268555 0.250000 0.270508 0.248047 0.275391 0.255859 0.274414 0.258789 0.272461
0 0.618164 0.424805 0.619141 0.432617 0.625000 0.436523 0.623047 0.426758
0 0.805664 0.522461 0.808594 0.525391 0.816406 0.524414 0.812500 0.520508
0 0.366211 0.905273 0.369141 0.909180 0.376953 0.909180 0.373047 0.904297
0 0.041992 0.012695 0.041992 0.016602 0.048828 0.020508 0.046875 0.014648
0 0.263672 0.262695 0.265625 0.269531 0.270508 0.271484 0.270508 0.266602