0 0.977539 0.594727 0.976562 0.602539 0.980469 0.604492 0.980469 0.597656
0 0.703125 0.943359 0.704102 0.946289 0.712891 0.945312 0.712891 0.943359 0.708008 0.941406
0 0.888672 0.199219 0.887695 0.206055 0.891602 0.211914 0.893555 0.203125 0.891602 0.199219
0 0.187500 0.819336 0.178711 0.822266 0.177734 0.827148 0.182617 0.827148 0.187500 0.822266
0 0.847656 0.034180 0.845703 0.042969 0.850586 0.047852 0.852539 0.041016
0 0.202148 0.577148 0.203125 0.583008 0.208984 0.585938 0.208984 0.581055
0 0.487305 0.733398 0.485352 0.741211 0.489258 0.746094 0.491211 0.736328
0 0.882812 0.763672 0.884766 0.768555 0.893555 0.771484 0.893555 0.768555 0.888672 0.763672
0 0.964844 0.578125 0.964844 0.581055 0.968750 0.583008 0.977539 0.583008 0.974609 0.578125
0 0.927734 0.584961 0.923828 0.587891 0.923828 0.596680 0.929688 0.590820 0.929688 0.585938
0 0.181641 0.280273 0.175781 0.282227 0.173828 0.289062 0.181641 0.284180
0 0.508789 0.059570 0.503906 0.059570 0.499023 0.064453 0.504883 0.065430 0.508789 0.062500
0 0.223633 0.402344 0.215820 0.403320 0.213867 0.408203 0.219727 0.408203
0 0.840820 0.505859 0.841797 0.511719 0.847656 0.515625 0.846680 0.507812
0 0.349609 0.817383 0.344727 0.817383 0.341797 0.825195 0.346680 0.823242
0 0.872070 0.294922 0.870117 0.295898 0.869141 0.302734 0.871094 0.307617 0.875000 0.308594 0.875977 0.300781
0 0.082031 0.465820 0.088867 0.465820 0.091797 0.461914 0.083984 0.461914
0 0.059570 0.898438 0.052734 0.899414 0.048828 0.907227 0.054688 0.906250
0 0.802734 0.633789 0.802734 0.640625 0.808594 0.645508 0.808594 0.637695 0.805664 0.633789
0 0.245117 0.345703 0.245117 0.348633 0.256836 0.349609 0.254883 0.345703
0 0.288086 0.444336 0.282227 0.446289 0.280273 0.452148 0.285156 0.451172
0 0.203125 0.673828 0.203125 0.677734 0.208984 0.681641 0.208008 0.675781
0 0.099609 0.239258 0.100586 0.243164 0.109375 0.245117 0.106445 0.240234
0 0.881836 0.708984 0.882812 0.713867 0.886719 0.717773 0.890625 0.717773 0.888672 0.710938
0 0.025391 0.677734 0.022461 0.677734 0.017578 0.682617 0.017578 0.687500 0.023438 0.685547
0 0.541992 0.687500 0.541992 0.694336 0.548828 0.698242 0.546875 0.690430
0 0.598633 0.843750 0.602539 0.847656 0.609375 0.846680 0.606445 0.842773
0 0.224609 0.676758 0.227539 0.679688 0.236328 0.680664 0.236328 0.676758 0.233398 0.674805 0.226562 0.674805
0 0.745117 0.888672 0.745117 0.896484 0.749023 0.900391 0.749023 0.890625
0 0.192383 0.666992 0.186523 0.666016 0.182617 0.672852 0.189453 0.671875
0 0.877930 0.576172 0.877930 0.582031 0.883789 0.586914 0.882812 0.578125
0 0.293945 0.163086 0.289062 0.166016 0.288086 0.173828 0.292969 0.171875
0 0.920898 0.146484 0.915039 0.149414 0.914062 0.157227 0.918945 0.155273
0 0.052734 0.307617 0.051758 0.317383 0.054688 0.319336 0.056641 0.317383 0.056641 0.310547
0 0.241211 0.854492 0.245117 0.858398 0.251953 0.857422 0.249023 0.853516
0 0.058594 0.858398 0.068359 0.860352 0.072266 0.857422 0.063477 0.855469
0 0.055664 0.276367 0.063477 0.277344 0.067383 0.272461 0.060547 0.271484
0 0.355469 0.239258 0.357422 0.245117 0.363281 0.249023 0.364258 0.244141 0.360352 0.240234
0 0.032227 0.311523 0.034180 0.315430 0.042969 0.313477 0.041992 0.310547 0.037109 0.309570
0 0.394531 0.013672 0.388672 0.016602 0.387695 0.022461 0.394531 0.018555
0 0.377930 0.916016 0.377930 0.924805 0.384766 0.930664 0.386719 0.928711 0.385742 0.923828
0 0.712891 0.292969 0.708008 0.293945 0.704102 0.301758 0.710938 0.299805
0 0.820312 0.508789 0.810547 0.508789 0.808594 0.512695 0.814453 0.513672
0 0.824219 0.733398 0.826172 0.737305 0.833008 0.738281 0.830078 0.733398
0 0.781250 0.213867 0.784180 0.216797 0.791016 0.215820 0.787109 0.211914
0 0.802734 0.255859 0.805664 0.257812 0.814453 0.255859 0.810547 0.252930 0.805664 0.252930
0 0.270508 0.321289 0.274414 0.325195 0.281250 0.325195 0.281250 0.322266 0.278320 0.320312
0 0.737305 0.537109 0.739258 0.541016 0.745117 0.540039 0.743164 0.537109
0 0.814453 0.142578 0.814453 0.145508 0.819336 0.148438 0.827148 0.146484 0.820312 0.141602
0 0.201172 0.422852 0.201172 0.430664 0.205078 0.432617 0.205078 0.426758
0 0.078125 0.533203 0.074219 0.534180 0.073242 0.542969 0.077148 0.541016
0 0.780273 0.017578 0.782227 0.024414 0.787109 0.025391 0.787109 0.021484
0 0.404297 0.402344 0.398438 0.406250 0.398438 0.412109 0.403320 0.410156
0 0.208008 0.333984 0.206055 0.339844 0.211914 0.346680 0.212891 0.339844
0 0.964844 0.553711 0.966797 0.561523 0.970703 0.562500 0.969727 0.555664
0 0.492188 0.075195 0.490234 0.075195 0.488281 0.080078 0.491211 0.087891 0.494141 0.083984
0 0.131836 0.287109 0.125977 0.287109 0.120117 0.292969 0.127930 0.292969 0.131836 0.290039
0 0.981445 0.276367 0.977539 0.281250 0.977539 0.286133 0.982422 0.284180 0.983398 0.278320
0 0.105469 0.365234 0.107422 0.374023 0.114258 0.376953 0.112305 0.369141