0 0.500977 0.761719 0.501953 0.766602 0.508789 0.769531 0.508789 0.765625
0 0.578125 0.570312 0.574219 0.573242 0.576172 0.582031 0.579102 0.578125
0 0.731445 0.870117 0.733398 0.875000 0.741211 0.875977 0.738281 0.871094
0 0.387695 0.911133 0.383789 0.914062 0.385742 0.921875 0.388672 0.917969
0 0.649414 0.188477 0.651367 0.198242 0.655273 0.199219 0.655273 0.192383
0 0.337891 0.564453 0.337891 0.572266 0.339844 0.575195 0.342773 0.575195 0.342773 0.568359
0 0.783203 0.913086 0.784180 0.918945 0.791016 0.921875 0.790039 0.916992
0 0.402344 0.652344 0.397461 0.651367 0.391602 0.659180 0.398438 0.658203
0 0.157227 0.224609 0.157227 0.231445 0.160156 0.235352 0.163086 0.235352 0.162109 0.227539
0 0.131836 0.742188 0.131836 0.750977 0.135742 0.752930 0.136719 0.746094
0 0.645508 0.057617 0.640625 0.056641 0.635742 0.059570 0.641602 0.061523
0 0.747070 0.235352 0.749023 0.243164 0.753906 0.245117 0.752930 0.238281
0 0.133789 0.375000 0.129883 0.379883 0.130859 0.384766 0.135742 0.379883
0 0.592773 0.104492 0.594727 0.109375 0.601562 0.111328 0.600586 0.106445
0 0.196289 0.593750 0.188477 0.596680 0.187500 0.604492 0.195312 0.599609
0 0.813477 0.216797 0.814453 0.223633 0.820312 0.225586 0.820312 0.221680
0 0.670898 0.306641 0.666992 0.309570 0.667969 0.316406 0.671875 0.310547
0 0.312500 0.520508 0.311523 0.528320 0.314453 0.529297 0.314453 0.521484
0 0.331055 0.469727 0.326172 0.471680 0.325195 0.480469 0.331055 0.476562
0 0.375000 0.105469 0.371094 0.109375 0.373047 0.116211 0.375977 0.112305
0 0.781250 0.853516 0.787109 0.856445 0.790039 0.855469 0.788086 0.851562
0 0.779297 0.504883 0.778320 0.512695 0.783203 0.517578 0.783203 0.508789
0 0.526367 0.522461 0.530273 0.526367 0.537109 0.525391 0.537109 0.522461 0.532227 0.520508
0 0.455078 0.250977 0.456055 0.258789 0.462891 0.262695 0.462891 0.255859
0 0.982422 0.525391 0.982422 0.530273 0.987305 0.535156 0.987305 0.527344
0 0.848633 0.793945 0.847656 0.802734 0.850586 0.807617 0.853516 0.807617 0.853516 0.797852 0.851562 0.793945
0 0.684570 0.596680 0.676758 0.598633 0.673828 0.604492 0.682617 0.602539
0 0.340820 0.079102 0.341797 0.085938 0.345703 0.087891 0.344727 0.080078
0 0.070312 0.284180 0.068359 0.284180 0.065430 0.290039 0.067383 0.295898 0.071289 0.291016
0 0.903320 0.416992 0.903320 0.425781 0.909180 0.429688 0.908203 0.419922
0 0.807617 0.005859 0.807617 0.011719 0.814453 0.015625 0.812500 0.008789
0 0.019531 0.821289 0.015625 0.824219 0.017578 0.832031 0.020508 0.826172
0 0.235352 0.465820 0.236328 0.471680 0.241211 0.473633 0.240234 0.467773
0 0.972656 0.950195 0.968750 0.953125 0.970703 0.960938 0.973633 0.958008
0 0.834961 0.987305 0.835938 0.993164 0.841797 0.995117 0.841797 0.991211
0 0.821289 0.705078 0.817383 0.707031 0.815430 0.713867 0.821289 0.709961
0 0.615234 0.562500 0.609375 0.562500 0.604492 0.567383 0.606445 0.569336 0.611328 0.568359 0.615234 0.565430
0 0.804688 0.552734 0.802734 0.559570 0.806641 0.565430 0.808594 0.557617 0.807617 0.553711
0 0.296875 0.261719 0.294922 0.272461 0.298828 0.276367 0.300781 0.267578 0.298828 0.261719
0 0.614258 0.251953 0.614258 0.255859 0.618164 0.259766 0.623047 0.260742 0.619141 0.252930
0 0.313477 0.667969 0.308594 0.671875 0.308594 0.680664 0.311523 0.680664 0.314453 0.676758
0 0.472656 0.758789 0.466797 0.762695 0.465820 0.771484 0.471680 0.769531
0 0.616211 0.436523 0.618164 0.442383 0.622070 0.444336 0.622070 0.440430
0 0.478516 0.954102 0.470703 0.955078 0.468750 0.959961 0.476562 0.958008
0 0.392578 0.075195 0.387695 0.076172 0.386719 0.083008 0.391602 0.080078
0 0.930664 0.125000 0.931641 0.130859 0.936523 0.132812 0.935547 0.126953
0 0.301758 0.662109 0.295898 0.665039 0.295898 0.670898 0.299805 0.668945
0 0.116211 0.702148 0.120117 0.711914 0.128906 0.713867 0.125977 0.706055
0 0.250977 0.007812 0.248047 0.006836 0.242188 0.009766 0.240234 0.015625 0.250000 0.012695
0 0.335938 0.618164 0.333984 0.620117 0.335938 0.625000 0.340820 0.628906 0.344727 0.628906 0.342773 0.623047
0 0.104492 0.060547 0.105469 0.063477 0.114258 0.062500 0.112305 0.059570
0 0.595703 0.421875 0.599609 0.429688 0.605469 0.429688 0.602539 0.423828
0 0.601562 0.132812 0.604492 0.136719 0.610352 0.134766 0.609375 0.131836
0 0.960938 0.706055 0.957031 0.709961 0.957031 0.714844 0.961914 0.711914
0 0.624023 0.301758 0.620117 0.298828 0.615234 0.299805 0.613281 0.302734 0.622070 0.303711