0 0.843750 0.956055 0.837891 0.958008 0.834961 0.966797 0.842773 0.962891
0 0.806641 0.641602 0.806641 0.648438 0.814453 0.651367 0.812500 0.644531
0 0.661133 0.761719 0.657227 0.764648 0.657227 0.772461 0.662109 0.767578
0 0.869141 0.016602 0.868164 0.024414 0.871094 0.029297 0.873047 0.019531 0.872070 0.016602
0 0.261719 0.422852 0.262695 0.427734 0.267578 0.430664 0.266602 0.424805
0 0.114258 0.567383 0.106445 0.572266 0.106445 0.576172 0.112305 0.574219
0 0.034180 0.981445 0.029297 0.984375 0.027344 0.993164 0.033203 0.990234
0 0.486328 0.637695 0.482422 0.643555 0.484375 0.653320 0.488281 0.648438
0 0.657227 0.053711 0.659180 0.060547 0.662109 0.061523 0.661133 0.054688
0 0.071289 0.595703 0.064453 0.600586 0.064453 0.606445 0.070312 0.603516
0 0.950195 0.103516 0.951172 0.108398 0.958984 0.110352 0.956055 0.104492
0 0.968750 0.187500 0.963867 0.189453 0.962891 0.196289 0.966797 0.194336
0 0.391602 0.711914 0.395508 0.715820 0.402344 0.714844 0.399414 0.710938
0 0.860352 0.607422 0.860352 0.614258 0.864258 0.618164 0.864258 0.609375
0 0.264648 0.308594 0.259766 0.311523 0.258789 0.316406 0.264648 0.313477
0 0.710938 0.802734 0.717773 0.802734 0.720703 0.798828 0.712891 0.798828
0 0.836914 0.183594 0.839844 0.189453 0.849609 0.190430 0.845703 0.184570
0 0.576172 0.108398 0.574219 0.114258 0.576172 0.119141 0.578125 0.119141 0.579102 0.111328
0 0.638672 0.815430 0.645508 0.815430 0.647461 0.811523 0.641602 0.811523
0 0.310547 0.375000 0.307617 0.375000 0.302734 0.381836 0.304688 0.389648 0.309570 0.383789
0 0.372070 0.587891 0.370117 0.587891 0.368164 0.592773 0.370117 0.599609 0.374023 0.591797
0 0.270508 0.332031 0.271484 0.337891 0.277344 0.339844 0.276367 0.334961
0 0.299805 0.774414 0.296875 0.776367 0.298828 0.785156 0.301758 0.783203
0 0.417969 0.549805 0.422852 0.555664 0.431641 0.555664 0.428711 0.550781
0 0.112305 0.019531 0.109375 0.019531 0.107422 0.022461 0.107422 0.031250 0.113281 0.024414
0 0.043945 0.356445 0.040039 0.358398 0.041016 0.367188 0.044922 0.360352
0 0.736328 0.543945 0.735352 0.551758 0.738281 0.552734 0.740234 0.549805 0.739258 0.544922