0 0.314453 0.352539 0.308594 0.352539 0.303711 0.357422 0.311523 0.357422
0 0.022461 0.935547 0.016602 0.936523 0.013672 0.941406 0.018555 0.941406
0 0.960938 0.980469 0.956055 0.981445 0.953125 0.988281 0.958984 0.986328
0 0.375977 0.054688 0.378906 0.058594 0.385742 0.059570 0.383789 0.054688
0 0.635742 0.781250 0.635742 0.790039 0.639648 0.791016 0.639648 0.783203
0 0.112305 0.785156 0.117188 0.786133 0.121094 0.781250 0.115234 0.781250
0 0.191406 0.586914 0.190430 0.593750 0.194336 0.596680 0.195312 0.590820
0 0.581055 0.694336 0.577148 0.697266 0.577148 0.704102 0.580078 0.708008 0.583008 0.703125 0.583008 0.696289
0 0.601562 0.424805 0.598633 0.429688 0.600586 0.435547 0.603516 0.436523 0.604492 0.427734
0 0.216797 0.465820 0.216797 0.470703 0.224609 0.474609 0.222656 0.467773
0 0.110352 0.614258 0.106445 0.617188 0.108398 0.625977 0.111328 0.622070
0 0.560547 0.940430 0.556641 0.940430 0.553711 0.946289 0.558594 0.945312
0 0.079102 0.554688 0.075195 0.556641 0.076172 0.565430 0.080078 0.558594
0 0.229492 0.161133 0.222656 0.162109 0.218750 0.166016 0.217773 0.170898 0.226562 0.168945
0 0.858398 0.370117 0.859375 0.373047 0.867188 0.371094 0.867188 0.368164
0 0.562500 0.338867 0.555664 0.342773 0.552734 0.351562 0.557617 0.350586 0.561523 0.346680
0 0.219727 0.927734 0.219727 0.933594 0.224609 0.937500 0.224609 0.931641
0 0.435547 0.135742 0.432617 0.139648 0.432617 0.146484 0.437500 0.144531
0 0.871094 0.593750 0.866211 0.595703 0.865234 0.603516 0.870117 0.600586
0 0.792969 0.541016 0.793945 0.548828 0.798828 0.552734 0.800781 0.551758 0.799805 0.544922
0 0.711914 0.622070 0.708008 0.625977 0.708008 0.632812 0.712891 0.629883
0 0.424805 0.503906 0.426758 0.508789 0.433594 0.510742 0.433594 0.506836
0 0.573242 0.601562 0.566406 0.601562 0.563477 0.607422 0.572266 0.605469
0 0.048828 0.263672 0.040039 0.265625 0.039062 0.270508 0.044922 0.269531
0 0.098633 0.691406 0.099609 0.694336 0.103516 0.695312 0.112305 0.693359 0.109375 0.689453
0 0.138672 0.171875 0.133789 0.173828 0.132812 0.182617 0.138672 0.178711
0 0.863281 0.875000 0.857422 0.876953 0.856445 0.884766 0.862305 0.880859
0 0.128906 0.210938 0.130859 0.218750 0.135742 0.222656 0.134766 0.212891
0 0.191406 0.655273 0.189453 0.663086 0.191406 0.667969 0.194336 0.667969 0.196289 0.660156 0.194336 0.655273
0 0.705078 0.129883 0.708008 0.137695 0.713867 0.138672 0.712891 0.133789
0 0.491211 0.853516 0.491211 0.856445 0.497070 0.857422 0.500977 0.855469 0.500977 0.852539
0 0.485352 0.041016 0.480469 0.039062 0.471680 0.043945 0.472656 0.045898 0.481445 0.045898
0 0.255859 0.683594 0.254883 0.681641 0.249023 0.682617 0.245117 0.687500 0.252930 0.686523
0 0.196289 0.549805 0.195312 0.557617 0.199219 0.560547 0.200195 0.551758
0 0.519531 0.698242 0.522461 0.705078 0.528320 0.706055 0.526367 0.700195
0 0.382812 0.346680 0.380859 0.344727 0.375977 0.346680 0.373047 0.354492 0.379883 0.352539
0 0.590820 0.204102 0.585938 0.208008 0.586914 0.214844 0.590820 0.211914
0 0.193359 0.158203 0.189453 0.161133 0.189453 0.168945 0.193359 0.166016
0 0.574219 0.661133 0.570312 0.663086 0.570312 0.671875 0.575195 0.666992
0 0.875000 0.749023 0.876953 0.751953 0.885742 0.750977 0.884766 0.747070
0 0.600586 0.738281 0.596680 0.741211 0.595703 0.747070 0.597656 0.750000 0.602539 0.744141
0 0.423828 0.933594 0.426758 0.939453 0.434570 0.940430 0.431641 0.934570
0 0.758789 0.966797 0.759766 0.969727 0.766602 0.970703 0.764648 0.966797
0 0.851562 0.619141 0.851562 0.625977 0.857422 0.628906 0.856445 0.622070
0 0.142578 0.250977 0.138672 0.250977 0.134766 0.258789 0.140625 0.256836
0 0.909180 0.138672 0.908203 0.146484 0.910156 0.149414 0.913086 0.149414 0.914062 0.143555
0 0.113281 0.504883 0.108398 0.505859 0.106445 0.512695 0.112305 0.509766
0 0.299805 0.493164 0.300781 0.496094 0.309570 0.496094 0.307617 0.492188
0 0.165039 0.973633 0.167969 0.978516 0.175781 0.978516 0.173828 0.974609