0 0.893555 0.017578 0.893555 0.025391 0.898438 0.029297 0.899414 0.022461 0.896484 0.017578
0 0.538086 0.083984 0.539062 0.087891 0.543945 0.091797 0.543945 0.084961
0 0.295898 0.724609 0.295898 0.735352 0.300781 0.737305 0.300781 0.728516
0 0.703125 0.552734 0.705078 0.557617 0.711914 0.559570 0.708984 0.553711
0 0.003906 0.417969 0.004883 0.420898 0.010742 0.421875 0.015625 0.419922 0.012695 0.416016
0 0.334961 0.808594 0.336914 0.816406 0.340820 0.819336 0.342773 0.818359 0.341797 0.811523
0 0.750000 0.445312 0.745117 0.446289 0.742188 0.457031 0.748047 0.454102
0 0.253906 0.250977 0.254883 0.255859 0.260742 0.259766 0.259766 0.252930
0 0.832031 0.780273 0.833984 0.784180 0.840820 0.784180 0.837891 0.780273
0 0.746094 0.954102 0.748047 0.958008 0.755859 0.958984 0.754883 0.955078
0 0.487305 0.251953 0.487305 0.256836 0.496094 0.260742 0.493164 0.253906
0 0.840820 0.694336 0.835938 0.696289 0.835938 0.706055 0.840820 0.701172
0 0.485352 0.514648 0.486328 0.519531 0.493164 0.522461 0.491211 0.516602
0 0.941406 0.150391 0.943359 0.155273 0.949219 0.156250 0.946289 0.151367
0 0.894531 0.514648 0.893555 0.518555 0.896484 0.524414 0.898438 0.517578 0.897461 0.514648
0 0.069336 0.914062 0.065430 0.915039 0.064453 0.921875 0.069336 0.918945
0 0.430664 0.250000 0.431641 0.256836 0.437500 0.259766 0.435547 0.251953
0 0.555664 0.229492 0.550781 0.235352 0.551758 0.242188 0.554688 0.242188 0.557617 0.237305
0 0.299805 0.245117 0.304688 0.247070 0.310547 0.243164 0.302734 0.242188
0 0.587891 0.670898 0.590820 0.674805 0.598633 0.674805 0.593750 0.669922
0 0.094727 0.331055 0.089844 0.330078 0.084961 0.334961 0.092773 0.333984
0 0.911133 0.661133 0.905273 0.662109 0.901367 0.667969 0.908203 0.666992
0 0.849609 0.010742 0.849609 0.018555 0.853516 0.020508 0.853516 0.013672
0 0.675781 0.663086 0.677734 0.666992 0.684570 0.667969 0.683594 0.665039
0 0.724609 0.182617 0.730469 0.187500 0.737305 0.186523 0.733398 0.181641 0.726562 0.180664
0 0.868164 0.540039 0.867188 0.544922 0.870117 0.549805 0.871094 0.541992
0 0.005859 0.432617 0.012695 0.436523 0.017578 0.434570 0.017578 0.431641 0.014648 0.429688
0 0.167969 0.513672 0.168945 0.519531 0.173828 0.522461 0.172852 0.515625
0 0.341797 0.852539 0.336914 0.854492 0.336914 0.863281 0.341797 0.858398
0 0.774414 0.931641 0.777344 0.937500 0.781250 0.937500 0.779297 0.932617