0 0.195312 0.485352 0.197266 0.490234 0.203125 0.491211 0.199219 0.485352
0 0.487305 0.530273 0.488281 0.534180 0.497070 0.534180 0.492188 0.530273
0 0.859375 0.204102 0.856445 0.205078 0.854492 0.209961 0.857422 0.219727 0.861328 0.212891
0 0.623047 0.850586 0.624023 0.856445 0.628906 0.859375 0.627930 0.852539
0 0.757812 0.739258 0.757812 0.746094 0.763672 0.749023 0.761719 0.741211
0 0.801758 0.968750 0.800781 0.978516 0.803711 0.978516 0.804688 0.970703
0 0.833008 0.976562 0.828125 0.977539 0.825195 0.984375 0.831055 0.982422
0 0.779297 0.247070 0.778320 0.254883 0.780273 0.259766 0.783203 0.260742 0.784180 0.252930
0 0.969727 0.156250 0.965820 0.160156 0.966797 0.168945 0.970703 0.165039
0 0.065430 0.562500 0.070312 0.563477 0.074219 0.558594 0.068359 0.558594
0 0.840820 0.548828 0.836914 0.547852 0.832031 0.551758 0.836914 0.552734
0 0.633789 0.016602 0.634766 0.022461 0.640625 0.026367 0.639648 0.018555
0 0.923828 0.883789 0.926758 0.886719 0.933594 0.886719 0.931641 0.882812
0 0.465820 0.396484 0.468750 0.402344 0.476562 0.402344 0.473633 0.398438
0 0.368164 0.942383 0.365234 0.945312 0.365234 0.953125 0.369141 0.949219
0 0.716797 0.881836 0.715820 0.885742 0.719727 0.891602 0.721680 0.887695 0.719727 0.882812
0 0.375000 0.394531 0.372070 0.396484 0.373047 0.405273 0.375977 0.401367
0 0.169922 0.372070 0.166016 0.375000 0.165039 0.381836 0.169922 0.379883
0 0.567383 0.170898 0.569336 0.175781 0.576172 0.175781 0.574219 0.171875
0 0.520508 0.053711 0.514648 0.054688 0.512695 0.060547 0.518555 0.058594
0 0.532227 0.916016 0.534180 0.919922 0.543945 0.917969 0.539062 0.915039
0 0.487305 0.791016 0.488281 0.796875 0.493164 0.798828 0.492188 0.792969
0 0.241211 0.336914 0.244141 0.341797 0.252930 0.342773 0.250000 0.337891
0 0.537109 0.758789 0.539062 0.761719 0.548828 0.760742 0.548828 0.758789 0.542969 0.756836
0 0.101562 0.026367 0.103516 0.031250 0.110352 0.032227 0.109375 0.028320
0 0.057617 0.265625 0.061523 0.272461 0.067383 0.272461 0.065430 0.266602
0 0.517578 0.164062 0.513672 0.166992 0.513672 0.175781 0.518555 0.171875 0.519531 0.166016
0 0.616211 0.616211 0.611328 0.617188 0.608398 0.623047 0.614258 0.622070
0 0.953125 0.698242 0.955078 0.701172 0.962891 0.701172 0.960938 0.697266
0 0.299805 0.176758 0.300781 0.179688 0.305664 0.179688 0.309570 0.177734 0.309570 0.174805
0 0.858398 0.525391 0.854492 0.526367 0.855469 0.536133
0 0.515625 0.234375 0.508789 0.235352 0.504883 0.243164 0.513672 0.240234
0 0.482422 0.336914 0.477539 0.334961 0.472656 0.336914 0.472656 0.339844 0.477539 0.340820
0 0.498047 0.135742 0.500000 0.138672 0.507812 0.136719 0.505859 0.133789
0 0.107422 0.949219 0.106445 0.955078 0.110352 0.958984 0.112305 0.952148
0 0.817383 0.446289 0.814453 0.446289 0.812500 0.449219 0.812500 0.457031 0.815430 0.457031 0.817383 0.453125
0 0.327148 0.827148 0.329102 0.831055 0.338867 0.830078 0.333008 0.826172
0 0.191406 0.425781 0.186523 0.426758 0.183594 0.433594 0.189453 0.432617
0 0.098633 0.453125 0.095703 0.453125 0.093750 0.457031 0.095703 0.463867 0.099609 0.458008
0 0.670898 0.871094 0.672852 0.879883 0.676758 0.880859 0.675781 0.873047
0 0.869141 0.480469 0.869141 0.486328 0.874023 0.491211 0.874023 0.483398 0.872070 0.480469
0 0.029297 0.594727 0.030273 0.600586 0.035156 0.603516 0.034180 0.596680
0 0.281250 0.116211 0.280273 0.123047 0.284180 0.126953 0.284180 0.119141
0 0.096680 0.123047 0.092773 0.124023 0.092773 0.132812 0.096680 0.129883
0 0.486328 0.482422 0.482422 0.485352 0.482422 0.492188 0.485352 0.492188 0.487305 0.489258
0 0.623047 0.873047 0.619141 0.873047 0.618164 0.875977 0.620117 0.883789
0 0.696289 0.832031 0.695312 0.836914 0.697266 0.840820 0.703125 0.842773 0.702148 0.835938
0 0.612305 0.945312 0.612305 0.948242 0.623047 0.947266 0.620117 0.944336
0 0.365234 0.482422 0.364258 0.490234 0.367188 0.492188 0.369141 0.485352 0.368164 0.482422
0 0.782227 0.123047 0.783203 0.131836 0.788086 0.133789 0.787109 0.125977 0.785156 0.123047
0 0.052734 0.835938 0.048828 0.835938 0.045898 0.838867 0.044922 0.847656 0.051758 0.842773
0 0.416016 0.270508 0.415039 0.275391 0.419922 0.280273 0.418945 0.272461
0 0.736328 0.424805 0.731445 0.426758 0.730469 0.435547 0.736328 0.431641
0 0.248047 0.875977 0.248047 0.880859 0.253906 0.887695 0.254883 0.880859 0.251953 0.875977
0 0.859375 0.823242 0.864258 0.829102 0.870117 0.828125 0.866211 0.823242
0 0.691406 0.821289 0.686523 0.820312 0.681641 0.824219 0.688477 0.825195
0 0.360352 0.741211 0.354492 0.742188 0.352539 0.748047 0.357422 0.747070
0 0.177734 0.349609 0.172852 0.349609 0.166016 0.355469 0.172852 0.356445 0.177734 0.353516
0 0.388672 0.598633 0.388672 0.606445 0.393555 0.611328 0.394531 0.604492
0 0.411133 0.521484 0.407227 0.523438 0.406250 0.531250 0.411133 0.527344