0 0.684570 0.458008 0.684570 0.460938 0.687500 0.462891 0.694336 0.461914 0.691406 0.458008
0 0.245117 0.086914 0.245117 0.088867 0.250000 0.090820 0.254883 0.087891 0.252930 0.084961
0 0.716797 0.766602 0.716797 0.771484 0.722656 0.775391 0.720703 0.767578
0 0.147461 0.537109 0.147461 0.540039 0.151367 0.541992 0.158203 0.541016 0.155273 0.537109
0 0.250977 0.140625 0.250977 0.142578 0.261719 0.144531 0.261719 0.141602 0.258789 0.139648
0 0.603516 0.356445 0.595703 0.358398 0.592773 0.361328 0.592773 0.365234 0.599609 0.364258
0 0.436523 0.807617 0.428711 0.807617 0.423828 0.813477 0.425781 0.815430 0.432617 0.813477 0.436523 0.810547
0 0.020508 0.836914 0.027344 0.836914 0.032227 0.832031 0.023438 0.831055 0.020508 0.833008
0 0.399414 0.194336 0.398438 0.201172 0.402344 0.204102 0.403320 0.197266
0 0.828125 0.271484 0.826172 0.278320 0.830078 0.283203 0.831055 0.275391
0 0.119141 0.013672 0.111328 0.013672 0.109375 0.017578 0.114258 0.018555
0 0.742188 0.901367 0.744141 0.904297 0.752930 0.903320 0.750000 0.899414
0 0.374023 0.593750 0.369141 0.594727 0.366211 0.601562 0.370117 0.601562
0 0.387695 0.690430 0.397461 0.693359 0.397461 0.690430 0.393555 0.688477
0 0.171875 0.286133 0.165039 0.290039 0.166016 0.293945 0.171875 0.291016
0 0.375000 0.282227 0.377930 0.289062 0.383789 0.289062 0.379883 0.283203
0 0.117188 0.125000 0.120117 0.129883 0.126953 0.130859 0.125000 0.125977
0 0.380859 0.712891 0.376953 0.715820 0.378906 0.724609 0.381836 0.721680
0 0.816406 0.842773 0.821289 0.846680 0.827148 0.845703 0.823242 0.841797
0 0.677734 0.017578 0.674805 0.021484 0.676758 0.031250 0.679688 0.031250 0.681641 0.022461 0.680664 0.018555
0 0.392578 0.272461 0.386719 0.275391 0.385742 0.281250 0.391602 0.277344
0 0.320312 0.420898 0.317383 0.422852 0.316406 0.429688 0.321289 0.427734
0 0.005859 0.398438 0.011719 0.401367 0.015625 0.400391 0.012695 0.396484
0 0.924805 0.462891 0.930664 0.463867 0.936523 0.460938 0.936523 0.458008 0.927734 0.458008
0 0.293945 0.551758 0.291992 0.552734 0.291992 0.560547 0.293945 0.564453 0.296875 0.564453 0.297852 0.555664
0 0.184570 0.469727 0.181641 0.469727 0.179688 0.472656 0.179688 0.481445 0.185547 0.474609
0 0.077148 0.846680 0.076172 0.851562 0.080078 0.856445 0.080078 0.847656
0 0.401367 0.225586 0.399414 0.231445 0.403320 0.236328 0.404297 0.228516
0 0.519531 0.871094 0.527344 0.871094 0.532227 0.867188 0.524414 0.866211
0 0.583984 0.070312 0.590820 0.071289 0.595703 0.067383 0.588867 0.065430
0 0.326172 0.949219 0.325195 0.956055 0.329102 0.958984 0.330078 0.954102
0 0.666016 0.184570 0.673828 0.184570 0.677734 0.178711 0.669922 0.178711 0.666016 0.181641
0 0.317383 0.354492 0.316406 0.363281 0.321289 0.367188 0.321289 0.358398
0 0.225586 0.122070 0.218750 0.122070 0.214844 0.127930 0.222656 0.126953
0 0.991211 0.263672 0.985352 0.265625 0.983398 0.273438 0.990234 0.269531
0 0.222656 0.150391 0.215820 0.154297 0.214844 0.160156 0.222656 0.156250
0 0.116211 0.358398 0.109375 0.360352 0.106445 0.365234 0.112305 0.365234
0 0.503906 0.728516 0.498047 0.731445 0.496094 0.741211 0.499023 0.741211 0.503906 0.735352
0 0.388672 0.758789 0.392578 0.761719 0.399414 0.761719 0.399414 0.758789 0.395508 0.756836
0 0.464844 0.318359 0.467773 0.324219 0.478516 0.326172 0.475586 0.320312
0 0.762695 0.975586 0.754883 0.977539 0.752930 0.983398 0.758789 0.982422
0 0.014648 0.725586 0.012695 0.726562 0.012695 0.737305 0.016602 0.735352
0 0.656250 0.752930 0.651367 0.753906 0.648438 0.758789 0.655273 0.757812
0 0.648438 0.087891 0.642578 0.088867 0.640625 0.092773 0.648438 0.090820
0 0.485352 0.044922 0.487305 0.046875 0.495117 0.045898 0.494141 0.042969
0 0.412109 0.754883 0.414062 0.762695 0.420898 0.764648 0.418945 0.757812
0 0.868164 0.355469 0.867188 0.360352 0.872070 0.365234 0.873047 0.358398
0 0.208984 0.306641 0.209961 0.309570 0.216797 0.311523 0.216797 0.307617
0 0.685547 0.758789 0.682617 0.758789 0.679688 0.763672 0.680664 0.771484 0.683594 0.771484 0.685547 0.768555
0 0.674805 0.838867 0.669922 0.838867 0.665039 0.843750 0.672852 0.843750
0 0.123047 0.497070 0.123047 0.499023 0.130859 0.499023 0.132812 0.495117
0 0.738281 0.469727 0.744141 0.475586 0.750977 0.475586 0.749023 0.470703
0 0.730469 0.196289 0.723633 0.199219 0.721680 0.207031 0.723633 0.208008 0.728516 0.205078
0 0.186523 0.088867 0.193359 0.088867 0.196289 0.084961 0.190430 0.083984 0.186523 0.085938
0 0.207031 0.583008 0.207031 0.585938 0.210938 0.587891 0.217773 0.585938 0.212891 0.582031
0 0.954102 0.182617 0.955078 0.189453 0.959961 0.191406 0.958984 0.185547