0 0.235352 0.400391 0.245117 0.401367 0.248047 0.397461 0.240234 0.396484
0 0.043945 0.360352 0.050781 0.361328 0.054688 0.357422 0.046875 0.356445
0 0.019531 0.795898 0.026367 0.797852 0.031250 0.793945 0.023438 0.791992
0 0.323242 0.323242 0.317383 0.323242 0.311523 0.329102 0.319336 0.329102
0 0.910156 0.256836 0.913086 0.262695 0.918945 0.263672 0.915039 0.256836
0 0.521484 0.874023 0.516602 0.876953 0.514648 0.883789 0.521484 0.879883
0 0.681641 0.388672 0.676758 0.389648 0.673828 0.395508 0.678711 0.395508 0.681641 0.392578
0 0.543945 0.964844 0.547852 0.969727 0.554688 0.969727 0.549805 0.963867 0.545898 0.962891
0 0.193359 0.082031 0.195312 0.085938 0.204102 0.084961 0.200195 0.081055
0 0.953125 0.744141 0.950195 0.747070 0.951172 0.754883 0.955078 0.750977
0 0.492188 0.616211 0.494141 0.625000 0.498047 0.626953 0.498047 0.618164
0 0.158203 0.512695 0.155273 0.512695 0.153320 0.518555 0.155273 0.525391 0.158203 0.522461
0 0.694336 0.586914 0.696289 0.593750 0.701172 0.594727 0.700195 0.589844
0 0.711914 0.427734 0.702148 0.427734 0.699219 0.431641 0.700195 0.433594 0.705078 0.433594 0.710938 0.430664
0 0.173828 0.571289 0.168945 0.570312 0.165039 0.572266 0.165039 0.575195 0.170898 0.575195
0 0.212891 0.269531 0.207031 0.270508 0.205078 0.276367 0.209961 0.275391
0 0.545898 0.210938 0.538086 0.210938 0.533203 0.216797 0.535156 0.218750 0.541992 0.216797 0.545898 0.213867
0 0.576172 0.663086 0.567383 0.663086 0.564453 0.665039 0.564453 0.667969 0.573242 0.666992
0 0.356445 0.176758 0.364258 0.176758 0.367188 0.171875 0.358398 0.171875
0 0.800781 0.721680 0.796875 0.723633 0.797852 0.731445 0.801758 0.725586
0 0.012695 0.564453 0.014648 0.568359 0.022461 0.567383 0.020508 0.563477
0 0.609375 0.918945 0.605469 0.920898 0.605469 0.930664 0.608398 0.930664
0 0.708008 0.721680 0.708008 0.724609 0.717773 0.723633 0.717773 0.720703
0 0.514648 0.469727 0.519531 0.475586 0.525391 0.476562 0.523438 0.470703 0.519531 0.468750
0 0.384766 0.908203 0.387695 0.911133 0.393555 0.910156 0.392578 0.907227
0 0.852539 0.666016 0.853516 0.671875 0.858398 0.675781 0.860352 0.673828 0.858398 0.668945
0 0.578125 0.459961 0.573242 0.459961 0.569336 0.463867 0.568359 0.468750 0.575195 0.466797
0 0.814453 0.885742 0.814453 0.889648 0.817383 0.890625 0.826172 0.888672 0.824219 0.885742
0 0.097656 0.859375 0.096680 0.864258 0.101562 0.869141 0.100586 0.861328
0 0.488281 0.856445 0.484375 0.857422 0.486328 0.867188
0 0.090820 0.631836 0.092773 0.637695 0.100586 0.641602 0.098633 0.634766
0 0.108398 0.398438 0.100586 0.398438 0.096680 0.405273 0.105469 0.404297
0 0.220703 0.507812 0.211914 0.508789 0.209961 0.513672 0.218750 0.511719
0 0.720703 0.799805 0.722656 0.803711 0.731445 0.801758 0.725586 0.798828
0 0.035156 0.162109 0.030273 0.164062 0.030273 0.170898 0.034180 0.167969
0 0.855469 0.125977 0.855469 0.127930 0.864258 0.128906 0.863281 0.125000
0 0.874023 0.404297 0.877930 0.408203 0.883789 0.408203 0.881836 0.404297
0 0.666016 0.493164 0.660156 0.494141 0.656250 0.498047 0.656250 0.501953 0.662109 0.500977
0 0.318359 0.578125 0.312500 0.579102 0.309570 0.583984 0.316406 0.583008