0 0.124023 0.484375 0.127930 0.489258 0.131836 0.490234 0.130859 0.485352
0 0.036133 0.850586 0.039062 0.856445 0.044922 0.857422 0.041016 0.850586
0 0.333008 0.182617 0.332031 0.193359 0.334961 0.194336 0.337891 0.187500 0.335938 0.182617
0 0.578125 0.079102 0.568359 0.082031 0.566406 0.088867 0.573242 0.086914
0 0.960938 0.380859 0.952148 0.383789 0.952148 0.386719 0.959961 0.385742
0 0.342773 0.710938 0.339844 0.711914 0.339844 0.719727 0.342773 0.717773
0 0.043945 0.408203 0.044922 0.414062 0.049805 0.416992 0.048828 0.410156
0 0.101562 0.302734 0.101562 0.305664 0.106445 0.309570 0.114258 0.310547 0.117188 0.308594 0.113281 0.303711
0 0.936523 0.651367 0.936523 0.660156 0.939453 0.663086 0.941406 0.655273
0 0.531250 0.054688 0.525391 0.054688 0.520508 0.061523 0.528320 0.059570
0 0.796875 0.406250 0.800781 0.407227 0.806641 0.404297 0.806641 0.402344 0.800781 0.401367 0.796875 0.403320
0 0.685547 0.288086 0.685547 0.296875 0.690430 0.300781 0.690430 0.291016
0 0.321289 0.391602 0.323242 0.394531 0.331055 0.395508 0.331055 0.392578 0.328125 0.390625
0 0.872070 0.083008 0.871094 0.091797 0.875977 0.096680 0.877930 0.088867
0 0.264648 0.420898 0.267578 0.424805 0.274414 0.424805 0.271484 0.420898
0 0.776367 0.442383 0.784180 0.442383 0.786133 0.438477 0.780273 0.438477
0 0.305664 0.262695 0.305664 0.270508 0.309570 0.273438 0.310547 0.265625 0.308594 0.262695
0 0.643555 0.335938 0.642578 0.340820 0.650391 0.345703 0.649414 0.338867
0 0.906250 0.360352 0.901367 0.363281 0.901367 0.374023 0.907227 0.368164
0 0.179688 0.958984 0.175781 0.960938 0.177734 0.969727
0 0.953125 0.250977 0.953125 0.258789 0.958984 0.263672 0.958984 0.254883 0.956055 0.250977
0 0.530273 0.799805 0.524414 0.798828 0.520508 0.805664 0.527344 0.804688
0 0.527344 0.173828 0.519531 0.178711 0.519531 0.184570 0.525391 0.180664
0 0.975586 0.625000 0.978516 0.631836 0.984375 0.633789 0.983398 0.628906
0 0.445312 0.896484 0.440430 0.899414 0.439453 0.906250 0.444336 0.903320
0 0.379883 0.182617 0.381836 0.186523 0.388672 0.188477 0.386719 0.183594
0 0.073242 0.742188 0.081055 0.744141 0.083008 0.740234
0 0.221680 0.916992 0.218750 0.917969 0.216797 0.922852 0.218750 0.928711 0.222656 0.925781
0 0.960938 0.871094 0.961914 0.879883 0.968750 0.884766 0.968750 0.876953
0 0.905273 0.959961 0.910156 0.960938 0.916016 0.955078 0.909180 0.955078
0 0.651367 0.518555 0.647461 0.520508 0.645508 0.529297 0.651367 0.526367
0 0.922852 0.259766 0.921875 0.266602 0.924805 0.270508 0.928711 0.271484 0.927734 0.264648
0 0.589844 0.385742 0.591797 0.387695 0.600586 0.386719 0.594727 0.382812
0 0.989258 0.054688 0.982422 0.058594 0.981445 0.065430 0.989258 0.061523
0 0.515625 0.429688 0.511719 0.432617 0.513672 0.440430 0.516602 0.434570
0 0.963867 0.855469 0.971680 0.855469 0.972656 0.852539 0.966797 0.852539
0 0.277344 0.503906 0.271484 0.507812 0.271484 0.515625 0.276367 0.512695
0 0.380859 0.929688 0.382812 0.940430 0.387695 0.942383 0.387695 0.933594
0 0.675781 0.108398 0.676758 0.112305 0.685547 0.113281 0.683594 0.109375
0 0.288086 0.629883 0.288086 0.638672 0.291016 0.641602 0.292969 0.633789
0 0.127930 0.059570 0.128906 0.066406 0.136719 0.070312 0.136719 0.064453 0.131836 0.059570
0 0.186523 0.450195 0.181641 0.454102 0.181641 0.462891 0.186523 0.458984
0 0.916016 0.851562 0.912109 0.853516 0.912109 0.863281 0.916016 0.860352
0 0.156250 0.433594 0.154297 0.435547 0.155273 0.444336 0.158203 0.438477
0 0.009766 0.928711 0.012695 0.933594 0.019531 0.934570 0.017578 0.929688
0 0.381836 0.838867 0.388672 0.838867 0.393555 0.835938 0.393555 0.833008 0.385742 0.833008 0.381836 0.834961
0 0.750977 0.041992 0.747070 0.044922 0.747070 0.052734 0.752930 0.047852
0 0.568359 0.558594 0.568359 0.565430 0.570312 0.567383 0.572266 0.560547
0 0.916016 0.831055 0.915039 0.836914 0.917969 0.840820 0.919922 0.834961 0.918945 0.831055
0 0.210938 0.617188 0.210938 0.625000 0.214844 0.626953 0.215820 0.620117
0 0.888672 0.825195 0.889648 0.832031 0.894531 0.834961 0.893555 0.827148
0 0.683594 0.876953 0.679688 0.877930 0.679688 0.887695 0.683594 0.884766
0 0.073242 0.981445 0.073242 0.989258 0.079102 0.994141 0.079102 0.985352 0.076172 0.981445
0 0.375000 0.726562 0.368164 0.725586 0.364258 0.728516 0.363281 0.732422 0.371094 0.731445
0 0.903320 0.053711 0.905273 0.056641 0.913086 0.054688 0.913086 0.051758
0 0.929688 0.238281 0.925781 0.240234 0.925781 0.248047 0.929688 0.245117
0 0.453125 0.048828 0.458984 0.049805 0.462891 0.044922 0.456055 0.044922
0 0.248047 0.803711 0.248047 0.806641 0.251953 0.808594 0.256836 0.807617 0.251953 0.802734
0 0.786133 0.145508 0.779297 0.151367 0.779297 0.160156 0.782227 0.160156 0.786133 0.154297
0 0.231445 0.118164 0.227539 0.121094 0.227539 0.127930 0.229492 0.129883 0.232422 0.125977
0 0.362305 0.922852 0.362305 0.928711 0.369141 0.932617 0.367188 0.925781
0 0.589844 0.886719 0.583984 0.890625 0.583008 0.896484 0.588867 0.894531 0.590820 0.891602
0 0.989258 0.397461 0.985352 0.403320 0.987305 0.409180 0.990234 0.403320
0 0.463867 0.768555 0.462891 0.774414 0.465820 0.779297 0.468750 0.779297 0.468750 0.769531
0 0.228516 0.847656 0.228516 0.856445 0.232422 0.858398 0.232422 0.849609
0 0.068359 0.066406 0.066406 0.067383 0.065430 0.074219 0.067383 0.079102 0.071289 0.080078 0.072266 0.072266
0 0.193359 0.583984 0.188477 0.583008 0.183594 0.585938 0.189453 0.587891
0 0.881836 0.500000 0.881836 0.502930 0.884766 0.503906 0.893555 0.501953 0.893555 0.500000 0.887695 0.498047
0 0.506836 0.785156 0.508789 0.790039 0.515625 0.791016 0.513672 0.787109
0 0.091797 0.416016 0.093750 0.419922 0.101562 0.420898 0.099609 0.416992