0 0.807617 0.755859 0.810547 0.759766 0.821289 0.760742 0.821289 0.757812 0.815430 0.754883
0 0.428711 0.104492 0.431641 0.109375 0.440430 0.110352 0.439453 0.106445
0 0.099609 0.548828 0.099609 0.551758 0.108398 0.554688 0.111328 0.550781 0.107422 0.547852
0 0.677734 0.935547 0.680664 0.939453 0.688477 0.939453 0.684570 0.934570 0.679688 0.933594
0 0.587891 0.432617 0.588867 0.438477 0.593750 0.440430 0.592773 0.432617
0 0.247070 0.980469 0.242188 0.984375 0.242188 0.990234 0.247070 0.988281
0 0.501953 0.202148 0.496094 0.203125 0.493164 0.208008 0.498047 0.208008 0.501953 0.205078
0 0.822266 0.184570 0.821289 0.191406 0.824219 0.196289 0.827148 0.196289 0.827148 0.188477 0.825195 0.184570
0 0.492188 0.153320 0.492188 0.163086 0.495117 0.163086 0.496094 0.155273
0 0.240234 0.834961 0.236328 0.833984 0.233398 0.835938 0.230469 0.842773 0.238281 0.839844
0 0.990234 0.653320 0.982422 0.653320 0.980469 0.657227 0.988281 0.657227
0 0.574219 0.200195 0.573242 0.202148 0.577148 0.207031 0.582031 0.208984 0.583984 0.207031 0.582031 0.203125
0 0.611328 0.678711 0.604492 0.678711 0.599609 0.684570 0.608398 0.683594
0 0.010742 0.038086 0.010742 0.041016 0.016602 0.044922 0.023438 0.043945 0.020508 0.039062
0 0.038086 0.007812 0.036133 0.009766 0.037109 0.015625 0.041992 0.018555 0.041992 0.011719
0 0.474609 0.629883 0.468750 0.631836 0.467773 0.639648 0.473633 0.635742
0 0.243164 0.668945 0.246094 0.674805 0.250977 0.674805 0.248047 0.669922
0 0.333984 0.913086 0.334961 0.916992 0.339844 0.917969 0.343750 0.916016 0.337891 0.912109
0 0.970703 0.272461 0.968750 0.278320 0.971680 0.284180 0.974609 0.285156 0.974609 0.276367
0 0.967773 0.297852 0.969727 0.300781 0.977539 0.299805 0.976562 0.296875
0 0.435547 0.206055 0.437500 0.213867 0.442383 0.217773 0.446289 0.217773 0.445312 0.211914
0 0.054688 0.158203 0.059570 0.162109 0.066406 0.161133 0.066406 0.159180 0.059570 0.156250
0 0.049805 0.418945 0.048828 0.425781 0.052734 0.428711 0.052734 0.419922
0 0.706055 0.723633 0.702148 0.725586 0.702148 0.735352 0.706055 0.732422
0 0.847656 0.375977 0.840820 0.377930 0.837891 0.383789 0.844727 0.382812
0 0.151367 0.476562 0.151367 0.480469 0.154297 0.481445 0.164062 0.478516 0.163086 0.476562
0 0.608398 0.071289 0.604492 0.077148 0.605469 0.081055 0.610352 0.077148
0 0.692383 0.792969 0.688477 0.796875 0.688477 0.801758 0.691406 0.801758 0.693359 0.798828
0 0.615234 0.882812 0.614258 0.890625 0.617188 0.894531 0.619141 0.892578 0.619141 0.885742