0 0.211914 0.330078 0.211914 0.335938 0.215820 0.338867 0.216797 0.333008 0.214844 0.330078
0 0.924805 0.376953 0.925781 0.386719 0.929688 0.388672 0.929688 0.378906
0 0.215820 0.282227 0.214844 0.288086 0.219727 0.295898 0.221680 0.291016 0.218750 0.282227
0 0.845703 0.817383 0.844727 0.828125 0.848633 0.833008 0.850586 0.823242 0.848633 0.818359
0 0.623047 0.555664 0.625000 0.559570 0.633789 0.561523 0.630859 0.555664
0 0.511719 0.414062 0.505859 0.415039 0.503906 0.419922 0.510742 0.417969
0 0.344727 0.267578 0.343750 0.273438 0.346680 0.279297 0.348633 0.279297 0.349609 0.271484 0.347656 0.267578
0 0.717773 0.415039 0.718750 0.418945 0.729492 0.420898 0.726562 0.416016
0 0.828125 0.975586 0.830078 0.980469 0.834961 0.982422 0.833984 0.978516
0 0.725586 0.345703 0.720703 0.345703 0.716797 0.349609 0.715820 0.354492 0.722656 0.352539
0 0.018555 0.759766 0.009766 0.761719 0.006836 0.764648 0.006836 0.768555 0.013672 0.767578
0 0.321289 0.949219 0.320312 0.956055 0.323242 0.959961 0.326172 0.959961 0.325195 0.952148
0 0.458008 0.321289 0.453125 0.323242 0.452148 0.331055 0.457031 0.328125
0 0.944336 0.927734 0.949219 0.933594 0.958008 0.933594 0.955078 0.928711
0 0.229492 0.766602 0.220703 0.766602 0.217773 0.768555 0.217773 0.771484 0.224609 0.771484
0 0.966797 0.368164 0.960938 0.367188 0.957031 0.372070 0.962891 0.372070
0 0.728516 0.508789 0.727539 0.518555 0.730469 0.518555 0.731445 0.510742
0 0.771484 0.084961 0.771484 0.091797 0.774414 0.093750 0.775391 0.086914
0 0.925781 0.395508 0.927734 0.403320 0.930664 0.404297 0.930664 0.398438
0 0.555664 0.042969 0.552734 0.042969 0.549805 0.047852 0.550781 0.053711 0.554688 0.051758
0 0.643555 0.481445 0.638672 0.482422 0.635742 0.489258 0.640625 0.488281
0 0.502930 0.220703 0.503906 0.226562 0.509766 0.230469 0.508789 0.223633
0 0.813477 0.503906 0.812500 0.512695 0.815430 0.516602 0.817383 0.514648 0.817383 0.505859
0 0.782227 0.433594 0.781250 0.440430 0.787109 0.445312 0.787109 0.437500
0 0.419922 0.605469 0.418945 0.608398 0.421875 0.614258 0.426758 0.616211 0.426758 0.609375
0 0.238281 0.100586 0.240234 0.105469 0.247070 0.106445 0.246094 0.102539
0 0.679688 0.201172 0.672852 0.200195 0.667969 0.205078 0.674805 0.206055
0 0.350586 0.097656 0.350586 0.100586 0.360352 0.099609 0.360352 0.096680
0 0.844727 0.959961 0.842773 0.963867 0.846680 0.972656 0.848633 0.970703 0.848633 0.961914
0 0.413086 0.902344 0.413086 0.912109 0.417969 0.916016 0.417969 0.904297
0 0.229492 0.070312 0.223633 0.074219 0.222656 0.080078 0.229492 0.077148
0 0.083008 0.860352 0.083984 0.868164 0.088867 0.870117 0.087891 0.863281
0 0.395508 0.539062 0.396484 0.545898 0.401367 0.547852 0.400391 0.541992