0 0.182617 0.517578 0.177734 0.520508 0.176758 0.529297 0.181641 0.526367
0 0.742188 0.731445 0.740234 0.740234 0.744141 0.744141 0.745117 0.732422
0 0.145508 0.722656 0.145508 0.729492 0.147461 0.733398 0.150391 0.733398 0.150391 0.725586 0.148438 0.722656
0 0.120117 0.851562 0.116211 0.852539 0.116211 0.863281 0.120117 0.860352
0 0.293945 0.158203 0.291016 0.158203 0.289062 0.161133 0.290039 0.170898 0.293945 0.166992
0 0.475586 0.158203 0.475586 0.165039 0.477539 0.167969 0.480469 0.167969 0.480469 0.162109
0 0.063477 0.028320 0.065430 0.033203 0.070312 0.035156 0.073242 0.033203 0.071289 0.030273
0 0.857422 0.875000 0.851562 0.877930 0.850586 0.883789 0.857422 0.878906
0 0.498047 0.670898 0.491211 0.672852 0.489258 0.678711 0.494141 0.678711
0 0.225586 0.012695 0.231445 0.015625 0.234375 0.014648 0.232422 0.010742
0 0.181641 0.652344 0.182617 0.658203 0.189453 0.662109 0.187500 0.654297
0 0.221680 0.439453 0.217773 0.441406 0.218750 0.452148 0.223633 0.444336
0 0.341797 0.722656 0.336914 0.724609 0.334961 0.730469 0.341797 0.727539
0 0.012695 0.192383 0.011719 0.200195 0.016602 0.203125 0.017578 0.197266
0 0.073242 0.182617 0.080078 0.182617 0.083008 0.178711 0.075195 0.178711
0 0.801758 0.169922 0.802734 0.177734 0.807617 0.180664 0.805664 0.171875
0 0.277344 0.709961 0.272461 0.710938 0.270508 0.722656 0.273438 0.722656 0.276367 0.718750
0 0.483398 0.067383 0.478516 0.069336 0.476562 0.076172 0.482422 0.073242
0 0.040039 0.114258 0.039062 0.117188 0.041992 0.124023 0.046875 0.125977 0.045898 0.118164
0 0.125977 0.047852 0.122070 0.048828 0.120117 0.057617 0.125000 0.054688
0 0.962891 0.033203 0.958008 0.034180 0.955078 0.040039 0.959961 0.040039
0 0.339844 0.875977 0.343750 0.879883 0.350586 0.878906 0.347656 0.875000
0 0.126953 0.546875 0.127930 0.552734 0.134766 0.555664 0.133789 0.550781
0 0.494141 0.279297 0.494141 0.285156 0.497070 0.288086 0.498047 0.280273
0 0.566406 0.917969 0.560547 0.919922 0.559570 0.925781 0.566406 0.921875
0 0.696289 0.209961 0.698242 0.217773 0.702148 0.220703 0.704102 0.218750 0.702148 0.211914
0 0.101562 0.688477 0.102539 0.694336 0.107422 0.696289 0.105469 0.689453
0 0.377930 0.245117 0.375977 0.247070 0.377930 0.251953 0.385742 0.254883 0.383789 0.248047
0 0.891602 0.868164 0.886719 0.869141 0.881836 0.876953 0.888672 0.875977
0 0.327148 0.664062 0.330078 0.668945 0.334961 0.668945 0.332031 0.664062
0 0.206055 0.056641 0.201172 0.059570 0.200195 0.065430 0.205078 0.063477
0 0.403320 0.245117 0.404297 0.249023 0.413086 0.250000 0.411133 0.246094
0 0.925781 0.278320 0.928711 0.285156 0.935547 0.288086 0.934570 0.283203
0 0.344727 0.546875 0.344727 0.552734 0.349609 0.557617 0.352539 0.557617 0.350586 0.549805
0 0.963867 0.872070 0.965820 0.876953 0.972656 0.876953 0.970703 0.873047
0 0.299805 0.598633 0.305664 0.599609 0.310547 0.597656 0.311523 0.594727 0.301758 0.594727
0 0.336914 0.488281 0.332031 0.490234 0.331055 0.498047 0.335938 0.495117
0 0.582031 0.716797 0.588867 0.717773 0.593750 0.713867 0.586914 0.711914
0 0.716797 0.705078 0.718750 0.708008 0.728516 0.707031 0.728516 0.704102 0.718750 0.703125
0 0.973633 0.739258 0.971680 0.741211 0.973633 0.746094 0.982422 0.750000 0.981445 0.745117
0 0.950195 0.289062 0.945312 0.290039 0.941406 0.296875 0.948242 0.294922
0 0.157227 0.517578 0.153320 0.519531 0.153320 0.526367 0.158203 0.522461
0 0.973633 0.942383 0.969727 0.947266 0.972656 0.957031 0.976562 0.947266
0 0.748047 0.057617 0.749023 0.064453 0.752930 0.066406 0.751953 0.058594
0 0.845703 0.536133 0.846680 0.541992 0.851562 0.544922 0.851562 0.539062
0 0.427734 0.606445 0.428711 0.611328 0.436523 0.615234 0.435547 0.609375
0 0.692383 0.244141 0.695312 0.248047 0.703125 0.246094 0.700195 0.243164
0 0.675781 0.058594 0.668945 0.062500 0.668945 0.069336 0.674805 0.065430
0 0.207031 0.327148 0.206055 0.331055 0.209961 0.336914 0.211914 0.333008 0.209961 0.328125