0 0.288086 0.423828 0.281250 0.423828 0.277344 0.429688 0.286133 0.428711
0 0.442383 0.385742 0.434570 0.387695 0.432617 0.391602 0.440430 0.390625
0 0.633789 0.183594 0.638672 0.189453 0.645508 0.190430 0.642578 0.184570 0.638672 0.182617
0 0.540039 0.249023 0.542969 0.251953 0.552734 0.250977 0.552734 0.249023 0.541992 0.246094
0 0.523438 0.225586 0.528320 0.230469 0.533203 0.228516 0.530273 0.224609
0 0.091797 0.524414 0.085938 0.524414 0.082031 0.531250 0.089844 0.529297
0 0.211914 0.906250 0.207031 0.910156 0.208008 0.916992 0.211914 0.914062
0 0.866211 0.480469 0.869141 0.486328 0.873047 0.487305 0.875977 0.485352 0.874023 0.481445
0 0.768555 0.285156 0.762695 0.288086 0.761719 0.293945 0.765625 0.293945
0 0.359375 0.741211 0.350586 0.742188 0.348633 0.746094 0.354492 0.747070 0.359375 0.744141
0 0.722656 0.683594 0.720703 0.692383 0.725586 0.697266 0.727539 0.689453
0 0.342773 0.965820 0.342773 0.972656 0.347656 0.977539 0.347656 0.968750 0.345703 0.965820
0 0.418945 0.898438 0.417969 0.907227 0.421875 0.910156 0.423828 0.904297
0 0.029297 0.377930 0.031250 0.386719 0.037109 0.389648 0.035156 0.379883
0 0.914062 0.053711 0.915039 0.059570 0.920898 0.062500 0.919922 0.055664
0 0.159180 0.041992 0.158203 0.049805 0.163086 0.054688 0.164062 0.045898
0 0.514648 0.880859 0.514648 0.883789 0.519531 0.888672 0.524414 0.888672 0.522461 0.882812
0 0.437500 0.667969 0.439453 0.673828 0.443359 0.675781 0.442383 0.669922
0 0.329102 0.623047 0.324219 0.625977 0.324219 0.634766 0.330078 0.628906
0 0.911133 0.036133 0.913086 0.041016 0.918945 0.041992 0.916992 0.037109
0 0.305664 0.036133 0.306641 0.041992 0.312500 0.044922 0.310547 0.037109
0 0.659180 0.671875 0.662109 0.675781 0.670898 0.675781 0.667969 0.671875
0 0.910156 0.645508 0.910156 0.650391 0.916992 0.655273 0.916992 0.649414
0 0.804688 0.696289 0.808594 0.703125 0.813477 0.703125 0.810547 0.697266
0 0.436523 0.712891 0.436523 0.719727 0.442383 0.722656 0.441406 0.715820
0 0.966797 0.976562 0.957031 0.977539 0.954102 0.979492 0.954102 0.982422 0.960938 0.983398 0.966797 0.979492
0 0.984375 0.041016 0.982422 0.048828 0.986328 0.051758 0.988281 0.046875 0.986328 0.041016
0 0.946289 0.808594 0.950195 0.814453 0.955078 0.815430 0.952148 0.809570
0 0.989258 0.317383 0.983398 0.317383 0.980469 0.319336 0.980469 0.322266 0.987305 0.321289
0 0.104492 0.377930 0.102539 0.386719 0.107422 0.391602 0.108398 0.381836
0 0.894531 0.253906 0.899414 0.258789 0.907227 0.257812 0.907227 0.254883 0.902344 0.252930
0 0.194336 0.373047 0.187500 0.376953 0.186523 0.381836 0.190430 0.381836 0.193359 0.378906
0 0.539062 0.622070 0.541016 0.630859 0.545898 0.632812 0.544922 0.625000
0 0.207031 0.735352 0.209961 0.742188 0.217773 0.744141 0.217773 0.741211 0.212891 0.736328
0 0.528320 0.073242 0.528320 0.080078 0.533203 0.083008 0.532227 0.075195
0 0.008789 0.003906 0.008789 0.012695 0.012695 0.016602 0.013672 0.005859
0 0.628906 0.957031 0.624023 0.958984 0.622070 0.964844 0.624023 0.967773 0.628906 0.962891
0 0.404297 0.802734 0.404297 0.805664 0.407227 0.807617 0.417969 0.806641 0.417969 0.803711 0.407227 0.800781
0 0.450195 0.969727 0.454102 0.976562 0.464844 0.978516 0.462891 0.972656
0 0.323242 0.816406 0.325195 0.823242 0.331055 0.827148 0.333008 0.826172 0.332031 0.820312 0.329102 0.817383
0 0.910156 0.606445 0.914062 0.613281 0.919922 0.614258 0.916992 0.608398
0 0.093750 0.825195 0.090820 0.827148 0.091797 0.834961 0.094727 0.831055
0 0.225586 0.036133 0.220703 0.038086 0.218750 0.046875 0.224609 0.042969
0 0.082031 0.686523 0.081055 0.695312 0.084961 0.700195 0.086914 0.698242 0.086914 0.691406
0 0.861328 0.122070 0.852539 0.124023 0.852539 0.127930 0.858398 0.126953
0 0.594727 0.018555 0.594727 0.024414 0.601562 0.027344 0.599609 0.020508
0 0.597656 0.347656 0.592773 0.349609 0.590820 0.356445 0.596680 0.353516
0 0.687500 0.802734 0.690430 0.806641 0.697266 0.806641 0.695312 0.802734
0 0.269531 0.705078 0.264648 0.708008 0.264648 0.714844 0.269531 0.711914
0 0.490234 0.797852 0.491211 0.800781 0.500000 0.798828 0.498047 0.795898
0 0.914062 0.094727 0.915039 0.101562 0.918945 0.103516 0.917969 0.095703
0 0.834961 0.795898 0.835938 0.799805 0.846680 0.798828 0.842773 0.794922
0 0.441406 0.198242 0.440430 0.209961 0.443359 0.210938 0.445312 0.199219
0 0.521484 0.250000 0.512695 0.250977 0.510742 0.255859 0.516602 0.255859
0 0.170898 0.483398 0.169922 0.491211 0.174805 0.494141 0.175781 0.488281