0 0.742188 0.508789 0.741211 0.515625 0.743164 0.519531 0.746094 0.519531 0.747070 0.514648
0 0.803711 0.606445 0.802734 0.613281 0.807617 0.618164 0.808594 0.610352
0 0.390625 0.811523 0.390625 0.818359 0.394531 0.821289 0.394531 0.814453
0 0.881836 0.656250 0.875977 0.658203 0.874023 0.664062 0.877930 0.664062
0 0.124023 0.617188 0.123047 0.624023 0.127930 0.628906 0.128906 0.623047
0 0.108398 0.125000 0.109375 0.130859 0.115234 0.132812 0.114258 0.127930
0 0.083984 0.841797 0.079102 0.843750 0.077148 0.849609 0.083008 0.846680
0 0.816406 0.598633 0.823242 0.602539 0.828125 0.600586 0.828125 0.597656 0.825195 0.595703
0 0.530273 0.392578 0.526367 0.396484 0.527344 0.407227 0.532227 0.403320 0.533203 0.397461
0 0.273438 0.049805 0.265625 0.049805 0.261719 0.053711 0.271484 0.053711
0 0.843750 0.356445 0.838867 0.357422 0.836914 0.365234 0.842773 0.361328
0 0.583008 0.408203 0.585938 0.412109 0.592773 0.412109 0.590820 0.408203
0 0.708984 0.060547 0.711914 0.066406 0.717773 0.067383 0.716797 0.062500
0 0.543945 0.586914 0.543945 0.592773 0.546875 0.595703 0.548828 0.591797
0 0.315430 0.598633 0.316406 0.605469 0.321289 0.608398 0.322266 0.602539
0 0.982422 0.425781 0.978516 0.426758 0.974609 0.433594 0.981445 0.431641
0 0.978516 0.029297 0.979492 0.031250 0.988281 0.030273 0.986328 0.027344
0 0.575195 0.951172 0.580078 0.958008 0.584961 0.958984 0.584961 0.955078 0.582031 0.952148
0 0.583984 0.689453 0.583984 0.695312 0.589844 0.699219 0.589844 0.693359
0 0.802734 0.358398 0.796875 0.358398 0.791992 0.363281 0.799805 0.363281 0.802734 0.361328
0 0.551758 0.441406 0.551758 0.445312 0.559570 0.449219 0.557617 0.443359
0 0.294922 0.624023 0.291016 0.624023 0.286133 0.630859 0.293945 0.629883
0 0.949219 0.215820 0.942383 0.218750 0.940430 0.224609 0.946289 0.223633
0 0.580078 0.519531 0.580078 0.529297 0.583008 0.533203 0.585938 0.533203 0.585938 0.522461 0.583984 0.519531
0 0.720703 0.315430 0.724609 0.321289 0.733398 0.322266 0.729492 0.316406
0 0.495117 0.048828 0.497070 0.052734 0.505859 0.053711 0.500000 0.047852
0 0.416992 0.945312 0.417969 0.950195 0.423828 0.954102 0.423828 0.948242
0 0.767578 0.663086 0.765625 0.665039 0.765625 0.671875 0.771484 0.676758 0.771484 0.667969
0 0.255859 0.272461 0.258789 0.278320 0.262695 0.278320 0.260742 0.273438
0 0.166992 0.924805 0.171875 0.930664 0.176758 0.929688 0.172852 0.924805
0 0.237305 0.021484 0.239258 0.027344 0.249023 0.029297 0.246094 0.023438
0 0.499023 0.079102 0.499023 0.087891 0.501953 0.089844 0.502930 0.080078
0 0.647461 0.195312 0.647461 0.200195 0.653320 0.205078 0.653320 0.198242
0 0.172852 0.528320 0.164062 0.528320 0.159180 0.533203 0.166992 0.534180
0 0.188477 0.409180 0.180664 0.410156 0.178711 0.414062 0.185547 0.414062
0 0.724609 0.876953 0.732422 0.876953 0.736328 0.872070 0.728516 0.871094 0.724609 0.874023
0 0.497070 0.188477 0.499023 0.191406 0.507812 0.192383 0.502930 0.187500
0 0.389648 0.578125 0.389648 0.584961 0.393555 0.588867 0.393555 0.579102
0 0.642578 0.502930 0.646484 0.508789 0.652344 0.509766 0.650391 0.503906
0 0.128906 0.651367 0.121094 0.652344 0.121094 0.656250 0.127930 0.654297
0 0.368164 0.272461 0.368164 0.276367 0.375977 0.280273 0.375000 0.276367
0 0.298828 0.252930 0.295898 0.250977 0.291016 0.251953 0.288086 0.256836 0.294922 0.256836
0 0.770508 0.600586 0.764648 0.601562 0.761719 0.606445 0.768555 0.605469
0 0.279297 0.605469 0.281250 0.614258 0.285156 0.616211 0.285156 0.607422
0 0.466797 0.035156 0.471680 0.035156 0.474609 0.031250 0.468750 0.031250
0 0.404297 0.040039 0.406250 0.044922 0.412109 0.045898 0.411133 0.041992
0 0.285156 0.429688 0.289062 0.432617 0.296875 0.431641 0.293945 0.427734 0.287109 0.427734
0 0.179688 0.541992 0.178711 0.543945 0.181641 0.548828 0.186523 0.549805 0.185547 0.544922
0 0.738281 0.320312 0.739258 0.329102 0.743164 0.331055 0.743164 0.322266
0 0.798828 0.290039 0.793945 0.291016 0.791992 0.297852 0.797852 0.293945
0 0.138672 0.502930 0.144531 0.507812 0.149414 0.507812 0.149414 0.504883 0.145508 0.501953
0 0.073242 0.755859 0.066406 0.755859 0.061523 0.761719 0.069336 0.761719 0.073242 0.758789
0 0.214844 0.744141 0.213867 0.752930 0.214844 0.755859 0.217773 0.755859 0.218750 0.746094
0 0.515625 0.776367 0.509766 0.777344 0.506836 0.783203 0.514648 0.781250
0 0.576172 0.736328 0.569336 0.736328 0.565430 0.740234 0.571289 0.741211
0 0.318359 0.687500 0.321289 0.692383 0.327148 0.694336 0.324219 0.687500
0 0.299805 0.158203 0.297852 0.166016 0.301758 0.170898 0.303711 0.161133
0 0.935547 0.375977 0.934570 0.378906 0.937500 0.384766 0.942383 0.386719 0.942383 0.379883
0 0.190430 0.456055 0.189453 0.458984 0.192383 0.466797 0.194336 0.464844 0.194336 0.458008
0 0.146484 0.906250 0.146484 0.911133 0.151367 0.915039 0.151367 0.908203
0 0.106445 0.148438 0.105469 0.153320 0.108398 0.158203 0.109375 0.150391
0 0.613281 0.903320 0.617188 0.908203 0.624023 0.910156 0.622070 0.904297
0 0.253906 0.563477 0.257812 0.566406 0.264648 0.566406 0.262695 0.561523 0.255859 0.561523
0 0.791016 0.681641 0.789062 0.679688 0.785156 0.680664 0.782227 0.686523 0.789062 0.684570
0 0.600586 0.612305 0.597656 0.613281 0.596680 0.617188 0.598633 0.624023 0.602539 0.617188
0 0.134766 0.526367 0.132812 0.524414 0.126953 0.526367 0.123047 0.533203 0.125977 0.534180 0.132812 0.531250
0 0.707031 0.608398 0.704102 0.612305 0.705078 0.618164 0.708984 0.614258 0.708984 0.609375
0 0.461914 0.287109 0.459961 0.291016 0.461914 0.296875 0.465820 0.299805 0.465820 0.290039