0 0.584961 0.050781 0.580078 0.053711 0.578125 0.062500 0.583984 0.059570
0 0.576172 0.518555 0.575195 0.526367 0.578125 0.528320 0.579102 0.521484
0 0.148438 0.064453 0.152344 0.069336 0.159180 0.070312 0.157227 0.065430
0 0.918945 0.657227 0.916992 0.665039 0.919922 0.668945 0.921875 0.660156
0 0.764648 0.519531 0.764648 0.524414 0.770508 0.527344 0.770508 0.523438
0 0.978516 0.956055 0.979492 0.958984 0.988281 0.958984 0.988281 0.955078
0 0.129883 0.456055 0.130859 0.462891 0.135742 0.464844 0.135742 0.459961
0 0.626953 0.853516 0.625977 0.860352 0.629883 0.864258 0.630859 0.856445
0 0.515625 0.174805 0.517578 0.182617 0.525391 0.185547 0.524414 0.179688
0 0.752930 0.226562 0.757812 0.230469 0.763672 0.229492 0.759766 0.225586
0 0.786133 0.890625 0.782227 0.893555 0.782227 0.902344 0.787109 0.896484
0 0.031250 0.702148 0.024414 0.703125 0.021484 0.708008 0.029297 0.707031
0 0.197266 0.452148 0.197266 0.459961 0.202148 0.464844 0.202148 0.455078 0.200195 0.452148
0 0.845703 0.860352 0.846680 0.865234 0.853516 0.869141 0.852539 0.863281 0.849609 0.860352
0 0.592773 0.442383 0.586914 0.443359 0.583984 0.448242 0.589844 0.448242
0 0.147461 0.308594 0.138672 0.308594 0.136719 0.312500 0.142578 0.313477
0 0.462891 0.188477 0.455078 0.189453 0.452148 0.195312 0.458984 0.195312
0 0.731445 0.603516 0.722656 0.603516 0.720703 0.607422 0.727539 0.607422
0 0.943359 0.211914 0.944336 0.215820 0.953125 0.215820 0.948242 0.211914
0 0.062500 0.386719 0.065430 0.392578 0.075195 0.394531 0.071289 0.387695
0 0.301758 0.552734 0.307617 0.554688 0.312500 0.550781 0.304688 0.549805
0 0.043945 0.813477 0.040039 0.814453 0.040039 0.825195 0.043945 0.822266
0 0.205078 0.409180 0.204102 0.413086 0.209961 0.416992 0.208984 0.411133
0 0.643555 0.636719 0.639648 0.637695 0.638672 0.643555 0.643555 0.640625
0 0.094727 0.548828 0.092773 0.549805 0.093750 0.559570 0.096680 0.552734
0 0.953125 0.421875 0.945312 0.422852 0.942383 0.427734 0.951172 0.426758
0 0.928711 0.709961 0.921875 0.710938 0.917969 0.715820 0.917969 0.719727 0.926758 0.716797
0 0.125977 0.961914 0.126953 0.964844 0.135742 0.964844 0.133789 0.960938
0 0.313477 0.473633 0.308594 0.472656 0.302734 0.477539 0.308594 0.478516
0 0.720703 0.285156 0.721680 0.289062 0.728516 0.291016 0.726562 0.286133
0 0.774414 0.047852 0.778320 0.051758 0.785156 0.050781 0.782227 0.046875