0 0.214844 0.262695 0.213867 0.271484 0.215820 0.275391 0.218750 0.275391 0.218750 0.266602
0 0.116211 0.010742 0.124023 0.013672 0.128906 0.009766 0.126953 0.007812 0.120117 0.007812
0 0.839844 0.217773 0.838867 0.223633 0.842773 0.227539 0.844727 0.220703
0 0.527344 0.815430 0.529297 0.819336 0.539062 0.818359 0.537109 0.814453
0 0.125977 0.728516 0.122070 0.732422 0.123047 0.739258 0.126953 0.735352
0 0.655273 0.783203 0.658203 0.786133 0.664062 0.785156 0.662109 0.782227
0 0.595703 0.479492 0.585938 0.481445 0.585938 0.485352 0.593750 0.484375
0 0.817383 0.612305 0.813477 0.610352 0.807617 0.612305 0.806641 0.615234 0.815430 0.616211
0 0.865234 0.660156 0.864258 0.665039 0.868164 0.670898 0.870117 0.666016
0 0.883789 0.893555 0.892578 0.894531 0.895508 0.891602 0.883789 0.890625
0 0.662109 0.476562 0.662109 0.479492 0.671875 0.479492 0.670898 0.475586
0 0.652344 0.824219 0.653320 0.828125 0.663086 0.827148 0.660156 0.824219
0 0.312500 0.041992 0.311523 0.046875 0.316406 0.051758 0.316406 0.043945
0 0.395508 0.809570 0.397461 0.817383 0.403320 0.819336 0.402344 0.813477
0 0.788086 0.399414 0.780273 0.399414 0.777344 0.405273 0.785156 0.404297
0 0.199219 0.845703 0.201172 0.850586 0.209961 0.852539 0.208008 0.847656
0 0.936523 0.482422 0.929688 0.485352 0.927734 0.493164 0.935547 0.490234
0 0.913086 0.701172 0.913086 0.706055 0.916992 0.710938 0.917969 0.705078
0 0.343750 0.574219 0.344727 0.578125 0.355469 0.576172 0.351562 0.573242
0 0.759766 0.632812 0.755859 0.635742 0.757812 0.643555 0.760742 0.640625
0 0.139648 0.097656 0.144531 0.098633 0.151367 0.094727 0.143555 0.092773 0.139648 0.094727
0 0.066406 0.456055 0.058594 0.457031 0.056641 0.460938 0.063477 0.460938
0 0.452148 0.222656 0.455078 0.225586 0.461914 0.224609 0.461914 0.221680 0.458008 0.220703
0 0.294922 0.161133 0.294922 0.166992 0.300781 0.169922 0.300781 0.165039
0 0.732422 0.121094 0.729492 0.121094 0.727539 0.124023 0.729492 0.130859
0 0.618164 0.611328 0.616211 0.612305 0.617188 0.621094 0.620117 0.619141
0 0.325195 0.945312 0.317383 0.948242 0.316406 0.956055 0.324219 0.951172
0 0.676758 0.833008 0.678711 0.838867 0.686523 0.840820 0.682617 0.833984
0 0.543945 0.796875 0.538086 0.799805 0.537109 0.805664 0.542969 0.802734
0 0.547852 0.619141 0.550781 0.625977 0.558594 0.626953 0.555664 0.621094
0 0.948242 0.652344 0.943359 0.655273 0.942383 0.662109 0.947266 0.659180
0 0.513672 0.169922 0.514648 0.176758 0.519531 0.179688 0.518555 0.171875
0 0.246094 0.190430 0.244141 0.195312 0.246094 0.200195 0.248047 0.200195 0.249023 0.193359
0 0.869141 0.746094 0.876953 0.747070 0.882812 0.743164 0.875000 0.741211
0 0.146484 0.434570 0.144531 0.432617 0.139648 0.433594 0.135742 0.438477 0.143555 0.437500
0 0.749023 0.231445 0.743164 0.231445 0.739258 0.234375 0.738281 0.238281 0.747070 0.236328
0 0.106445 0.979492 0.101562 0.978516 0.098633 0.985352 0.103516 0.984375
0 0.454102 0.146484 0.449219 0.146484 0.445312 0.150391 0.445312 0.154297 0.452148 0.152344
0 0.473633 0.970703 0.470703 0.972656 0.472656 0.982422 0.474609 0.977539
0 0.777344 0.710938 0.778320 0.720703 0.784180 0.722656 0.782227 0.712891
0 0.030273 0.006836 0.030273 0.012695 0.040039 0.017578 0.041016 0.015625 0.037109 0.008789