0 0.270508 0.081055 0.264648 0.083008 0.263672 0.086914 0.268555 0.086914
0 0.106445 0.728516 0.109375 0.735352 0.116211 0.737305 0.115234 0.732422 0.111328 0.728516
0 0.083008 0.078125 0.078125 0.080078 0.078125 0.086914 0.082031 0.084961
0 0.349609 0.936523 0.345703 0.936523 0.341797 0.940430 0.340820 0.946289 0.348633 0.942383
0 0.971680 0.589844 0.973633 0.594727 0.982422 0.596680 0.978516 0.589844
0 0.403320 0.102539 0.404297 0.106445 0.411133 0.107422 0.408203 0.102539
0 0.119141 0.669922 0.118164 0.674805 0.123047 0.680664 0.124023 0.674805
0 0.762695 0.915039 0.765625 0.918945 0.772461 0.917969 0.768555 0.914062
0 0.252930 0.616211 0.252930 0.620117 0.257812 0.624023 0.256836 0.617188
0 0.578125 0.773438 0.576172 0.780273 0.578125 0.785156 0.580078 0.785156 0.581055 0.777344
0 0.262695 0.600586 0.261719 0.606445 0.266602 0.611328 0.266602 0.604492
0 0.291992 0.271484 0.293945 0.278320 0.298828 0.282227 0.300781 0.281250 0.298828 0.274414
0 0.591797 0.161133 0.592773 0.169922 0.597656 0.172852 0.597656 0.165039
0 0.092773 0.955078 0.091797 0.961914 0.095703 0.964844 0.095703 0.956055
0 0.825195 0.640625 0.826172 0.643555 0.833008 0.645508 0.833008 0.641602
0 0.415039 0.036133 0.416016 0.040039 0.420898 0.042969 0.420898 0.038086
0 0.374023 0.803711 0.369141 0.807617 0.370117 0.815430 0.373047 0.815430 0.375000 0.810547
0 0.294922 0.601562 0.290039 0.603516 0.287109 0.608398 0.288086 0.610352 0.293945 0.607422
0 0.102539 0.666992 0.100586 0.674805 0.104492 0.679688 0.105469 0.668945
0 0.948242 0.198242 0.945312 0.200195 0.945312 0.207031 0.948242 0.205078
0 0.874023 0.079102 0.869141 0.080078 0.867188 0.085938 0.870117 0.085938
0 0.468750 0.322266 0.461914 0.324219 0.459961 0.331055 0.465820 0.329102 0.468750 0.326172
0 0.625000 0.740234 0.622070 0.740234 0.620117 0.743164 0.622070 0.750000
0 0.733398 0.370117 0.730469 0.370117 0.728516 0.373047 0.729492 0.381836 0.733398 0.376953
0 0.336914 0.919922 0.338867 0.924805 0.344727 0.925781 0.343750 0.921875
0 0.482422 0.373047 0.481445 0.379883 0.483398 0.383789 0.485352 0.375977
0 0.390625 0.386719 0.389648 0.394531 0.392578 0.398438 0.394531 0.396484 0.394531 0.389648
0 0.564453 0.524414 0.566406 0.528320 0.575195 0.526367
0 0.783203 0.457031 0.774414 0.457031 0.772461 0.460938 0.779297 0.460938
0 0.225586 0.974609 0.228516 0.978516 0.236328 0.977539 0.233398 0.973633
0 0.227539 0.711914 0.229492 0.719727 0.234375 0.723633 0.237305 0.722656 0.235352 0.715820
0 0.053711 0.153320 0.063477 0.156250 0.063477 0.153320 0.059570 0.151367
0 0.332031 0.342773 0.326172 0.346680 0.326172 0.352539 0.331055 0.350586
0 0.309570 0.104492 0.310547 0.110352 0.315430 0.114258 0.317383 0.112305 0.315430 0.107422
0 0.333984 0.017578 0.330078 0.019531 0.331055 0.029297 0.334961 0.021484
0 0.701172 0.590820 0.696289 0.590820 0.692383 0.596680 0.698242 0.595703
0 0.019531 0.054688 0.013672 0.054688 0.011719 0.058594 0.016602 0.058594
0 0.526367 0.515625 0.528320 0.519531 0.534180 0.521484 0.532227 0.515625
0 0.567383 0.250000 0.562500 0.251953 0.561523 0.257812 0.567383 0.253906
0 0.688477 0.608398 0.697266 0.610352 0.699219 0.604492 0.693359 0.604492
0 0.888672 0.600586 0.890625 0.604492 0.900391 0.603516 0.899414 0.600586 0.893555 0.598633
0 0.719727 0.338867 0.714844 0.340820 0.713867 0.347656 0.719727 0.343750
0 0.531250 0.887695 0.533203 0.892578 0.540039 0.892578 0.539062 0.888672
0 0.893555 0.743164 0.894531 0.748047 0.900391 0.750977 0.899414 0.745117
0 0.691406 0.639648 0.692383 0.647461 0.699219 0.651367 0.699219 0.644531
0 0.054688 0.245117 0.056641 0.250000 0.064453 0.249023 0.061523 0.245117
0 0.320312 0.514648 0.318359 0.519531 0.319336 0.524414 0.322266 0.526367 0.324219 0.518555
0 0.563477 0.645508 0.564453 0.649414 0.573242 0.649414 0.570312 0.645508
0 0.924805 0.783203 0.927734 0.789062 0.935547 0.790039 0.933594 0.785156
0 0.950195 0.693359 0.950195 0.702148 0.956055 0.707031 0.956055 0.698242 0.953125 0.693359
0 0.657227 0.095703 0.657227 0.100586 0.661133 0.105469 0.661133 0.096680
0 0.299805 0.441406 0.300781 0.445312 0.309570 0.446289 0.308594 0.442383
0 0.447266 0.815430 0.453125 0.821289 0.458984 0.820312 0.456055 0.815430
0 0.377930 0.736328 0.377930 0.745117 0.380859 0.748047 0.381836 0.737305
0 0.190430 0.551758 0.189453 0.558594 0.194336 0.563477 0.195312 0.556641
0 0.558594 0.118164 0.557617 0.125000 0.561523 0.128906 0.562500 0.121094
0 0.508789 0.706055 0.509766 0.709961 0.517578 0.710938 0.515625 0.707031
0 0.548828 0.693359 0.541992 0.693359 0.538086 0.698242 0.546875 0.698242
0 0.280273 0.290039 0.280273 0.297852 0.284180 0.301758 0.285156 0.291992
0 0.063477 0.579102 0.056641 0.580078 0.054688 0.585938 0.061523 0.583984
0 0.765625 0.837891 0.770508 0.838867 0.774414 0.833984 0.768555 0.833984