0 0.408203 0.165039 0.412109 0.170898 0.418945 0.172852 0.417969 0.167969
0 0.753906 0.062500 0.757812 0.070312 0.763672 0.070312 0.760742 0.064453
0 0.293945 0.544922 0.294922 0.549805 0.301758 0.553711 0.300781 0.546875
0 0.117188 0.393555 0.122070 0.394531 0.125977 0.389648 0.120117 0.389648
0 0.189453 0.190430 0.184570 0.192383 0.183594 0.199219 0.188477 0.196289
0 0.957031 0.387695 0.952148 0.388672 0.949219 0.395508 0.953125 0.395508
0 0.532227 0.242188 0.534180 0.246094 0.542969 0.244141 0.537109 0.241211
0 0.026367 0.041016 0.026367 0.047852 0.032227 0.051758 0.031250 0.043945
0 0.931641 0.312500 0.925781 0.315430 0.924805 0.323242 0.931641 0.318359
0 0.970703 0.916992 0.974609 0.922852 0.980469 0.923828 0.977539 0.916992
0 0.671875 0.372070 0.673828 0.376953 0.681641 0.377930 0.678711 0.373047
0 0.140625 0.173828 0.139648 0.179688 0.144531 0.184570 0.144531 0.176758
0 0.712891 0.265625 0.708008 0.264648 0.703125 0.268555 0.709961 0.269531
0 0.342773 0.572266 0.346680 0.577148 0.353516 0.578125 0.351562 0.573242
0 0.576172 0.560547 0.577148 0.568359 0.583008 0.571289 0.581055 0.561523
0 0.984375 0.561523 0.979492 0.562500 0.976562 0.568359 0.984375 0.565430
0 0.628906 0.681641 0.631836 0.686523 0.638672 0.686523 0.636719 0.682617
0 0.896484 0.019531 0.890625 0.020508 0.888672 0.025391 0.894531 0.024414
0 0.874023 0.690430 0.871094 0.690430 0.869141 0.693359 0.870117 0.701172 0.874023 0.698242
0 0.868164 0.830078 0.872070 0.833984 0.878906 0.833008 0.875977 0.830078
0 0.723633 0.906250 0.722656 0.912109 0.725586 0.915039 0.727539 0.908203
0 0.334961 0.826172 0.336914 0.833984 0.344727 0.837891 0.342773 0.829102 0.337891 0.825195
0 0.159180 0.727539 0.163086 0.731445 0.171875 0.729492 0.168945 0.725586
0 0.704102 0.502930 0.705078 0.507812 0.709961 0.510742 0.708984 0.504883
0 0.758789 0.793945 0.758789 0.799805 0.763672 0.805664 0.764648 0.799805
0 0.338867 0.311523 0.341797 0.316406 0.350586 0.317383 0.348633 0.312500 0.344727 0.310547
0 0.315430 0.377930 0.311523 0.378906 0.311523 0.389648 0.315430 0.386719
0 0.163086 0.368164 0.166016 0.372070 0.173828 0.370117 0.170898 0.367188
0 0.950195 0.446289 0.952148 0.451172 0.957031 0.452148 0.955078 0.446289
0 0.446289 0.481445 0.442383 0.481445 0.439453 0.484375 0.437500 0.492188 0.444336 0.488281
0 0.508789 0.568359 0.508789 0.574219 0.515625 0.578125 0.513672 0.570312
0 0.648438 0.896484 0.642578 0.897461 0.640625 0.902344 0.646484 0.900391
0 0.293945 0.791992 0.291016 0.790039 0.285156 0.791016 0.280273 0.795898 0.283203 0.797852 0.289062 0.796875
0 0.393555 0.967773 0.388672 0.968750 0.385742 0.972656 0.391602 0.972656
0 0.061523 0.543945 0.063477 0.547852 0.071289 0.548828 0.067383 0.543945
0 0.683594 0.543945 0.678711 0.545898 0.676758 0.553711 0.684570 0.547852
0 0.280273 0.181641 0.279297 0.188477 0.282227 0.190430 0.284180 0.182617