0 0.281250 0.310547 0.282227 0.313477 0.287109 0.315430 0.294922 0.314453 0.291016 0.309570
0 0.672852 0.096680 0.673828 0.101562 0.679688 0.104492 0.680664 0.100586
0 0.954102 0.012695 0.958008 0.017578 0.964844 0.017578 0.964844 0.014648 0.961914 0.012695
0 0.203125 0.013672 0.198242 0.014648 0.197266 0.025391 0.201172 0.023438
0 0.544922 0.972656 0.540039 0.976562 0.541016 0.984375 0.543945 0.984375 0.545898 0.979492
0 0.462891 0.233398 0.470703 0.234375 0.473633 0.230469 0.467773 0.229492
0 0.031250 0.686523 0.027344 0.687500 0.027344 0.697266 0.032227 0.692383
0 0.441406 0.370117 0.436523 0.372070 0.435547 0.378906 0.440430 0.375977
0 0.087891 0.870117 0.087891 0.873047 0.097656 0.872070 0.097656 0.869141
0 0.217773 0.939453 0.217773 0.946289 0.223633 0.950195 0.222656 0.942383
0 0.516602 0.542969 0.511719 0.544922 0.512695 0.551758 0.516602 0.547852
0 0.325195 0.215820 0.321289 0.216797 0.319336 0.224609 0.324219 0.222656
0 0.413086 0.511719 0.413086 0.521484 0.416016 0.524414 0.417969 0.522461 0.417969 0.515625 0.416016 0.511719
0 0.786133 0.444336 0.785156 0.449219 0.788086 0.454102 0.789062 0.446289
0 0.306641 0.603516 0.307617 0.611328 0.312500 0.614258 0.311523 0.606445
0 0.501953 0.156250 0.500000 0.160156 0.502930 0.166992 0.505859 0.167969 0.505859 0.160156
0 0.913086 0.440430 0.906250 0.442383 0.903320 0.448242 0.910156 0.447266
0 0.118164 0.291016 0.118164 0.296875 0.123047 0.299805 0.123047 0.293945
0 0.760742 0.585938 0.764648 0.588867 0.771484 0.588867 0.771484 0.585938 0.768555 0.583984
0 0.772461 0.987305 0.773438 0.990234 0.782227 0.990234 0.782227 0.986328
0 0.288086 0.725586 0.288086 0.730469 0.292969 0.735352 0.292969 0.728516
0 0.478516 0.911133 0.472656 0.914062 0.470703 0.922852 0.477539 0.919922
0 0.351562 0.871094 0.355469 0.875000 0.362305 0.875000 0.362305 0.872070 0.359375 0.870117
0 0.425781 0.845703 0.419922 0.845703 0.416016 0.850586 0.420898 0.851562 0.425781 0.848633
0 0.644531 0.925781 0.647461 0.931641 0.655273 0.932617 0.651367 0.926758
0 0.121094 0.111328 0.117188 0.112305 0.118164 0.122070 0.121094 0.119141
0 0.752930 0.041992 0.752930 0.047852 0.759766 0.051758 0.757812 0.043945
0 0.692383 0.174805 0.700195 0.174805 0.703125 0.172852 0.703125 0.169922 0.696289 0.169922
0 0.319336 0.364258 0.312500 0.365234 0.310547 0.372070 0.316406 0.370117
0 0.333008 0.814453 0.329102 0.813477 0.323242 0.819336 0.332031 0.819336
0 0.262695 0.240234 0.265625 0.246094 0.271484 0.247070 0.268555 0.241211
0 0.594727 0.674805 0.586914 0.674805 0.584961 0.679688 0.591797 0.678711
0 0.106445 0.361328 0.102539 0.361328 0.099609 0.364258 0.098633 0.370117 0.105469 0.365234
0 0.252930 0.359375 0.246094 0.359375 0.242188 0.365234 0.250000 0.364258
0 0.931641 0.193359 0.931641 0.197266 0.936523 0.200195 0.935547 0.193359
0 0.477539 0.566406 0.470703 0.567383 0.467773 0.573242 0.473633 0.572266
0 0.128906 0.239258 0.131836 0.244141 0.137695 0.246094 0.137695 0.242188 0.134766 0.239258
0 0.748047 0.184570 0.748047 0.190430 0.750977 0.194336 0.751953 0.186523
0 0.323242 0.381836 0.319336 0.383789 0.318359 0.392578 0.323242 0.389648
0 0.633789 0.283203 0.629883 0.282227 0.623047 0.286133 0.624023 0.288086 0.631836 0.287109
0 0.821289 0.795898 0.823242 0.799805 0.832031 0.797852 0.830078 0.794922
0 0.527344 0.159180 0.524414 0.165039 0.526367 0.169922 0.529297 0.167969 0.529297 0.161133
0 0.415039 0.153320 0.411133 0.154297 0.409180 0.163086 0.415039 0.159180
0 0.032227 0.906250 0.032227 0.910156 0.039062 0.914062 0.039062 0.910156
0 0.849609 0.244141 0.843750 0.247070 0.842773 0.253906 0.848633 0.250000
0 0.760742 0.527344 0.758789 0.529297 0.758789 0.537109 0.762695 0.534180
0 0.293945 0.645508 0.297852 0.652344 0.305664 0.653320 0.301758 0.646484
0 0.257812 0.723633 0.253906 0.727539 0.253906 0.732422 0.257812 0.731445
0 0.867188 0.266602 0.867188 0.271484 0.875977 0.275391 0.874023 0.269531
0 0.647461 0.668945 0.649414 0.677734 0.653320 0.678711 0.651367 0.668945
0 0.905273 0.296875 0.902344 0.301758 0.904297 0.307617 0.907227 0.304688
0 0.116211 0.273438 0.111328 0.273438 0.107422 0.278320 0.115234 0.276367
0 0.091797 0.703125 0.090820 0.708008 0.093750 0.714844 0.095703 0.714844 0.096680 0.707031 0.094727 0.703125
0 0.799805 0.735352 0.792969 0.738281 0.792969 0.744141 0.797852 0.741211
0 0.863281 0.524414 0.862305 0.531250 0.866211 0.537109 0.868164 0.535156 0.868164 0.528320 0.866211 0.524414
0 0.850586 0.657227 0.845703 0.659180 0.843750 0.667969 0.848633 0.666016
0 0.664062 0.127930 0.662109 0.129883 0.663086 0.134766 0.667969 0.138672 0.666992 0.130859
0 0.680664 0.946289 0.682617 0.953125 0.690430 0.955078 0.687500 0.948242