0 0.959961 0.775391 0.962891 0.778320 0.970703 0.776367 0.968750 0.773438 0.961914 0.773438
0 0.898438 0.326172 0.897461 0.333008 0.900391 0.335938 0.902344 0.330078
0 0.431641 0.527344 0.433594 0.532227 0.440430 0.533203 0.436523 0.527344
0 0.756836 0.043945 0.757812 0.050781 0.761719 0.053711 0.762695 0.047852
0 0.669922 0.599609 0.666016 0.602539 0.666992 0.609375 0.670898 0.602539
0 0.513672 0.414062 0.506836 0.417969 0.506836 0.424805 0.512695 0.420898
0 0.630859 0.737305 0.631836 0.742188 0.640625 0.747070 0.638672 0.740234
0 0.418945 0.971680 0.411133 0.973633 0.408203 0.979492 0.414062 0.979492
0 0.230469 0.775391 0.224609 0.778320 0.223633 0.783203 0.229492 0.781250
0 0.939453 0.451172 0.933594 0.454102 0.932617 0.458984 0.934570 0.459961 0.938477 0.457031
0 0.552734 0.064453 0.546875 0.066406 0.544922 0.072266 0.549805 0.071289
0 0.445312 0.312500 0.438477 0.313477 0.433594 0.319336 0.435547 0.321289 0.443359 0.318359
0 0.209961 0.779297 0.204102 0.784180 0.204102 0.790039 0.208984 0.789062
0 0.378906 0.856445 0.373047 0.861328 0.373047 0.870117 0.375977 0.870117 0.378906 0.865234
0 0.597656 0.810547 0.595703 0.818359 0.597656 0.822266 0.600586 0.822266 0.601562 0.813477
0 0.953125 0.468750 0.948242 0.471680 0.947266 0.478516 0.952148 0.476562
0 0.599609 0.670898 0.593750 0.675781 0.593750 0.683594 0.599609 0.680664
0 0.918945 0.040039 0.919922 0.046875 0.925781 0.050781 0.925781 0.044922 0.921875 0.040039
0 0.942383 0.933594 0.939453 0.933594 0.937500 0.936523 0.937500 0.944336 0.943359 0.938477
0 0.179688 0.919922 0.182617 0.925781 0.189453 0.926758 0.187500 0.921875
0 0.457031 0.287109 0.459961 0.291992 0.467773 0.291992 0.463867 0.287109
0 0.222656 0.357422 0.216797 0.357422 0.212891 0.362305 0.217773 0.363281
0 0.708984 0.635742 0.708984 0.638672 0.711914 0.640625 0.719727 0.640625 0.714844 0.635742
0 0.300781 0.277344 0.295898 0.280273 0.295898 0.289062 0.301758 0.283203
0 0.821289 0.909180 0.816406 0.908203 0.811523 0.912109 0.818359 0.913086 0.821289 0.912109
0 0.014648 0.418945 0.015625 0.422852 0.027344 0.421875 0.025391 0.417969