0 0.645508 0.503906 0.652344 0.512695 0.657227 0.512695 0.653320 0.504883
0 0.867188 0.958984 0.863281 0.962891 0.863281 0.969727 0.866211 0.969727 0.868164 0.966797
0 0.648438 0.830078 0.641602 0.829102 0.636719 0.831055 0.635742 0.833984 0.645508 0.834961
0 0.400391 0.666016 0.401367 0.671875 0.405273 0.673828 0.404297 0.667969
0 0.126953 0.395508 0.125977 0.402344 0.131836 0.406250 0.130859 0.398438
0 0.210938 0.689453 0.203125 0.693359 0.202148 0.701172 0.210938 0.694336
0 0.879883 0.109375 0.873047 0.113281 0.872070 0.118164 0.874023 0.119141 0.878906 0.115234
0 0.117188 0.089844 0.119141 0.094727 0.125977 0.095703 0.122070 0.089844
0 0.666016 0.824219 0.663086 0.825195 0.660156 0.831055 0.663086 0.836914 0.666992 0.832031
0 0.211914 0.006836 0.207031 0.010742 0.207031 0.018555 0.211914 0.016602
0 0.541016 0.337891 0.533203 0.342773 0.533203 0.347656 0.540039 0.344727
0 0.136719 0.442383 0.133789 0.445312 0.134766 0.455078 0.136719 0.455078 0.138672 0.443359
0 0.734375 0.109375 0.737305 0.115234 0.743164 0.116211 0.740234 0.110352
0 0.247070 0.825195 0.243164 0.826172 0.241211 0.834961 0.247070 0.830078
0 0.789062 0.757812 0.789062 0.766602 0.792969 0.768555 0.792969 0.760742
0 0.768555 0.228516 0.768555 0.232422 0.775391 0.236328 0.774414 0.230469
0 0.497070 0.964844 0.496094 0.968750 0.500977 0.973633 0.500977 0.967773
0 0.820312 0.247070 0.822266 0.253906 0.829102 0.257812 0.830078 0.253906 0.827148 0.248047
0 0.217773 0.797852 0.212891 0.797852 0.208008 0.801758 0.213867 0.802734
0 0.526367 0.242188 0.522461 0.241211 0.517578 0.246094 0.524414 0.246094
0 0.552734 0.450195 0.547852 0.453125 0.546875 0.458984 0.551758 0.457031
0 0.961914 0.070312 0.957031 0.072266 0.955078 0.081055 0.960938 0.078125
0 0.041016 0.116211 0.044922 0.121094 0.053711 0.119141 0.048828 0.115234
0 0.298828 0.486328 0.296875 0.492188 0.300781 0.496094 0.302734 0.489258
0 0.046875 0.249023 0.050781 0.251953 0.056641 0.250977 0.054688 0.248047
0 0.930664 0.480469 0.935547 0.484375 0.940430 0.483398 0.938477 0.479492
0 0.881836 0.851562 0.881836 0.858398 0.886719 0.861328 0.885742 0.853516
0 0.115234 0.532227 0.113281 0.541992 0.117188 0.542969 0.118164 0.535156
0 0.555664 0.775391 0.560547 0.781250 0.566406 0.780273 0.562500 0.775391
0 0.946289 0.039062 0.950195 0.044922 0.955078 0.045898 0.952148 0.039062