0 0.611328 0.077148 0.608398 0.079102 0.610352 0.086914 0.612305 0.084961
0 0.795898 0.499023 0.799805 0.501953 0.806641 0.500977 0.804688 0.498047
0 0.532227 0.530273 0.523438 0.530273 0.521484 0.534180 0.529297 0.534180
0 0.707031 0.890625 0.702148 0.892578 0.700195 0.896484 0.701172 0.902344 0.705078 0.901367
0 0.875977 0.922852 0.875000 0.928711 0.877930 0.932617 0.880859 0.932617 0.880859 0.927734
0 0.229492 0.221680 0.235352 0.222656 0.240234 0.217773 0.233398 0.217773
0 0.746094 0.457031 0.748047 0.460938 0.756836 0.458984 0.753906 0.456055
0 0.378906 0.658203 0.375000 0.665039 0.377930 0.672852 0.380859 0.669922
0 0.727539 0.295898 0.724609 0.298828 0.725586 0.306641 0.729492 0.302734
0 0.554688 0.019531 0.558594 0.025391 0.564453 0.025391 0.562500 0.020508
0 0.174805 0.049805 0.174805 0.055664 0.180664 0.058594 0.179688 0.052734
0 0.106445 0.505859 0.101562 0.507812 0.100586 0.514648 0.106445 0.510742
0 0.644531 0.883789 0.648438 0.888672 0.656250 0.888672 0.656250 0.885742 0.652344 0.883789
0 0.337891 0.556641 0.334961 0.556641 0.333008 0.559570 0.333984 0.568359 0.338867 0.563477
0 0.196289 0.890625 0.192383 0.893555 0.194336 0.904297 0.198242 0.897461
0 0.930664 0.258789 0.922852 0.259766 0.920898 0.264648 0.928711 0.262695
0 0.893555 0.955078 0.885742 0.955078 0.882812 0.960938 0.890625 0.959961
0 0.566406 0.314453 0.561523 0.318359 0.562500 0.326172 0.565430 0.325195
0 0.764648 0.321289 0.758789 0.325195 0.758789 0.329102 0.763672 0.327148
0 0.624023 0.972656 0.619141 0.974609 0.618164 0.981445 0.623047 0.977539
0 0.686523 0.259766 0.681641 0.263672 0.680664 0.267578 0.682617 0.269531 0.686523 0.265625
0 0.901367 0.851562 0.898438 0.861328 0.902344 0.866211 0.904297 0.856445
0 0.759766 0.159180 0.752930 0.159180 0.750000 0.162109 0.757812 0.163086
0 0.878906 0.875977 0.872070 0.879883 0.871094 0.886719 0.877930 0.882812
0 0.438477 0.414062 0.437500 0.421875 0.440430 0.423828 0.441406 0.416016
0 0.834961 0.242188 0.828125 0.242188 0.824219 0.249023 0.832031 0.247070
0 0.683594 0.041016 0.685547 0.045898 0.691406 0.046875 0.687500 0.041016
0 0.424805 0.855469 0.427734 0.859375 0.435547 0.859375 0.432617 0.855469
0 0.598633 0.250977 0.599609 0.253906 0.608398 0.252930 0.607422 0.250000
0 0.812500 0.111328 0.815430 0.117188 0.823242 0.118164 0.822266 0.113281
0 0.108398 0.359375 0.111328 0.365234 0.117188 0.366211 0.112305 0.359375
0 0.388672 0.197266 0.389648 0.204102 0.395508 0.207031 0.392578 0.198242
0 0.105469 0.872070 0.099609 0.872070 0.096680 0.875977 0.103516 0.875977
0 0.168945 0.521484 0.162109 0.525391 0.161133 0.531250 0.166992 0.529297
0 0.482422 0.950195 0.475586 0.951172 0.473633 0.955078 0.480469 0.955078
0 0.864258 0.301758 0.854492 0.303711 0.853516 0.309570 0.861328 0.307617
0 0.118164 0.404297 0.120117 0.408203 0.129883 0.406250 0.125000 0.403320
0 0.554688 0.624023 0.552734 0.629883 0.553711 0.633789 0.556641 0.634766 0.558594 0.626953 0.557617 0.624023
0 0.958008 0.577148 0.958008 0.583008 0.962891 0.587891 0.963867 0.582031
0 0.128906 0.729492 0.121094 0.734375 0.126953 0.735352
0 0.254883 0.442383 0.254883 0.449219 0.258789 0.451172 0.259766 0.447266
0 0.547852 0.163086 0.542969 0.168945 0.543945 0.176758 0.550781 0.167969 0.550781 0.165039
0 0.103516 0.520508 0.107422 0.524414 0.115234 0.523438 0.113281 0.519531
0 0.629883 0.427734 0.627930 0.429688 0.628906 0.434570 0.634766 0.439453 0.634766 0.431641
0 0.648438 0.558594 0.646484 0.567383 0.650391 0.571289 0.652344 0.562500
0 0.282227 0.809570 0.285156 0.814453 0.291992 0.816406 0.290039 0.810547
0 0.295898 0.340820 0.295898 0.343750 0.299805 0.345703 0.305664 0.344727 0.301758 0.340820
0 0.541016 0.222656 0.540039 0.227539 0.541992 0.231445 0.546875 0.235352 0.548828 0.234375 0.546875 0.225586
0 0.102539 0.778320 0.105469 0.784180 0.111328 0.784180 0.110352 0.780273
0 0.083984 0.890625 0.077148 0.894531 0.076172 0.900391 0.083008 0.896484
0 0.682617 0.097656 0.677734 0.101562 0.677734 0.110352 0.680664 0.110352 0.684570 0.100586
0 0.322266 0.776367 0.316406 0.780273 0.315430 0.786133 0.321289 0.784180 0.323242 0.781250
0 0.597656 0.842773 0.598633 0.847656 0.605469 0.850586 0.605469 0.846680
0 0.940430 0.731445 0.942383 0.736328 0.951172 0.737305 0.948242 0.732422
0 0.373047 0.944336 0.373047 0.950195 0.377930 0.955078 0.378906 0.949219
0 0.479492 0.279297 0.475586 0.282227 0.476562 0.291016 0.478516 0.291016 0.480469 0.286133
0 0.435547 0.467773 0.431641 0.468750 0.431641 0.477539 0.435547 0.474609
0 0.883789 0.128906 0.886719 0.132812 0.893555 0.133789 0.891602 0.128906
0 0.955078 0.613281 0.958984 0.619141 0.964844 0.620117 0.962891 0.614258
0 0.664062 0.956055 0.666992 0.961914 0.672852 0.962891 0.670898 0.958008
0 0.977539 0.861328 0.972656 0.860352 0.968750 0.864258 0.967773 0.869141 0.973633 0.867188
0 0.605469 0.548828 0.608398 0.554688 0.613281 0.554688 0.610352 0.548828
0 0.488281 0.214844 0.486328 0.220703 0.490234 0.226562 0.492188 0.218750
0 0.058594 0.404297 0.052734 0.407227 0.052734 0.414062 0.057617 0.409180
0 0.981445 0.455078 0.985352 0.459961 0.992188 0.459961 0.989258 0.455078
0 0.589844 0.940430 0.585938 0.943359 0.584961 0.950195 0.589844 0.948242
0 0.206055 0.411133 0.200195 0.411133 0.195312 0.416016 0.197266 0.417969 0.202148 0.416992 0.206055 0.414062