0 0.399414 0.689453 0.399414 0.697266 0.403320 0.699219 0.403320 0.692383
0 0.190430 0.898438 0.186523 0.900391 0.187500 0.911133 0.191406 0.907227
0 0.032227 0.033203 0.027344 0.033203 0.023438 0.037109 0.023438 0.041016 0.030273 0.039062
0 0.115234 0.794922 0.112305 0.796875 0.112305 0.803711 0.115234 0.803711
0 0.414062 0.018555 0.414062 0.025391 0.417969 0.027344 0.418945 0.023438
0 0.391602 0.666992 0.394531 0.671875 0.401367 0.671875 0.398438 0.667969
0 0.164062 0.306641 0.161133 0.306641 0.159180 0.309570 0.161133 0.318359 0.164062 0.313477
0 0.224609 0.857422 0.219727 0.858398 0.216797 0.864258 0.221680 0.863281
0 0.229492 0.511719 0.228516 0.517578 0.230469 0.523438 0.232422 0.523438 0.234375 0.515625 0.232422 0.511719
0 0.108398 0.475586 0.104492 0.477539 0.105469 0.485352
0 0.307617 0.854492 0.312500 0.855469 0.316406 0.850586 0.310547 0.850586
0 0.538086 0.878906 0.532227 0.882812 0.531250 0.888672 0.537109 0.886719
0 0.341797 0.112305 0.342773 0.121094 0.347656 0.123047 0.346680 0.114258
0 0.223633 0.166992 0.230469 0.166992 0.234375 0.164062 0.234375 0.161133 0.227539 0.161133
0 0.639648 0.428711 0.632812 0.432617 0.631836 0.438477 0.638672 0.435547
0 0.286133 0.763672 0.286133 0.771484 0.290039 0.773438 0.290039 0.765625
0 0.352539 0.404297 0.347656 0.407227 0.347656 0.414062 0.351562 0.412109
0 0.563477 0.422852 0.562500 0.427734 0.568359 0.432617 0.566406 0.424805
0 0.943359 0.958984 0.936523 0.959961 0.934570 0.963867 0.940430 0.963867
0 0.749023 0.875000 0.743164 0.875000 0.741211 0.879883 0.747070 0.878906
0 0.391602 0.793945 0.386719 0.796875 0.386719 0.805664 0.392578 0.799805
0 0.432617 0.822266 0.424805 0.823242 0.421875 0.830078 0.430664 0.828125
0 0.832031 0.492188 0.836914 0.495117 0.843750 0.495117 0.847656 0.491211 0.838867 0.489258
0 0.064453 0.537109 0.069336 0.542969 0.076172 0.542969 0.074219 0.538086
0 0.924805 0.166016 0.919922 0.164062 0.915039 0.166992 0.922852 0.168945
0 0.416992 0.613281 0.416992 0.618164 0.423828 0.624023 0.422852 0.616211
0 0.194336 0.240234 0.189453 0.243164 0.189453 0.247070 0.194336 0.244141
0 0.968750 0.645508 0.964844 0.648438 0.966797 0.657227 0.969727 0.652344
0 0.681641 0.205078 0.676758 0.207031 0.675781 0.214844 0.680664 0.211914
0 0.412109 0.548828 0.416016 0.552734 0.425781 0.551758 0.425781 0.548828 0.421875 0.546875 0.414062 0.546875
0 0.183594 0.875977 0.183594 0.883789 0.188477 0.885742 0.188477 0.879883
0 0.705078 0.621094 0.708984 0.628906 0.714844 0.629883 0.711914 0.623047
0 0.463867 0.720703 0.457031 0.720703 0.454102 0.725586 0.460938 0.725586 0.463867 0.723633
0 0.894531 0.894531 0.887695 0.896484 0.885742 0.901367 0.890625 0.901367
0 0.440430 0.169922 0.440430 0.172852 0.450195 0.175781 0.448242 0.170898
0 0.898438 0.890625 0.898438 0.893555 0.904297 0.897461 0.906250 0.896484 0.905273 0.892578
0 0.725586 0.732422 0.720703 0.733398 0.718750 0.742188 0.724609 0.738281
0 0.442383 0.282227 0.442383 0.286133 0.450195 0.290039 0.449219 0.285156
0 0.547852 0.628906 0.546875 0.636719 0.550781 0.641602 0.551758 0.631836
0 0.518555 0.620117 0.518555 0.623047 0.522461 0.625977 0.529297 0.625977 0.528320 0.622070
0 0.672852 0.856445 0.679688 0.857422 0.682617 0.853516 0.675781 0.852539
0 0.736328 0.829102 0.736328 0.838867 0.740234 0.840820 0.740234 0.833008
0 0.829102 0.596680 0.833008 0.601562 0.839844 0.601562 0.834961 0.595703
0 0.912109 0.833008 0.913086 0.838867 0.916992 0.840820 0.916016 0.834961
0 0.296875 0.803711 0.301758 0.808594 0.308594 0.807617 0.304688 0.802734
0 0.274414 0.480469 0.278320 0.483398 0.285156 0.483398 0.283203 0.479492
0 0.619141 0.927734 0.625977 0.928711 0.629883 0.923828 0.623047 0.923828
0 0.321289 0.756836 0.319336 0.766602 0.320312 0.769531 0.323242 0.769531 0.325195 0.758789
0 0.555664 0.067383 0.549805 0.073242 0.549805 0.080078 0.555664 0.076172
0 0.019531 0.500977 0.020508 0.507812 0.024414 0.510742 0.025391 0.504883 0.022461 0.500977
0 0.096680 0.772461 0.094727 0.779297 0.098633 0.785156 0.100586 0.777344
0 0.694336 0.037109 0.697266 0.041992 0.705078 0.041992 0.700195 0.037109
0 0.571289 0.595703 0.564453 0.599609 0.564453 0.604492 0.570312 0.601562
0 0.707031 0.158203 0.707031 0.166016 0.710938 0.167969 0.710938 0.161133
0 0.843750 0.712891 0.847656 0.717773 0.852539 0.718750 0.855469 0.716797 0.852539 0.712891