0 0.557617 0.198242 0.556641 0.206055 0.559570 0.208984 0.560547 0.198242
0 0.687500 0.756836 0.683594 0.758789 0.683594 0.766602 0.687500 0.763672
0 0.929688 0.717773 0.925781 0.720703 0.926758 0.727539 0.931641 0.722656
0 0.977539 0.110352 0.982422 0.113281 0.989258 0.112305 0.986328 0.108398 0.979492 0.108398
0 0.895508 0.595703 0.892578 0.595703 0.890625 0.598633 0.891602 0.606445 0.895508 0.601562
0 0.045898 0.661133 0.045898 0.667969 0.051758 0.671875 0.050781 0.664062
0 0.325195 0.352539 0.325195 0.358398 0.329102 0.362305 0.330078 0.355469
0 0.689453 0.394531 0.689453 0.399414 0.697266 0.404297 0.696289 0.398438
0 0.719727 0.325195 0.720703 0.333008 0.725586 0.334961 0.724609 0.328125
0 0.630859 0.703125 0.630859 0.706055 0.637695 0.708984 0.640625 0.707031 0.635742 0.703125
0 0.541016 0.445312 0.537109 0.445312 0.534180 0.448242 0.533203 0.455078 0.540039 0.450195
0 0.010742 0.745117 0.011719 0.748047 0.020508 0.748047 0.019531 0.744141
0 0.336914 0.756836 0.333008 0.756836 0.331055 0.760742 0.333008 0.767578
0 0.346680 0.072266 0.345703 0.079102 0.350586 0.083008 0.351562 0.077148
0 0.841797 0.753906 0.843750 0.756836 0.852539 0.756836 0.854492 0.754883 0.853516 0.751953
0 0.271484 0.724609 0.274414 0.728516 0.279297 0.729492 0.277344 0.724609
0 0.666992 0.870117 0.666992 0.873047 0.671875 0.877930 0.677734 0.878906 0.678711 0.875977 0.675781 0.872070
0 0.381836 0.975586 0.377930 0.979492 0.379883 0.985352 0.382812 0.980469
0 0.438477 0.579102 0.433594 0.583008 0.433594 0.589844 0.435547 0.591797 0.439453 0.585938
0 0.130859 0.123047 0.133789 0.126953 0.141602 0.125977 0.142578 0.124023 0.136719 0.121094
0 0.359375 0.156250 0.352539 0.160156 0.350586 0.166016 0.358398 0.162109
0 0.336914 0.598633 0.336914 0.600586 0.341797 0.602539 0.349609 0.600586 0.346680 0.596680
0 0.745117 0.341797 0.745117 0.347656 0.750000 0.352539 0.750977 0.346680
0 0.496094 0.349609 0.497070 0.353516 0.506836 0.354492 0.506836 0.351562 0.500977 0.348633
0 0.950195 0.007812 0.954102 0.010742 0.960938 0.009766 0.958008 0.005859
0 0.811523 0.668945 0.813477 0.674805 0.822266 0.677734 0.819336 0.670898
0 0.569336 0.161133 0.569336 0.163086 0.574219 0.165039 0.579102 0.164062 0.575195 0.160156
0 0.010742 0.528320 0.012695 0.532227 0.021484 0.531250 0.020508 0.528320
0 0.393555 0.650391 0.387695 0.653320 0.386719 0.659180 0.391602 0.657227
0 0.081055 0.291992 0.077148 0.294922 0.077148 0.300781 0.081055 0.298828
0 0.955078 0.588867 0.953125 0.593750 0.955078 0.598633 0.958008 0.599609 0.958984 0.591797
0 0.414062 0.790039 0.416016 0.792969 0.420898 0.792969 0.424805 0.791016 0.424805 0.788086 0.418945 0.787109
0 0.110352 0.879883 0.110352 0.882812 0.117188 0.886719 0.123047 0.884766 0.119141 0.879883
0 0.066406 0.489258 0.063477 0.493164 0.064453 0.500977 0.066406 0.500977 0.068359 0.495117
0 0.981445 0.248047 0.980469 0.255859 0.983398 0.258789 0.985352 0.250977
0 0.748047 0.393555 0.749023 0.399414 0.751953 0.402344 0.755859 0.402344 0.753906 0.395508
0 0.290039 0.211914 0.286133 0.213867 0.284180 0.222656 0.290039 0.218750
0 0.465820 0.668945 0.469727 0.678711 0.470703 0.671875 0.468750 0.668945
0 0.133789 0.761719 0.129883 0.762695 0.126953 0.768555 0.127930 0.772461 0.132812 0.770508
0 0.529297 0.897461 0.523438 0.900391 0.521484 0.909180 0.527344 0.906250
0 0.705078 0.359375 0.708984 0.364258 0.716797 0.364258 0.711914 0.359375
0 0.668945 0.019531 0.670898 0.029297 0.675781 0.031250 0.676758 0.027344 0.673828 0.021484
0 0.030273 0.902344 0.029297 0.908203 0.032227 0.913086 0.035156 0.913086 0.034180 0.905273
0 0.092773 0.811523 0.088867 0.813477 0.086914 0.820312 0.092773 0.817383
0 0.896484 0.417969 0.896484 0.420898 0.899414 0.422852 0.909180 0.419922 0.903320 0.416992
0 0.199219 0.254883 0.190430 0.255859 0.187500 0.261719 0.196289 0.260742
0 0.463867 0.334961 0.466797 0.338867 0.476562 0.336914 0.473633 0.333984
0 0.852539 0.830078 0.844727 0.830078 0.841797 0.833984 0.849609 0.834961 0.852539 0.833008
0 0.500000 0.081055 0.495117 0.083984 0.495117 0.090820 0.500000 0.087891
0 0.295898 0.382812 0.287109 0.382812 0.285156 0.385742 0.286133 0.387695 0.291992 0.387695
0 0.745117 0.481445 0.746094 0.491211 0.750977 0.492188 0.749023 0.483398
0 0.545898 0.430664 0.537109 0.431641 0.535156 0.436523 0.541016 0.436523
0 0.407227 0.361328 0.406250 0.366211 0.412109 0.372070 0.412109 0.365234
0 0.035156 0.178711 0.030273 0.180664 0.030273 0.187500 0.034180 0.184570
0 0.697266 0.009766 0.697266 0.016602 0.699219 0.019531 0.702148 0.019531 0.703125 0.015625
0 0.964844 0.558594 0.960938 0.560547 0.961914 0.568359 0.966797 0.563477
0 0.647461 0.251953 0.642578 0.254883 0.640625 0.262695 0.643555 0.262695 0.648438 0.256836
0 0.503906 0.766602 0.507812 0.771484 0.514648 0.770508 0.511719 0.766602
0 0.928711 0.792969 0.931641 0.795898 0.938477 0.794922 0.936523 0.791992
0 0.861328 0.320312 0.860352 0.324219 0.866211 0.330078 0.866211 0.321289
0 0.411133 0.607422 0.403320 0.609375 0.402344 0.614258 0.407227 0.613281