0 0.024414 0.790039 0.020508 0.791016 0.020508 0.800781 0.024414 0.797852
0 0.666992 0.088867 0.666992 0.092773 0.674805 0.096680 0.673828 0.092773
0 0.563477 0.021484 0.556641 0.025391 0.555664 0.031250 0.561523 0.029297
0 0.745117 0.625977 0.749023 0.630859 0.755859 0.630859 0.755859 0.627930 0.752930 0.625977
0 0.042969 0.410156 0.041992 0.418945 0.043945 0.420898 0.045898 0.415039
0 0.049805 0.480469 0.045898 0.481445 0.044922 0.488281 0.048828 0.485352
0 0.276367 0.234375 0.276367 0.240234 0.284180 0.244141 0.285156 0.242188 0.282227 0.237305
0 0.012695 0.172852 0.006836 0.174805 0.005859 0.182617 0.012695 0.178711
0 0.371094 0.525391 0.367188 0.530273 0.368164 0.535156 0.372070 0.533203
0 0.636719 0.462891 0.635742 0.467773 0.637695 0.471680 0.642578 0.475586 0.644531 0.474609 0.642578 0.465820
0 0.280273 0.979492 0.279297 0.989258 0.282227 0.989258 0.284180 0.980469
0 0.987305 0.469727 0.988281 0.475586 0.992188 0.478516 0.991211 0.470703
0 0.268555 0.835938 0.269531 0.842773 0.273438 0.845703 0.273438 0.837891
0 0.017578 0.491211 0.018555 0.496094 0.024414 0.498047 0.024414 0.494141
0 0.390625 0.773438 0.389648 0.784180 0.392578 0.784180 0.394531 0.776367
0 0.494141 0.051758 0.497070 0.055664 0.504883 0.054688 0.500977 0.050781
0 0.536133 0.972656 0.537109 0.977539 0.541016 0.981445 0.548828 0.982422 0.546875 0.976562
0 0.945312 0.652344 0.947266 0.654297 0.954102 0.654297 0.952148 0.650391
0 0.335938 0.418945 0.327148 0.418945 0.325195 0.422852 0.332031 0.422852
0 0.628906 0.364258 0.625000 0.366211 0.625000 0.375000 0.628906 0.372070
0 0.059570 0.338867 0.059570 0.341797 0.062500 0.342773 0.069336 0.341797 0.066406 0.337891
0 0.764648 0.937500 0.755859 0.940430 0.754883 0.944336 0.763672 0.942383
0 0.179688 0.797852 0.187500 0.801758 0.191406 0.800781 0.189453 0.796875
0 0.403320 0.974609 0.399414 0.976562 0.399414 0.984375 0.403320 0.980469
0 0.417969 0.475586 0.410156 0.475586 0.406250 0.478516 0.406250 0.482422 0.412109 0.482422
0 0.687500 0.656250 0.680664 0.658203 0.677734 0.666016 0.684570 0.664062 0.687500 0.661133
0 0.247070 0.036133 0.242188 0.040039 0.241211 0.045898 0.243164 0.048828 0.248047 0.042969
0 0.486328 0.096680 0.488281 0.099609 0.493164 0.100586 0.499023 0.097656 0.496094 0.094727
0 0.154297 0.768555 0.160156 0.774414 0.164062 0.775391 0.166016 0.773438 0.158203 0.766602
0 0.603516 0.318359 0.607422 0.323242 0.612305 0.322266 0.610352 0.318359
0 0.212891 0.372070 0.207031 0.375977 0.206055 0.381836 0.211914 0.379883 0.213867 0.376953
0 0.242188 0.062500 0.238281 0.064453 0.237305 0.072266 0.241211 0.070312
0 0.746094 0.091797 0.749023 0.096680 0.757812 0.096680 0.751953 0.090820
0 0.441406 0.169922 0.435547 0.168945 0.430664 0.172852 0.430664 0.175781 0.439453 0.174805
0 0.111328 0.886719 0.105469 0.891602 0.105469 0.900391 0.110352 0.897461
0 0.733398 0.701172 0.740234 0.701172 0.745117 0.696289 0.736328 0.695312 0.733398 0.697266
0 0.207031 0.566406 0.203125 0.566406 0.200195 0.572266 0.204102 0.571289
0 0.167969 0.644531 0.160156 0.646484 0.158203 0.651367 0.165039 0.650391
0 0.416992 0.557617 0.417969 0.560547 0.423828 0.561523 0.428711 0.558594 0.427734 0.555664
0 0.895508 0.451172 0.894531 0.457031 0.898438 0.463867 0.900391 0.456055 0.898438 0.451172
0 0.518555 0.036133 0.518555 0.044922 0.522461 0.046875 0.522461 0.040039
0 0.240234 0.573242 0.240234 0.578125 0.245117 0.583008 0.245117 0.576172 0.243164 0.573242
0 0.622070 0.481445 0.623047 0.484375 0.631836 0.482422 0.630859 0.479492
0 0.898438 0.370117 0.909180 0.371094 0.914062 0.367188 0.904297 0.365234 0.899414 0.367188
0 0.815430 0.708008 0.809570 0.708008 0.804688 0.712891 0.811523 0.712891
0 0.704102 0.006836 0.704102 0.011719 0.708984 0.015625 0.708984 0.009766 0.707031 0.006836
0 0.247070 0.641602 0.249023 0.644531 0.257812 0.643555 0.255859 0.639648
0 0.156250 0.907227 0.147461 0.907227 0.144531 0.912109 0.154297 0.911133
0 0.292969 0.306641 0.293945 0.309570 0.304688 0.307617 0.303711 0.304688
0 0.208008 0.789062 0.211914 0.795898 0.215820 0.795898 0.212891 0.790039
0 0.335938 0.441406 0.331055 0.444336 0.332031 0.454102 0.335938 0.448242
0 0.523438 0.761719 0.517578 0.757812 0.509766 0.760742 0.515625 0.764648 0.522461 0.763672
0 0.035156 0.937500 0.039062 0.942383 0.045898 0.942383 0.041992 0.937500
0 0.218750 0.451172 0.220703 0.458008 0.223633 0.458984 0.223633 0.453125
0 0.664062 0.065430 0.659180 0.066406 0.657227 0.072266 0.662109 0.071289
0 0.342773 0.314453 0.336914 0.313477 0.331055 0.315430 0.331055 0.317383 0.341797 0.318359
0 0.901367 0.035156 0.896484 0.037109 0.895508 0.045898 0.900391 0.042969
0 0.584961 0.468750 0.584961 0.474609 0.592773 0.479492 0.590820 0.471680
0 0.579102 0.862305 0.583008 0.866211 0.587891 0.866211 0.587891 0.863281 0.584961 0.861328
0 0.791016 0.406250 0.787109 0.409180 0.788086 0.418945 0.791992 0.415039
0 0.459961 0.032227 0.458008 0.037109 0.459961 0.042969 0.462891 0.043945 0.462891 0.034180
0 0.714844 0.453125 0.708984 0.453125 0.706055 0.458984 0.713867 0.458008
0 0.076172 0.861328 0.077148 0.867188 0.083008 0.869141 0.082031 0.864258
0 0.753906 0.981445 0.750000 0.984375 0.750000 0.991211 0.752930 0.991211 0.754883 0.988281
0 0.689453 0.228516 0.690430 0.234375 0.695312 0.237305 0.693359 0.229492