0 0.243164 0.320312 0.242188 0.328125 0.245117 0.331055 0.247070 0.322266
0 0.645508 0.857422 0.642578 0.859375 0.644531 0.868164 0.646484 0.863281
0 0.514648 0.298828 0.516602 0.304688 0.525391 0.304688 0.521484 0.299805
0 0.398438 0.929688 0.399414 0.937500 0.404297 0.939453 0.402344 0.929688
0 0.643555 0.553711 0.640625 0.554688 0.639648 0.562500 0.643555 0.560547
0 0.461914 0.283203 0.463867 0.290039 0.469727 0.291992 0.469727 0.288086
0 0.921875 0.811523 0.915039 0.811523 0.910156 0.814453 0.910156 0.817383 0.916992 0.817383 0.921875 0.814453
0 0.835938 0.692383 0.830078 0.698242 0.830078 0.705078 0.836914 0.700195
0 0.239258 0.923828 0.233398 0.923828 0.227539 0.928711 0.234375 0.929688 0.239258 0.926758
0 0.951172 0.922852 0.944336 0.926758 0.943359 0.932617 0.946289 0.933594 0.950195 0.929688
0 0.358398 0.055664 0.353516 0.055664 0.349609 0.062500 0.356445 0.060547
0 0.022461 0.553711 0.015625 0.557617 0.015625 0.562500 0.020508 0.561523
0 0.421875 0.804688 0.425781 0.809570 0.432617 0.809570 0.427734 0.803711
0 0.417969 0.385742 0.420898 0.388672 0.427734 0.388672 0.429688 0.386719 0.425781 0.383789
0 0.362305 0.605469 0.356445 0.607422 0.354492 0.612305 0.358398 0.612305
0 0.818359 0.280273 0.814453 0.283203 0.816406 0.292969 0.819336 0.287109
0 0.131836 0.537109 0.131836 0.542969 0.135742 0.545898 0.136719 0.540039 0.134766 0.537109
0 0.472656 0.420898 0.467773 0.421875 0.466797 0.431641 0.470703 0.428711
0 0.710938 0.508789 0.714844 0.516602 0.720703 0.517578 0.717773 0.510742
0 0.471680 0.791992 0.472656 0.798828 0.477539 0.801758 0.478516 0.795898 0.476562 0.792969
0 0.257812 0.314453 0.265625 0.315430 0.267578 0.311523 0.260742 0.311523
0 0.773438 0.560547 0.778320 0.565430 0.785156 0.564453 0.781250 0.559570
0 0.643555 0.067383 0.639648 0.071289 0.639648 0.078125 0.645508 0.071289
0 0.608398 0.052734 0.604492 0.053711 0.603516 0.061523 0.607422 0.058594
0 0.127930 0.497070 0.124023 0.500977 0.125000 0.509766 0.128906 0.505859
0 0.683594 0.960938 0.685547 0.964844 0.694336 0.963867 0.694336 0.960938 0.691406 0.959961
0 0.469727 0.913086 0.470703 0.916016 0.479492 0.914062 0.477539 0.911133
0 0.493164 0.418945 0.491211 0.429688 0.495117 0.434570 0.498047 0.426758 0.496094 0.419922
0 0.346680 0.920898 0.342773 0.924805 0.344727 0.935547 0.348633 0.926758
0 0.041016 0.159180 0.036133 0.160156 0.033203 0.166016 0.039062 0.165039
0 0.419922 0.640625 0.420898 0.646484 0.426758 0.649414 0.425781 0.643555
0 0.127930 0.666992 0.118164 0.666992 0.116211 0.670898 0.122070 0.671875
0 0.386719 0.374023 0.385742 0.380859 0.389648 0.384766 0.390625 0.375977
0 0.892578 0.210938 0.886719 0.212891 0.884766 0.223633 0.891602 0.219727
0 0.112305 0.950195 0.112305 0.956055 0.117188 0.959961 0.119141 0.958984 0.117188 0.953125
0 0.413086 0.808594 0.406250 0.812500 0.405273 0.819336 0.411133 0.818359 0.414062 0.812500
0 0.325195 0.163086 0.327148 0.168945 0.332031 0.170898 0.331055 0.165039
0 0.950195 0.530273 0.951172 0.533203 0.959961 0.531250 0.958984 0.528320
0 0.614258 0.313477 0.613281 0.320312 0.617188 0.324219 0.618164 0.315430
0 0.732422 0.506836 0.731445 0.513672 0.735352 0.519531 0.736328 0.508789
0 0.671875 0.384766 0.671875 0.391602 0.676758 0.395508 0.676758 0.388672
0 0.449219 0.380859 0.449219 0.382812 0.455078 0.384766 0.460938 0.382812 0.455078 0.378906
0 0.702148 0.496094 0.703125 0.500977 0.708008 0.504883 0.707031 0.498047
0 0.125977 0.102539 0.126953 0.107422 0.133789 0.111328 0.134766 0.107422 0.132812 0.104492
0 0.848633 0.426758 0.844727 0.429688 0.845703 0.437500 0.849609 0.434570
0 0.192383 0.551758 0.187500 0.548828 0.182617 0.550781 0.181641 0.553711 0.186523 0.554688
0 0.196289 0.945312 0.195312 0.953125 0.198242 0.956055 0.199219 0.948242
0 0.354492 0.102539 0.354492 0.109375 0.360352 0.114258 0.360352 0.106445 0.357422 0.102539
0 0.752930 0.306641 0.753906 0.311523 0.759766 0.314453 0.758789 0.309570
0 0.582031 0.813477 0.578125 0.814453 0.577148 0.821289 0.582031 0.818359
0 0.921875 0.633789 0.921875 0.636719 0.924805 0.638672 0.932617 0.636719 0.932617 0.634766 0.927734 0.632812
0 0.357422 0.617188 0.354492 0.617188 0.352539 0.622070 0.354492 0.628906 0.357422 0.624023
0 0.771484 0.877930 0.765625 0.879883 0.762695 0.885742 0.768555 0.884766
0 0.906250 0.317383 0.907227 0.323242 0.911133 0.325195 0.910156 0.319336
0 0.903320 0.094727 0.896484 0.094727 0.892578 0.099609 0.897461 0.100586
0 0.915039 0.791992 0.908203 0.791016 0.903320 0.793945 0.903320 0.797852 0.908203 0.797852
0 0.042969 0.649414 0.041016 0.658203 0.043945 0.661133 0.045898 0.652344