0 0.431641 0.872070 0.436523 0.873047 0.441406 0.868164 0.433594 0.868164
0 0.653320 0.686523 0.652344 0.693359 0.655273 0.696289 0.657227 0.688477
0 0.563477 0.625977 0.564453 0.629883 0.571289 0.631836 0.569336 0.626953
0 0.833008 0.259766 0.832031 0.263672 0.834961 0.268555 0.840820 0.270508 0.838867 0.262695
0 0.089844 0.768555 0.087891 0.773438 0.088867 0.777344 0.091797 0.778320 0.092773 0.768555
0 0.898438 0.149414 0.900391 0.154297 0.911133 0.156250 0.908203 0.150391
0 0.602539 0.804688 0.607422 0.805664 0.613281 0.801758 0.605469 0.800781
0 0.113281 0.289062 0.118164 0.294922 0.125000 0.294922 0.123047 0.290039
0 0.612305 0.032227 0.613281 0.038086 0.621094 0.041992 0.622070 0.040039 0.619141 0.035156
0 0.881836 0.248047 0.875000 0.249023 0.871094 0.254883 0.878906 0.253906
0 0.963867 0.189453 0.958008 0.189453 0.954102 0.193359 0.953125 0.198242 0.960938 0.195312
0 0.283203 0.912109 0.283203 0.917969 0.289062 0.921875 0.287109 0.914062
0 0.491211 0.196289 0.493164 0.201172 0.500977 0.202148 0.498047 0.197266
0 0.658203 0.938477 0.658203 0.944336 0.666016 0.949219 0.664062 0.941406
0 0.272461 0.565430 0.276367 0.570312 0.283203 0.569336 0.281250 0.565430
0 0.444336 0.419922 0.444336 0.425781 0.452148 0.430664 0.450195 0.422852
0 0.603516 0.761719 0.604492 0.765625 0.613281 0.766602 0.611328 0.762695
0 0.060547 0.765625 0.063477 0.768555 0.070312 0.768555 0.068359 0.764648
0 0.565430 0.957031 0.559570 0.954102 0.550781 0.957031 0.555664 0.959961
0 0.346680 0.807617 0.349609 0.810547 0.359375 0.809570 0.358398 0.805664
0 0.893555 0.708008 0.895508 0.710938 0.905273 0.710938 0.902344 0.707031 0.897461 0.706055
0 0.249023 0.383789 0.250977 0.387695 0.257812 0.388672 0.257812 0.385742 0.253906 0.382812
0 0.895508 0.599609 0.890625 0.601562 0.888672 0.611328 0.895508 0.605469
0 0.577148 0.543945 0.575195 0.546875 0.582031 0.553711 0.583008 0.549805
0 0.543945 0.022461 0.541016 0.022461 0.539062 0.025391 0.539062 0.033203 0.543945 0.028320
0 0.165039 0.293945 0.166992 0.297852 0.175781 0.298828 0.169922 0.292969
0 0.486328 0.810547 0.482422 0.813477 0.482422 0.821289 0.485352 0.821289 0.487305 0.817383
0 0.229492 0.848633 0.229492 0.854492 0.234375 0.858398 0.234375 0.851562 0.232422 0.848633
0 0.918945 0.389648 0.919922 0.394531 0.926758 0.398438 0.927734 0.394531
0 0.526367 0.129883 0.526367 0.134766 0.531250 0.139648 0.531250 0.132812 0.529297 0.129883
0 0.795898 0.251953 0.795898 0.260742 0.799805 0.264648 0.800781 0.256836
0 0.817383 0.606445 0.811523 0.607422 0.808594 0.610352 0.808594 0.614258 0.813477 0.613281
0 0.810547 0.891602 0.809570 0.896484 0.815430 0.902344 0.816406 0.898438
0 0.901367 0.326172 0.903320 0.329102 0.911133 0.328125 0.908203 0.324219
0 0.086914 0.339844 0.089844 0.343750 0.096680 0.343750 0.096680 0.340820 0.093750 0.338867
0 0.242188 0.804688 0.237305 0.807617 0.236328 0.813477 0.243164 0.809570
0 0.039062 0.300781 0.034180 0.306641 0.035156 0.312500 0.040039 0.308594 0.041016 0.302734
0 0.100586 0.117188 0.108398 0.119141 0.113281 0.117188 0.114258 0.114258 0.104492 0.113281
0 0.989258 0.128906 0.983398 0.134766 0.984375 0.139648 0.989258 0.135742
0 0.513672 0.427734 0.513672 0.430664 0.516602 0.432617 0.525391 0.431641 0.520508 0.426758