0 0.808594 0.673828 0.812500 0.680664 0.818359 0.680664 0.816406 0.674805
0 0.163086 0.113281 0.156250 0.114258 0.152344 0.121094 0.161133 0.119141
0 0.710938 0.605469 0.711914 0.608398 0.720703 0.607422 0.720703 0.603516
0 0.950195 0.416992 0.944336 0.419922 0.941406 0.430664 0.949219 0.426758
0 0.545898 0.225586 0.540039 0.225586 0.535156 0.232422 0.542969 0.230469
0 0.347656 0.652344 0.350586 0.659180 0.355469 0.661133 0.354492 0.655273
0 0.847656 0.273438 0.841797 0.275391 0.839844 0.283203 0.846680 0.279297
0 0.407227 0.261719 0.398438 0.263672 0.398438 0.266602 0.404297 0.266602
0 0.773438 0.306641 0.769531 0.308594 0.770508 0.318359 0.774414 0.314453
0 0.668945 0.741211 0.667969 0.746094 0.671875 0.750977 0.673828 0.746094
0 0.653320 0.399414 0.648438 0.400391 0.648438 0.408203 0.652344 0.405273
0 0.727539 0.402344 0.728516 0.409180 0.733398 0.412109 0.732422 0.404297
0 0.124023 0.785156 0.119141 0.785156 0.114258 0.791016 0.121094 0.791016
0 0.894531 0.529297 0.896484 0.534180 0.902344 0.535156 0.900391 0.530273
0 0.387695 0.105469 0.395508 0.105469 0.398438 0.102539 0.391602 0.101562
0 0.917969 0.022461 0.918945 0.032227 0.920898 0.035156 0.923828 0.035156 0.924805 0.026367 0.921875 0.022461
0 0.350586 0.225586 0.344727 0.226562 0.340820 0.230469 0.340820 0.234375 0.346680 0.233398
0 0.539062 0.577148 0.534180 0.578125 0.530273 0.584961 0.535156 0.584961
0 0.478516 0.432617 0.474609 0.433594 0.472656 0.442383 0.477539 0.439453
0 0.856445 0.572266 0.849609 0.575195 0.847656 0.583008 0.853516 0.582031
0 0.789062 0.507812 0.790039 0.512695 0.799805 0.513672 0.796875 0.509766
0 0.730469 0.702148 0.736328 0.708984 0.741211 0.707031 0.738281 0.702148
0 0.522461 0.740234 0.528320 0.740234 0.530273 0.736328 0.525391 0.736328
0 0.745117 0.816406 0.748047 0.819336 0.756836 0.819336 0.756836 0.816406 0.753906 0.814453
0 0.852539 0.517578 0.853516 0.526367 0.859375 0.529297 0.858398 0.521484
0 0.885742 0.731445 0.886719 0.738281 0.891602 0.741211 0.890625 0.734375
0 0.250000 0.433594 0.246094 0.437500 0.247070 0.443359 0.250977 0.439453
0 0.301758 0.681641 0.303711 0.685547 0.312500 0.687500 0.310547 0.682617
0 0.477539 0.652344 0.477539 0.659180 0.483398 0.664062 0.483398 0.656250 0.480469 0.652344
0 0.055664 0.496094 0.048828 0.498047 0.044922 0.505859 0.051758 0.504883
0 0.265625 0.262695 0.263672 0.270508 0.265625 0.276367 0.268555 0.276367 0.270508 0.268555 0.269531 0.264648
0 0.937500 0.666992 0.939453 0.670898 0.947266 0.669922 0.947266 0.667969 0.942383 0.666016
0 0.756836 0.252930 0.757812 0.257812 0.763672 0.260742 0.764648 0.256836
0 0.366211 0.444336 0.362305 0.448242 0.364258 0.455078 0.367188 0.452148
0 0.122070 0.767578 0.125000 0.776367 0.128906 0.777344 0.128906 0.771484
0 0.399414 0.551758 0.395508 0.555664 0.396484 0.561523 0.400391 0.556641
0 0.541992 0.819336 0.544922 0.825195 0.551758 0.825195 0.548828 0.820312
0 0.684570 0.140625 0.684570 0.147461 0.687500 0.151367 0.690430 0.151367 0.689453 0.143555
0 0.657227 0.449219 0.655273 0.455078 0.659180 0.462891 0.661133 0.451172
0 0.112305 0.915039 0.105469 0.915039 0.102539 0.916992 0.102539 0.919922 0.107422 0.919922
0 0.094727 0.743164 0.096680 0.750000 0.102539 0.752930 0.102539 0.748047
0 0.789062 0.169922 0.781250 0.169922 0.777344 0.172852 0.777344 0.175781 0.785156 0.174805
0 0.554688 0.649414 0.554688 0.656250 0.558594 0.660156 0.559570 0.652344
0 0.293945 0.042969 0.293945 0.045898 0.299805 0.048828 0.304688 0.046875 0.304688 0.043945 0.301758 0.041992
0 0.844727 0.648438 0.845703 0.654297 0.851562 0.656250 0.850586 0.650391
0 0.248047 0.885742 0.249023 0.891602 0.256836 0.895508 0.255859 0.890625
0 0.166016 0.729492 0.169922 0.736328 0.175781 0.737305 0.173828 0.731445
0 0.861328 0.117188 0.863281 0.122070 0.868164 0.124023 0.871094 0.122070 0.869141 0.119141
0 0.900391 0.281250 0.897461 0.282227 0.895508 0.287109 0.896484 0.293945 0.900391 0.292969 0.902344 0.289062
0 0.100586 0.728516 0.101562 0.734375 0.107422 0.737305 0.105469 0.730469
0 0.040039 0.026367 0.040039 0.028320 0.045898 0.031250 0.051758 0.029297 0.048828 0.025391
0 0.540039 0.883789 0.536133 0.887695 0.537109 0.893555 0.541016 0.889648
0 0.950195 0.587891 0.945312 0.591797 0.945312 0.599609 0.948242 0.599609 0.951172 0.595703
0 0.184570 0.165039 0.192383 0.165039 0.193359 0.162109 0.187500 0.162109
0 0.920898 0.927734 0.922852 0.932617 0.930664 0.933594 0.927734 0.928711