0 0.531250 0.134766 0.531250 0.140625 0.538086 0.144531 0.537109 0.136719
0 0.628906 0.114258 0.631836 0.120117 0.637695 0.120117 0.634766 0.115234
0 0.467773 0.307617 0.458984 0.309570 0.458008 0.313477 0.463867 0.313477
0 0.848633 0.300781 0.844727 0.300781 0.842773 0.309570 0.847656 0.306641
0 0.815430 0.500000 0.808594 0.501953 0.805664 0.509766 0.814453 0.506836
0 0.448242 0.523438 0.444336 0.522461 0.440430 0.527344 0.444336 0.527344
0 0.882812 0.932617 0.878906 0.932617 0.875977 0.939453
0 0.500000 0.651367 0.494141 0.655273 0.494141 0.661133 0.500000 0.657227
0 0.573242 0.407227 0.576172 0.409180 0.583984 0.408203 0.583984 0.406250 0.578125 0.404297
0 0.563477 0.594727 0.555664 0.596680 0.553711 0.602539 0.560547 0.601562
0 0.510742 0.599609 0.506836 0.604492 0.508789 0.613281 0.512695 0.609375
0 0.353516 0.583984 0.353516 0.591797 0.355469 0.594727 0.358398 0.594727 0.358398 0.585938
0 0.830078 0.447266 0.825195 0.448242 0.822266 0.454102 0.828125 0.453125
0 0.867188 0.819336 0.867188 0.822266 0.874023 0.826172 0.873047 0.821289
0 0.880859 0.065430 0.877930 0.065430 0.875000 0.069336 0.875977 0.076172 0.880859 0.070312
0 0.339844 0.810547 0.332031 0.811523 0.330078 0.816406 0.335938 0.816406
0 0.134766 0.612305 0.133789 0.619141 0.135742 0.622070 0.138672 0.622070 0.138672 0.614258
0 0.716797 0.194336 0.712891 0.196289 0.711914 0.203125 0.717773 0.199219
0 0.122070 0.629883 0.125000 0.634766 0.130859 0.634766 0.128906 0.630859
0 0.689453 0.126953 0.688477 0.131836 0.693359 0.136719 0.692383 0.128906
0 0.264648 0.919922 0.265625 0.926758 0.271484 0.930664 0.273438 0.929688 0.272461 0.923828
0 0.277344 0.978516 0.275391 0.978516 0.273438 0.983398 0.276367 0.990234 0.278320 0.985352
0 0.437500 0.529297 0.431641 0.533203 0.431641 0.541992 0.438477 0.535156
0 0.343750 0.684570 0.344727 0.686523 0.352539 0.686523 0.351562 0.683594
0 0.931641 0.387695 0.931641 0.393555 0.936523 0.398438 0.936523 0.390625 0.934570 0.387695
0 0.158203 0.579102 0.152344 0.579102 0.148438 0.584961 0.156250 0.583984
0 0.790039 0.923828 0.790039 0.926758 0.792969 0.927734 0.800781 0.926758 0.798828 0.922852
0 0.228516 0.419922 0.225586 0.420898 0.226562 0.429688 0.229492 0.426758
0 0.089844 0.477539 0.087891 0.486328 0.091797 0.490234 0.092773 0.478516
0 0.977539 0.805664 0.972656 0.805664 0.969727 0.813477 0.975586 0.811523
0 0.654297 0.632812 0.659180 0.637695 0.663086 0.637695 0.662109 0.633789
0 0.760742 0.195312 0.761719 0.202148 0.769531 0.206055 0.766602 0.197266
0 0.439453 0.083008 0.439453 0.084961 0.448242 0.085938 0.450195 0.081055 0.444336 0.080078
0 0.336914 0.298828 0.331055 0.302734 0.331055 0.311523 0.337891 0.304688
0 0.833984 0.832031 0.826172 0.832031 0.822266 0.834961 0.822266 0.837891 0.830078 0.837891 0.833984 0.834961
0 0.620117 0.711914 0.613281 0.712891 0.611328 0.716797 0.617188 0.716797
0 0.723633 0.953125 0.718750 0.957031 0.718750 0.962891 0.723633 0.959961
0 0.551758 0.112305 0.554688 0.118164 0.560547 0.119141 0.557617 0.113281
0 0.439453 0.603516 0.435547 0.606445 0.437500 0.615234 0.440430 0.611328
0 0.833984 0.187500 0.834961 0.195312 0.839844 0.197266 0.837891 0.187500
0 0.319336 0.119141 0.313477 0.120117 0.310547 0.127930 0.315430 0.126953