0 0.150391 0.257812 0.142578 0.258789 0.140625 0.263672 0.148438 0.261719
0 0.449219 0.714844 0.454102 0.715820 0.458984 0.711914 0.452148 0.710938
0 0.833008 0.473633 0.829102 0.476562 0.829102 0.482422 0.833008 0.478516
0 0.378906 0.385742 0.383789 0.389648 0.390625 0.388672 0.385742 0.383789 0.379883 0.383789
0 0.720703 0.924805 0.714844 0.925781 0.710938 0.933594 0.718750 0.930664
0 0.705078 0.899414 0.699219 0.900391 0.695312 0.907227 0.702148 0.906250
0 0.064453 0.719727 0.054688 0.719727 0.052734 0.723633 0.058594 0.724609 0.063477 0.722656
0 0.530273 0.416016 0.530273 0.425781 0.534180 0.427734 0.535156 0.419922 0.533203 0.416016
0 0.454102 0.828125 0.455078 0.832031 0.458984 0.833984 0.459961 0.830078
0 0.463867 0.034180 0.463867 0.036133 0.470703 0.038086 0.475586 0.036133 0.469727 0.032227
0 0.172852 0.672852 0.181641 0.672852 0.185547 0.668945 0.176758 0.666992 0.172852 0.668945
0 0.082031 0.279297 0.079102 0.285156 0.081055 0.290039 0.083984 0.288086 0.083984 0.281250
0 0.409180 0.656250 0.404297 0.659180 0.403320 0.666016 0.405273 0.667969 0.409180 0.663086
0 0.678711 0.586914 0.674805 0.588867 0.675781 0.597656 0.679688 0.590820
0 0.694336 0.450195 0.698242 0.455078 0.704102 0.454102 0.700195 0.450195
0 0.980469 0.667969 0.988281 0.668945 0.991211 0.665039 0.984375 0.664062
0 0.913086 0.445312 0.909180 0.446289 0.906250 0.451172 0.910156 0.451172
0 0.578125 0.848633 0.572266 0.848633 0.569336 0.855469 0.576172 0.853516
0 0.016602 0.155273 0.016602 0.158203 0.020508 0.160156 0.026367 0.158203 0.020508 0.154297
0 0.877930 0.191406 0.871094 0.194336 0.870117 0.202148 0.875977 0.199219
0 0.907227 0.272461 0.906250 0.279297 0.910156 0.283203 0.911133 0.274414
0 0.669922 0.193359 0.673828 0.197266 0.681641 0.196289 0.678711 0.192383
0 0.613281 0.561523 0.614258 0.566406 0.620117 0.568359 0.619141 0.564453
0 0.448242 0.950195 0.443359 0.952148 0.442383 0.958008 0.447266 0.956055
0 0.269531 0.016602 0.269531 0.019531 0.272461 0.021484 0.281250 0.021484 0.279297 0.016602
0 0.074219 0.309570 0.073242 0.314453 0.078125 0.319336 0.079102 0.312500
0 0.494141 0.934570 0.494141 0.942383 0.500000 0.946289 0.500000 0.938477 0.497070 0.934570
0 0.761719 0.646484 0.756836 0.648438 0.755859 0.656250 0.760742 0.652344
0 0.108398 0.598633 0.109375 0.604492 0.115234 0.608398 0.114258 0.600586
0 0.680664 0.618164 0.675781 0.621094 0.674805 0.629883 0.678711 0.628906