0 0.457031 0.450195 0.453125 0.452148 0.451172 0.460938 0.457031 0.458008
0 0.317383 0.904297 0.317383 0.907227 0.320312 0.908203 0.328125 0.907227 0.325195 0.903320
0 0.801758 0.583984 0.802734 0.588867 0.805664 0.591797 0.809570 0.591797 0.809570 0.587891
0 0.083008 0.190430 0.078125 0.192383 0.077148 0.199219 0.082031 0.197266
0 0.078125 0.493164 0.079102 0.500000 0.084961 0.501953 0.084961 0.498047
0 0.779297 0.119141 0.775391 0.123047 0.775391 0.127930 0.779297 0.126953
0 0.238281 0.780273 0.235352 0.781250 0.232422 0.787109 0.233398 0.790039 0.238281 0.787109
0 0.985352 0.559570 0.978516 0.563477 0.977539 0.569336 0.985352 0.565430
0 0.271484 0.808594 0.268555 0.808594 0.265625 0.812500 0.266602 0.820312 0.271484 0.815430
0 0.137695 0.384766 0.133789 0.385742 0.133789 0.393555 0.137695 0.390625
0 0.152344 0.027344 0.148438 0.028320 0.146484 0.036133 0.151367 0.033203
0 0.539062 0.959961 0.546875 0.959961 0.548828 0.956055 0.542969 0.956055
0 0.751953 0.752930 0.750000 0.759766 0.752930 0.763672 0.754883 0.761719 0.754883 0.754883
0 0.004883 0.986328 0.013672 0.986328 0.018555 0.982422 0.016602 0.980469 0.009766 0.980469
0 0.220703 0.136719 0.222656 0.141602 0.231445 0.143555 0.229492 0.138672
0 0.878906 0.607422 0.877930 0.612305 0.883789 0.618164 0.883789 0.609375
0 0.443359 0.540039 0.441406 0.538086 0.436523 0.539062 0.432617 0.543945 0.440430 0.542969
0 0.549805 0.604492 0.548828 0.612305 0.549805 0.615234 0.552734 0.615234 0.553711 0.608398
0 0.461914 0.597656 0.462891 0.602539 0.473633 0.604492 0.471680 0.599609
0 0.813477 0.909180 0.815430 0.913086 0.825195 0.912109 0.823242 0.907227
0 0.716797 0.657227 0.719727 0.662109 0.726562 0.662109 0.724609 0.658203
0 0.712891 0.831055 0.708984 0.832031 0.708008 0.838867 0.711914 0.835938
0 0.520508 0.173828 0.515625 0.176758 0.514648 0.184570 0.519531 0.182617
0 0.496094 0.474609 0.504883 0.474609 0.506836 0.470703 0.500000 0.469727
0 0.896484 0.008789 0.900391 0.012695 0.907227 0.012695 0.904297 0.007812
0 0.200195 0.712891 0.194336 0.715820 0.193359 0.722656 0.199219 0.718750
0 0.914062 0.363281 0.909180 0.364258 0.906250 0.369141 0.912109 0.368164
0 0.030273 0.110352 0.026367 0.113281 0.026367 0.118164 0.029297 0.122070 0.032227 0.116211
0 0.090820 0.388672 0.086914 0.389648 0.085938 0.398438 0.090820 0.393555
0 0.330078 0.593750 0.330078 0.596680 0.333008 0.598633 0.341797 0.596680 0.336914 0.592773
0 0.224609 0.117188 0.223633 0.124023 0.227539 0.127930 0.229492 0.121094 0.227539 0.117188
0 0.019531 0.802734 0.025391 0.809570 0.031250 0.810547 0.029297 0.804688
0 0.634766 0.304688 0.625977 0.305664 0.622070 0.309570 0.623047 0.312500 0.631836 0.310547
0 0.696289 0.757812 0.695312 0.764648 0.698242 0.769531 0.701172 0.769531 0.700195 0.759766
0 0.830078 0.020508 0.833984 0.024414 0.840820 0.023438 0.840820 0.020508 0.836914 0.018555
0 0.594727 0.696289 0.593750 0.706055 0.594727 0.708984 0.597656 0.708984 0.598633 0.697266
0 0.054688 0.698242 0.049805 0.699219 0.047852 0.708008 0.053711 0.705078
0 0.482422 0.908203 0.476562 0.910156 0.474609 0.918945 0.481445 0.915039
0 0.280273 0.751953 0.274414 0.751953 0.270508 0.758789 0.278320 0.756836
0 0.832031 0.542969 0.834961 0.545898 0.843750 0.544922 0.842773 0.541016
0 0.475586 0.759766 0.471680 0.760742 0.472656 0.769531 0.476562 0.763672
0 0.610352 0.848633 0.607422 0.848633 0.604492 0.852539 0.605469 0.859375 0.610352 0.853516
0 0.069336 0.089844 0.069336 0.095703 0.075195 0.098633 0.075195 0.093750
0 0.481445 0.395508 0.484375 0.401367 0.490234 0.402344 0.487305 0.396484
0 0.279297 0.577148 0.278320 0.586914 0.281250 0.586914 0.282227 0.577148
0 0.732422 0.140625 0.733398 0.148438 0.740234 0.153320 0.740234 0.145508 0.735352 0.140625
0 0.728516 0.847656 0.732422 0.854492 0.738281 0.855469 0.736328 0.849609
0 0.012695 0.553711 0.014648 0.558594 0.021484 0.560547 0.018555 0.554688
0 0.933594 0.872070 0.933594 0.877930 0.938477 0.880859 0.937500 0.874023
0 0.376953 0.881836 0.369141 0.882812 0.366211 0.889648 0.375000 0.886719
0 0.552734 0.274414 0.560547 0.275391 0.564453 0.272461 0.557617 0.270508
0 0.350586 0.747070 0.344727 0.747070 0.339844 0.753906 0.347656 0.751953
0 0.902344 0.853516 0.900391 0.853516 0.899414 0.857422 0.901367 0.863281 0.904297 0.859375
0 0.321289 0.854492 0.325195 0.858398 0.332031 0.857422 0.329102 0.854492
0 0.833984 0.625977 0.836914 0.630859 0.840820 0.631836 0.839844 0.626953
0 0.622070 0.541992 0.622070 0.544922 0.631836 0.543945 0.631836 0.541016
0 0.553711 0.480469 0.553711 0.487305 0.558594 0.490234 0.558594 0.483398