0 0.645508 0.251953 0.646484 0.255859 0.654297 0.255859 0.651367 0.251953
0 0.753906 0.466797 0.747070 0.469727 0.745117 0.476562 0.752930 0.472656
0 0.658203 0.490234 0.653320 0.487305 0.647461 0.491211 0.656250 0.492188
0 0.226562 0.708984 0.216797 0.709961 0.213867 0.715820 0.221680 0.715820
0 0.962891 0.975586 0.964844 0.979492 0.971680 0.980469 0.970703 0.976562
0 0.934570 0.212891 0.939453 0.213867 0.945312 0.209961 0.937500 0.208984 0.934570 0.209961
0 0.118164 0.864258 0.114258 0.865234 0.114258 0.873047 0.118164 0.870117
0 0.376953 0.047852 0.375000 0.053711 0.376953 0.059570 0.378906 0.059570 0.380859 0.050781 0.379883 0.047852
0 0.773438 0.558594 0.773438 0.561523 0.777344 0.563477 0.786133 0.561523 0.781250 0.557617
0 0.684570 0.967773 0.676758 0.967773 0.673828 0.972656 0.680664 0.972656
0 0.043945 0.760742 0.041992 0.760742 0.040039 0.765625 0.041992 0.772461 0.045898 0.768555
0 0.833008 0.635742 0.834961 0.644531 0.838867 0.646484 0.838867 0.637695
0 0.472656 0.538086 0.476562 0.545898 0.481445 0.544922 0.479492 0.540039
0 0.912109 0.151367 0.915039 0.158203 0.920898 0.159180 0.917969 0.152344
0 0.315430 0.646484 0.318359 0.649414 0.326172 0.648438 0.324219 0.644531
0 0.390625 0.186523 0.381836 0.187500 0.379883 0.191406 0.388672 0.191406
0 0.380859 0.878906 0.382812 0.882812 0.391602 0.884766 0.389648 0.879883 0.385742 0.877930
0 0.229492 0.142578 0.223633 0.146484 0.222656 0.152344 0.228516 0.150391 0.230469 0.147461
0 0.727539 0.192383 0.729492 0.196289 0.736328 0.196289 0.738281 0.194336 0.734375 0.191406
0 0.707031 0.264648 0.706055 0.272461 0.709961 0.274414 0.709961 0.267578
0 0.959961 0.859375 0.954102 0.860352 0.951172 0.866211 0.958984 0.864258
0 0.785156 0.500000 0.779297 0.500000 0.774414 0.504883 0.782227 0.504883 0.785156 0.502930
0 0.230469 0.214844 0.224609 0.216797 0.223633 0.224609 0.228516 0.221680
0 0.729492 0.303711 0.723633 0.306641 0.722656 0.313477 0.728516 0.309570
0 0.929688 0.943359 0.926758 0.950195 0.930664 0.957031 0.932617 0.956055 0.933594 0.948242
0 0.372070 0.477539 0.367188 0.485352 0.369141 0.492188 0.374023 0.484375