0 0.916992 0.218750 0.918945 0.222656 0.927734 0.220703 0.925781 0.217773
0 0.604492 0.780273 0.605469 0.787109 0.609375 0.790039 0.610352 0.784180
0 0.628906 0.669922 0.631836 0.674805 0.638672 0.675781 0.636719 0.670898
0 0.124023 0.471680 0.120117 0.473633 0.119141 0.478516 0.124023 0.476562
0 0.282227 0.927734 0.289062 0.928711 0.292969 0.924805 0.285156 0.923828
0 0.655273 0.953125 0.652344 0.961914 0.656250 0.968750 0.658203 0.958984
0 0.856445 0.915039 0.856445 0.922852 0.859375 0.923828 0.860352 0.916992
0 0.787109 0.546875 0.787109 0.551758 0.794922 0.555664 0.793945 0.549805
0 0.261719 0.402344 0.263672 0.406250 0.272461 0.408203 0.270508 0.403320
0 0.140625 0.230469 0.140625 0.232422 0.149414 0.231445 0.147461 0.228516
0 0.776367 0.159180 0.766602 0.159180 0.764648 0.163086 0.770508 0.164062
0 0.185547 0.104492 0.194336 0.105469 0.199219 0.102539 0.199219 0.099609 0.189453 0.099609 0.185547 0.101562
0 0.681641 0.750000 0.674805 0.751953 0.669922 0.760742 0.677734 0.758789 0.681641 0.753906
0 0.869141 0.906250 0.872070 0.910156 0.879883 0.909180 0.874023 0.905273
0 0.512695 0.814453 0.514648 0.823242 0.519531 0.825195 0.518555 0.817383
0 0.439453 0.649414 0.447266 0.650391 0.452148 0.648438 0.452148 0.646484 0.442383 0.645508
0 0.145508 0.191406 0.146484 0.199219 0.152344 0.202148 0.151367 0.195312
0 0.571289 0.249023 0.564453 0.248047 0.559570 0.250000 0.558594 0.252930 0.568359 0.253906
0 0.331055 0.527344 0.326172 0.526367 0.321289 0.531250 0.328125 0.532227
0 0.120117 0.541016 0.125977 0.547852 0.131836 0.547852 0.128906 0.541992
0 0.462891 0.396484 0.458984 0.399414 0.458984 0.406250 0.463867 0.400391
0 0.924805 0.935547 0.919922 0.937500 0.919922 0.944336 0.922852 0.942383
0 0.477539 0.713867 0.478516 0.719727 0.484375 0.721680 0.482422 0.715820
0 0.643555 0.798828 0.645508 0.803711 0.655273 0.804688 0.651367 0.799805
0 0.706055 0.206055 0.702148 0.207031 0.702148 0.216797 0.706055 0.212891
0 0.004883 0.586914 0.008789 0.589844 0.011719 0.589844 0.013672 0.586914 0.011719 0.584961
0 0.121094 0.141602 0.125000 0.147461 0.132812 0.148438 0.132812 0.145508 0.127930 0.141602
0 0.104492 0.877930 0.106445 0.881836 0.114258 0.881836 0.116211 0.879883 0.110352 0.876953
0 0.652344 0.029297 0.643555 0.029297 0.641602 0.033203 0.647461 0.034180
0 0.324219 0.096680 0.324219 0.099609 0.330078 0.100586 0.333984 0.098633 0.333984 0.095703
0 0.250977 0.410156 0.257812 0.409180 0.259766 0.405273 0.251953 0.406250
0 0.916016 0.009766 0.918945 0.015625 0.925781 0.016602 0.922852 0.010742
0 0.486328 0.413086 0.481445 0.412109 0.476562 0.416992 0.479492 0.417969
0 0.555664 0.720703 0.549805 0.721680 0.546875 0.727539 0.553711 0.725586
0 0.397461 0.689453 0.390625 0.690430 0.387695 0.696289 0.394531 0.695312