0 0.850586 0.447266 0.849609 0.452148 0.855469 0.457031 0.853516 0.449219
0 0.646484 0.599609 0.645508 0.607422 0.648438 0.611328 0.650391 0.601562
0 0.822266 0.213867 0.814453 0.213867 0.812500 0.217773 0.820312 0.216797
0 0.607422 0.490234 0.606445 0.498047 0.610352 0.500977 0.611328 0.494141
0 0.949219 0.596680 0.952148 0.600586 0.958984 0.600586 0.958008 0.596680
0 0.168945 0.139648 0.168945 0.146484 0.172852 0.150391 0.173828 0.143555
0 0.155273 0.937500 0.159180 0.942383 0.166016 0.942383 0.162109 0.937500
0 0.948242 0.390625 0.950195 0.393555 0.957031 0.393555 0.954102 0.389648
0 0.548828 0.218750 0.546875 0.219727 0.546875 0.225586 0.551758 0.229492 0.551758 0.220703
0 0.309570 0.313477 0.304688 0.313477 0.299805 0.320312 0.306641 0.319336
0 0.062500 0.715820 0.056641 0.717773 0.055664 0.726562 0.061523 0.722656
0 0.583008 0.097656 0.577148 0.099609 0.575195 0.104492 0.581055 0.103516
0 0.595703 0.293945 0.594727 0.302734 0.596680 0.306641 0.599609 0.306641 0.599609 0.296875
0 0.211914 0.991211 0.219727 0.991211 0.221680 0.987305 0.215820 0.987305
0 0.205078 0.604492 0.199219 0.604492 0.195312 0.610352 0.202148 0.609375
0 0.602539 0.836914 0.607422 0.841797 0.614258 0.841797 0.614258 0.838867 0.610352 0.835938
0 0.564453 0.255859 0.562500 0.256836 0.563477 0.262695 0.568359 0.266602 0.567383 0.258789
0 0.684570 0.157227 0.684570 0.162109 0.689453 0.166016 0.689453 0.159180
0 0.731445 0.102539 0.731445 0.106445 0.738281 0.109375 0.737305 0.105469
0 0.735352 0.244141 0.731445 0.247070 0.731445 0.255859 0.736328 0.251953 0.737305 0.245117
0 0.478516 0.260742 0.483398 0.261719 0.489258 0.258789 0.481445 0.256836
0 0.395508 0.349609 0.387695 0.349609 0.383789 0.352539 0.383789 0.355469 0.390625 0.355469
0 0.944336 0.257812 0.937500 0.262695 0.937500 0.268555 0.943359 0.264648
0 0.591797 0.879883 0.591797 0.888672 0.593750 0.891602 0.596680 0.891602 0.596680 0.883789
0 0.347656 0.331055 0.342773 0.329102 0.336914 0.333984 0.341797 0.334961
0 0.561523 0.141602 0.560547 0.147461 0.565430 0.152344 0.572266 0.153320 0.569336 0.145508
0 0.854492 0.275391 0.853516 0.283203 0.859375 0.289062 0.859375 0.280273
0 0.593750 0.350586 0.597656 0.353516 0.604492 0.353516 0.602539 0.348633
0 0.235352 0.324219 0.227539 0.327148 0.224609 0.335938 0.233398 0.331055
0 0.971680 0.637695 0.966797 0.639648 0.964844 0.648438 0.971680 0.644531
0 0.431641 0.647461 0.437500 0.648438 0.441406 0.644531 0.434570 0.643555
0 0.872070 0.110352 0.873047 0.115234 0.878906 0.118164 0.876953 0.112305
0 0.756836 0.916016 0.759766 0.920898 0.768555 0.920898 0.762695 0.915039
0 0.644531 0.809570 0.638672 0.810547 0.636719 0.815430 0.644531 0.814453
0 0.048828 0.707031 0.047852 0.710938 0.050781 0.716797 0.052734 0.708984
0 0.416992 0.416016 0.413086 0.418945 0.413086 0.427734 0.417969 0.423828 0.418945 0.418945
0 0.249023 0.503906 0.243164 0.506836 0.242188 0.513672 0.248047 0.510742
0 0.745117 0.793945 0.739258 0.795898 0.736328 0.801758 0.737305 0.804688 0.744141 0.799805
0 0.201172 0.379883 0.200195 0.384766 0.203125 0.390625 0.206055 0.385742 0.204102 0.380859
0 0.579102 0.217773 0.574219 0.223633 0.575195 0.229492 0.578125 0.229492 0.580078 0.226562
0 0.151367 0.510742 0.152344 0.513672 0.163086 0.512695 0.162109 0.509766 0.157227 0.508789
0 0.015625 0.985352 0.007812 0.985352 0.003906 0.991211 0.012695 0.990234