0 0.107422 0.768555 0.114258 0.774414 0.122070 0.773438 0.117188 0.768555
0 0.024414 0.294922 0.026367 0.303711 0.031250 0.305664 0.030273 0.297852
0 0.827148 0.052734 0.819336 0.054688 0.817383 0.060547 0.825195 0.058594
0 0.520508 0.906250 0.514648 0.908203 0.512695 0.916016 0.519531 0.912109
0 0.850586 0.089844 0.845703 0.090820 0.843750 0.096680 0.848633 0.095703
0 0.230469 0.138672 0.236328 0.140625 0.243164 0.135742 0.235352 0.133789
0 0.264648 0.343750 0.263672 0.350586 0.268555 0.354492 0.268555 0.347656
0 0.364258 0.787109 0.370117 0.788086 0.375977 0.783203 0.368164 0.782227
0 0.968750 0.583008 0.962891 0.588867 0.963867 0.594727 0.968750 0.591797
0 0.696289 0.085938 0.689453 0.087891 0.686523 0.093750 0.693359 0.092773
0 0.912109 0.754883 0.916016 0.761719 0.919922 0.761719 0.916992 0.754883
0 0.674805 0.212891 0.670898 0.213867 0.669922 0.220703 0.674805 0.217773
0 0.151367 0.639648 0.147461 0.638672 0.140625 0.642578 0.149414 0.643555
0 0.742188 0.409180 0.737305 0.415039 0.738281 0.420898 0.743164 0.416992 0.744141 0.412109
0 0.848633 0.923828 0.851562 0.930664 0.861328 0.932617 0.859375 0.926758
0 0.966797 0.875977 0.960938 0.879883 0.960938 0.885742 0.965820 0.883789
0 0.430664 0.239258 0.426758 0.242188 0.426758 0.249023 0.428711 0.250977 0.431641 0.247070
0 0.232422 0.155273 0.227539 0.158203 0.226562 0.165039 0.231445 0.162109
0 0.980469 0.520508 0.972656 0.520508 0.970703 0.524414 0.977539 0.524414
0 0.466797 0.708008 0.460938 0.709961 0.458984 0.716797 0.465820 0.713867
0 0.282227 0.919922 0.284180 0.923828 0.291016 0.923828 0.287109 0.919922
0 0.911133 0.959961 0.905273 0.961914 0.903320 0.966797 0.907227 0.966797
0 0.340820 0.045898 0.336914 0.047852 0.336914 0.056641 0.340820 0.055664
0 0.382812 0.231445 0.381836 0.236328 0.389648 0.242188 0.389648 0.236328
0 0.548828 0.740234 0.543945 0.740234 0.539062 0.744141 0.541992 0.746094 0.548828 0.743164
0 0.855469 0.298828 0.860352 0.301758 0.867188 0.300781 0.864258 0.296875 0.857422 0.296875
0 0.444336 0.525391 0.438477 0.528320 0.437500 0.535156 0.443359 0.531250
0 0.084961 0.344727 0.082031 0.344727 0.080078 0.347656 0.081055 0.355469 0.083984 0.354492
0 0.817383 0.588867 0.809570 0.589844 0.806641 0.596680 0.815430 0.593750
0 0.035156 0.223633 0.037109 0.231445 0.041992 0.233398 0.041992 0.227539
0 0.417969 0.545898 0.420898 0.551758 0.426758 0.552734 0.424805 0.547852
0 0.490234 0.826172 0.491211 0.830078 0.499023 0.831055 0.497070 0.827148
0 0.053711 0.084961 0.047852 0.086914 0.046875 0.090820 0.050781 0.090820
0 0.742188 0.960938 0.733398 0.960938 0.729492 0.964844 0.740234 0.965820
0 0.711914 0.903320 0.707031 0.901367 0.701172 0.903320 0.701172 0.905273 0.709961 0.907227
0 0.344727 0.311523 0.344727 0.313477 0.351562 0.315430 0.356445 0.313477 0.350586 0.309570
0 0.567383 0.022461 0.569336 0.026367 0.577148 0.026367 0.575195 0.022461
0 0.046875 0.684570 0.049805 0.690430 0.059570 0.691406 0.055664 0.685547
0 0.085938 0.857422 0.082031 0.860352 0.082031 0.867188 0.084961 0.867188 0.086914 0.863281
0 0.857422 0.498047 0.858398 0.501953 0.863281 0.505859 0.863281 0.499023
0 0.373047 0.978516 0.369141 0.979492 0.369141 0.986328 0.371094 0.988281 0.374023 0.983398
0 0.409180 0.469727 0.405273 0.471680 0.405273 0.480469 0.408203 0.480469 0.410156 0.476562
0 0.557617 0.491211 0.551758 0.492188 0.549805 0.497070 0.557617 0.495117
0 0.438477 0.630859 0.434570 0.632812 0.433594 0.639648 0.437500 0.638672