0 0.841797 0.294922 0.836914 0.296875 0.835938 0.302734 0.840820 0.300781
0 0.140625 0.440430 0.134766 0.440430 0.129883 0.447266 0.137695 0.445312
0 0.594727 0.942383 0.590820 0.945312 0.592773 0.954102 0.595703 0.950195
0 0.559570 0.753906 0.563477 0.757812 0.573242 0.756836 0.573242 0.754883 0.566406 0.751953
0 0.103516 0.890625 0.102539 0.900391 0.106445 0.902344 0.107422 0.892578
0 0.337891 0.264648 0.334961 0.265625 0.334961 0.273438 0.337891 0.271484
0 0.610352 0.417969 0.611328 0.420898 0.618164 0.420898 0.620117 0.416992
0 0.234375 0.817383 0.235352 0.823242 0.240234 0.825195 0.238281 0.818359
0 0.989258 0.553711 0.986328 0.553711 0.984375 0.556641 0.984375 0.564453 0.988281 0.562500
0 0.248047 0.833984 0.252930 0.836914 0.258789 0.834961 0.254883 0.832031
0 0.416992 0.669922 0.410156 0.673828 0.410156 0.680664 0.416016 0.677734
0 0.728516 0.185547 0.726562 0.189453 0.730469 0.195312 0.731445 0.190430
0 0.456055 0.649414 0.450195 0.652344 0.449219 0.660156 0.455078 0.656250
0 0.043945 0.146484 0.045898 0.149414 0.054688 0.148438 0.050781 0.144531
0 0.585938 0.076172 0.587891 0.079102 0.595703 0.077148 0.593750 0.075195
0 0.053711 0.920898 0.049805 0.923828 0.051758 0.931641 0.054688 0.928711
0 0.227539 0.857422 0.229492 0.862305 0.237305 0.862305 0.234375 0.858398
0 0.367188 0.230469 0.368164 0.238281 0.374023 0.241211 0.373047 0.234375
0 0.782227 0.952148 0.783203 0.958008 0.789062 0.960938 0.788086 0.955078
0 0.199219 0.791992 0.194336 0.791992 0.190430 0.798828 0.198242 0.795898
0 0.023438 0.491211 0.025391 0.497070 0.032227 0.499023 0.027344 0.491211
0 0.182617 0.227539 0.178711 0.227539 0.175781 0.239258 0.180664 0.237305
0 0.157227 0.451172 0.151367 0.451172 0.147461 0.458008 0.155273 0.457031
0 0.131836 0.030273 0.137695 0.035156 0.144531 0.034180 0.140625 0.029297
0 0.833984 0.190430 0.833008 0.199219 0.836914 0.203125 0.837891 0.192383
0 0.714844 0.730469 0.716797 0.734375 0.723633 0.733398 0.722656 0.730469
0 0.800781 0.553711 0.795898 0.556641 0.794922 0.563477 0.796875 0.565430 0.800781 0.560547
0 0.451172 0.894531 0.450195 0.901367 0.452148 0.906250 0.455078 0.907227 0.456055 0.898438 0.454102 0.894531
0 0.177734 0.277344 0.172852 0.281250 0.173828 0.288086 0.178711 0.284180
0 0.150391 0.587891 0.154297 0.593750 0.160156 0.594727 0.157227 0.587891
0 0.113281 0.808594 0.113281 0.811523 0.118164 0.814453 0.125977 0.813477 0.119141 0.807617
0 0.156250 0.179688 0.156250 0.182617 0.161133 0.187500 0.166992 0.188477 0.165039 0.182617
0 0.750977 0.580078 0.744141 0.583984 0.745117 0.588867 0.750000 0.585938
0 0.335938 0.817383 0.338867 0.820312 0.345703 0.819336 0.342773 0.815430
0 0.602539 0.056641 0.604492 0.065430 0.609375 0.067383 0.608398 0.059570
0 0.339844 0.893555 0.337891 0.900391 0.338867 0.903320 0.341797 0.903320 0.342773 0.895508
0 0.637695 0.048828 0.627930 0.048828 0.625977 0.052734 0.631836 0.053711 0.637695 0.050781
0 0.852539 0.692383 0.851562 0.699219 0.855469 0.703125 0.856445 0.695312
0 0.837891 0.978516 0.833984 0.981445 0.835938 0.992188 0.838867 0.991211 0.839844 0.987305
0 0.289062 0.085938 0.286133 0.087891 0.287109 0.096680 0.291016 0.090820
0 0.268555 0.265625 0.265625 0.267578 0.266602 0.275391 0.269531 0.273438
0 0.194336 0.937500 0.193359 0.946289 0.197266 0.947266 0.197266 0.939453
0 0.545898 0.550781 0.537109 0.550781 0.535156 0.554688 0.540039 0.555664
0 0.495117 0.045898 0.499023 0.050781 0.508789 0.050781 0.504883 0.045898
0 0.157227 0.412109 0.156250 0.416016 0.162109 0.419922 0.161133 0.414062
0 0.899414 0.285156 0.895508 0.287109 0.894531 0.294922 0.899414 0.291992
0 0.993164 0.774414 0.987305 0.776367 0.985352 0.781250 0.990234 0.781250
0 0.026367 0.941406 0.026367 0.948242 0.030273 0.951172 0.030273 0.942383
0 0.776367 0.652344 0.776367 0.658203 0.781250 0.662109 0.781250 0.657227
0 0.362305 0.494141 0.358398 0.496094 0.357422 0.503906 0.360352 0.503906 0.362305 0.500977
0 0.359375 0.276367 0.363281 0.280273 0.370117 0.278320 0.367188 0.275391
0 0.397461 0.530273 0.395508 0.535156 0.400391 0.541992 0.401367 0.536133
0 0.197266 0.485352 0.202148 0.485352 0.206055 0.480469 0.198242 0.481445
0 0.181641 0.781250 0.181641 0.785156 0.189453 0.789062 0.188477 0.785156
0 0.657227 0.571289 0.660156 0.578125 0.666016 0.580078 0.665039 0.575195
0 0.613281 0.602539 0.607422 0.600586 0.601562 0.604492 0.608398 0.606445