0 0.876953 0.322266 0.875977 0.332031 0.877930 0.334961 0.880859 0.334961 0.880859 0.327148
0 0.867188 0.273438 0.861328 0.276367 0.860352 0.282227 0.866211 0.280273
0 0.539062 0.693359 0.542969 0.700195 0.548828 0.701172 0.546875 0.695312
0 0.517578 0.396484 0.516602 0.404297 0.520508 0.407227 0.521484 0.400391
0 0.176758 0.923828 0.178711 0.928711 0.187500 0.930664 0.185547 0.925781
0 0.796875 0.248047 0.799805 0.250977 0.808594 0.249023 0.806641 0.246094
0 0.231445 0.759766 0.240234 0.760742 0.245117 0.757812 0.245117 0.754883 0.235352 0.754883 0.231445 0.756836
0 0.456055 0.585938 0.463867 0.585938 0.466797 0.583008 0.459961 0.581055
0 0.041016 0.340820 0.049805 0.339844 0.051758 0.336914 0.043945 0.335938 0.041016 0.337891
0 0.455078 0.986328 0.447266 0.988281 0.446289 0.994141 0.453125 0.992188
0 0.624023 0.074219 0.626953 0.080078 0.632812 0.083008 0.635742 0.082031 0.633789 0.076172
0 0.700195 0.823242 0.705078 0.828125 0.711914 0.828125 0.711914 0.825195 0.708008 0.822266
0 0.004883 0.982422 0.008789 0.986328 0.015625 0.984375 0.011719 0.981445
0 0.180664 0.418945 0.178711 0.420898 0.179688 0.427734 0.184570 0.432617 0.186523 0.429688 0.185547 0.423828
0 0.922852 0.413086 0.923828 0.419922 0.931641 0.423828 0.932617 0.420898 0.929688 0.416016
0 0.561523 0.869141 0.567383 0.874023 0.573242 0.872070 0.570312 0.868164
0 0.094727 0.431641 0.089844 0.434570 0.089844 0.441406 0.092773 0.440430
0 0.066406 0.850586 0.070312 0.855469 0.076172 0.856445 0.074219 0.851562
0 0.589844 0.258789 0.583984 0.259766 0.582031 0.264648 0.586914 0.263672
0 0.618164 0.208984 0.619141 0.213867 0.625977 0.217773 0.625977 0.212891
0 0.066406 0.395508 0.065430 0.401367 0.068359 0.405273 0.069336 0.397461
0 0.941406 0.963867 0.942383 0.969727 0.946289 0.972656 0.946289 0.963867
0 0.008789 0.564453 0.012695 0.567383 0.019531 0.567383 0.019531 0.564453 0.015625 0.562500
0 0.373047 0.481445 0.371094 0.488281 0.374023 0.492188 0.375000 0.483398
0 0.746094 0.268555 0.745117 0.274414 0.750977 0.280273 0.750977 0.271484
0 0.020508 0.211914 0.014648 0.213867 0.012695 0.219727 0.017578 0.218750
0 0.831055 0.920898 0.830078 0.931641 0.833008 0.933594 0.834961 0.921875
0 0.879883 0.101562 0.880859 0.106445 0.887695 0.110352 0.887695 0.105469