0 0.388672 0.416992 0.390625 0.420898 0.397461 0.421875 0.394531 0.416992
0 0.083008 0.576172 0.078125 0.574219 0.073242 0.577148 0.081055 0.579102
0 0.152344 0.019531 0.143555 0.020508 0.141602 0.024414 0.147461 0.024414
0 0.755859 0.011719 0.754883 0.018555 0.757812 0.021484 0.759766 0.015625
0 0.186523 0.023438 0.188477 0.027344 0.196289 0.026367 0.196289 0.024414 0.191406 0.022461
0 0.298828 0.876953 0.292969 0.877930 0.291016 0.882812 0.294922 0.882812
0 0.663086 0.319336 0.658203 0.317383 0.647461 0.321289 0.647461 0.323242 0.656250 0.325195 0.660156 0.324219
0 0.096680 0.575195 0.091797 0.579102 0.091797 0.585938 0.096680 0.583984
0 0.205078 0.353516 0.204102 0.358398 0.207031 0.363281 0.208984 0.357422
0 0.092773 0.500000 0.088867 0.502930 0.089844 0.509766 0.093750 0.505859
0 0.086914 0.706055 0.077148 0.708984 0.076172 0.712891 0.081055 0.713867 0.084961 0.711914
0 0.941406 0.159180 0.942383 0.166992 0.947266 0.168945 0.945312 0.161133
0 0.755859 0.519531 0.753906 0.520508 0.753906 0.526367 0.758789 0.532227 0.759766 0.524414
0 0.110352 0.107422 0.105469 0.115234 0.110352 0.113281
0 0.367188 0.651367 0.368164 0.658203 0.372070 0.660156 0.370117 0.652344
0 0.647461 0.850586 0.640625 0.851562 0.637695 0.856445 0.645508 0.855469
0 0.272461 0.397461 0.272461 0.406250 0.276367 0.408203 0.276367 0.400391
0 0.514648 0.977539 0.506836 0.977539 0.503906 0.984375 0.510742 0.982422
0 0.582031 0.203125 0.577148 0.204102 0.574219 0.208984 0.581055 0.208008
0 0.037109 0.333984 0.030273 0.336914 0.029297 0.344727 0.037109 0.339844
0 0.371094 0.086914 0.370117 0.092773 0.373047 0.097656 0.375000 0.089844 0.374023 0.086914
0 0.663086 0.561523 0.666016 0.564453 0.673828 0.563477 0.667969 0.559570
0 0.928711 0.033203 0.932617 0.036133 0.938477 0.035156 0.936523 0.032227
0 0.103516 0.793945 0.096680 0.794922 0.094727 0.798828 0.101562 0.798828
0 0.277344 0.615234 0.277344 0.622070 0.283203 0.625977 0.282227 0.618164
0 0.583008 0.016602 0.582031 0.022461 0.584961 0.026367 0.585938 0.017578
0 0.081055 0.472656 0.077148 0.477539 0.078125 0.484375 0.081055 0.483398 0.083008 0.477539
0 0.236328 0.603516 0.244141 0.603516 0.247070 0.600586 0.239258 0.598633 0.236328 0.600586
0 0.602539 0.741211 0.601562 0.749023 0.604492 0.752930 0.606445 0.743164
0 0.517578 0.901367 0.511719 0.905273 0.511719 0.908203 0.517578 0.905273
0 0.679688 0.634766 0.677734 0.640625 0.684570 0.647461 0.683594 0.638672
0 0.929688 0.490234 0.931641 0.500977 0.933594 0.492188
0 0.971680 0.706055 0.963867 0.708984 0.962891 0.716797 0.968750 0.713867
0 0.043945 0.474609 0.039062 0.474609 0.035156 0.480469 0.041016 0.479492
0 0.768555 0.573242 0.770508 0.577148 0.780273 0.576172 0.776367 0.572266
0 0.800781 0.561523 0.802734 0.570312 0.806641 0.571289 0.805664 0.563477
0 0.697266 0.807617 0.698242 0.818359 0.702148 0.820312 0.702148 0.810547 0.700195 0.807617
0 0.383789 0.754883 0.386719 0.763672 0.393555 0.765625 0.392578 0.759766
0 0.920898 0.129883 0.922852 0.134766 0.927734 0.134766 0.926758 0.130859
0 0.519531 0.391602 0.523438 0.396484 0.532227 0.395508 0.527344 0.390625
0 0.009766 0.875977 0.011719 0.883789 0.017578 0.887695 0.015625 0.877930
0 0.907227 0.962891 0.909180 0.971680 0.913086 0.972656 0.912109 0.965820
0 0.516602 0.031250 0.518555 0.038086 0.527344 0.040039 0.522461 0.032227
0 0.210938 0.518555 0.212891 0.523438 0.221680 0.523438 0.217773 0.518555
0 0.266602 0.210938 0.268555 0.217773 0.273438 0.218750 0.272461 0.213867
0 0.228516 0.915039 0.224609 0.916016 0.223633 0.923828 0.227539 0.921875
0 0.333984 0.323242 0.327148 0.327148 0.325195 0.335938 0.328125 0.335938 0.333008 0.331055
0 0.041992 0.128906 0.044922 0.132812 0.051758 0.132812 0.049805 0.128906
0 0.862305 0.015625 0.857422 0.018555 0.857422 0.025391 0.863281 0.020508
0 0.359375 0.425781 0.351562 0.425781 0.347656 0.432617 0.356445 0.430664
0 0.389648 0.460938 0.391602 0.464844 0.395508 0.465820 0.402344 0.463867 0.394531 0.458984
0 0.393555 0.782227 0.391602 0.789062 0.398438 0.794922 0.397461 0.785156
0 0.972656 0.328125 0.966797 0.329102 0.964844 0.333984 0.970703 0.333008
0 0.609375 0.474609 0.609375 0.477539 0.614258 0.482422 0.620117 0.482422 0.617188 0.476562
0 0.847656 0.064453 0.842773 0.067383 0.841797 0.074219 0.847656 0.071289
0 0.927734 0.947266 0.922852 0.946289 0.917969 0.950195 0.921875 0.952148
0 0.448242 0.681641 0.441406 0.682617 0.436523 0.689453 0.445312 0.688477 0.448242 0.685547
0 0.223633 0.289062 0.219727 0.291992 0.221680 0.301758 0.224609 0.295898
0 0.425781 0.661133 0.426758 0.664062 0.437500 0.663086 0.436523 0.660156 0.431641 0.659180
0 0.275391 0.704102 0.272461 0.704102 0.268555 0.710938 0.273438 0.709961
0 0.567383 0.716797 0.560547 0.716797 0.556641 0.724609 0.564453 0.722656
0 0.033203 0.986328 0.035156 0.991211 0.043945 0.992188 0.038086 0.986328
0 0.125977 0.169922 0.130859 0.174805 0.137695 0.172852 0.135742 0.168945
0 0.339844 0.707031 0.340820 0.716797 0.345703 0.719727 0.346680 0.711914 0.342773 0.707031
0 0.191406 0.640625 0.190430 0.647461 0.193359 0.651367 0.197266 0.652344 0.196289 0.645508
0 0.441406 0.259766 0.443359 0.265625 0.448242 0.268555 0.452148 0.267578 0.449219 0.261719
0 0.634766 0.323242 0.635742 0.328125 0.640625 0.331055 0.639648 0.325195
0 0.352539 0.341797 0.347656 0.344727 0.346680 0.351562 0.352539 0.348633
0 0.894531 0.176758 0.886719 0.177734 0.884766 0.182617 0.892578 0.180664