0 0.503906 0.818359 0.502930 0.823242 0.505859 0.829102 0.508789 0.824219 0.506836 0.819336
0 0.007812 0.729492 0.006836 0.734375 0.012695 0.740234 0.012695 0.734375
0 0.073242 0.008789 0.068359 0.011719 0.068359 0.019531 0.074219 0.012695
0 0.028320 0.635742 0.023438 0.640625 0.024414 0.648438 0.027344 0.648438 0.029297 0.643555
0 0.300781 0.058594 0.295898 0.059570 0.293945 0.064453 0.298828 0.063477
0 0.649414 0.070312 0.643555 0.067383 0.634766 0.070312 0.639648 0.073242
0 0.527344 0.567383 0.521484 0.570312 0.520508 0.576172 0.525391 0.575195
0 0.762695 0.871094 0.762695 0.874023 0.765625 0.875977 0.775391 0.875000 0.768555 0.870117
0 0.826172 0.324219 0.830078 0.328125 0.836914 0.327148 0.833984 0.324219
0 0.837891 0.174805 0.837891 0.176758 0.841797 0.177734 0.846680 0.176758 0.844727 0.173828
0 0.473633 0.396484 0.472656 0.402344 0.477539 0.407227 0.477539 0.399414
0 0.364258 0.114258 0.356445 0.114258 0.353516 0.120117 0.360352 0.119141
0 0.283203 0.251953 0.286133 0.255859 0.292969 0.255859 0.291016 0.251953
0 0.132812 0.941406 0.135742 0.948242 0.142578 0.949219 0.138672 0.942383
0 0.382812 0.745117 0.374023 0.747070 0.374023 0.750000 0.379883 0.750000
0 0.018555 0.592773 0.019531 0.598633 0.025391 0.601562 0.024414 0.594727
0 0.142578 0.450195 0.138672 0.451172 0.137695 0.454102 0.140625 0.462891 0.143555 0.457031
0 0.860352 0.302734 0.861328 0.308594 0.865234 0.311523 0.865234 0.302734
0 0.273438 0.172852 0.270508 0.173828 0.268555 0.178711 0.271484 0.188477 0.275391 0.181641
0 0.066406 0.149414 0.066406 0.155273 0.072266 0.158203 0.072266 0.153320
0 0.599609 0.671875 0.591797 0.672852 0.590820 0.676758 0.597656 0.675781
0 0.730469 0.710938 0.732422 0.714844 0.739258 0.715820 0.739258 0.712891 0.735352 0.709961
0 0.613281 0.783203 0.607422 0.783203 0.602539 0.788086 0.610352 0.788086 0.613281 0.786133
0 0.178711 0.568359 0.182617 0.576172 0.186523 0.578125 0.192383 0.577148 0.189453 0.571289 0.181641 0.567383
0 0.427734 0.548828 0.427734 0.558594 0.429688 0.561523 0.433594 0.561523 0.432617 0.552734
0 0.773438 0.289062 0.778320 0.292969 0.783203 0.291992 0.781250 0.288086
0 0.962891 0.075195 0.965820 0.080078 0.975586 0.080078 0.970703 0.075195
0 0.339844 0.727539 0.342773 0.733398 0.347656 0.734375 0.346680 0.728516
0 0.152344 0.074219 0.153320 0.080078 0.158203 0.082031 0.157227 0.076172
0 0.177734 0.391602 0.170898 0.391602 0.167969 0.396484 0.172852 0.396484
0 0.813477 0.087891 0.814453 0.090820 0.823242 0.088867 0.819336 0.085938
0 0.373047 0.288086 0.369141 0.288086 0.366211 0.291016 0.365234 0.297852 0.371094 0.294922
0 0.526367 0.019531 0.521484 0.020508 0.517578 0.024414 0.517578 0.028320 0.523438 0.027344
0 0.349609 0.652344 0.351562 0.657227 0.360352 0.657227 0.356445 0.652344
0 0.624023 0.892578 0.618164 0.895508 0.617188 0.901367 0.623047 0.899414
0 0.852539 0.174805 0.852539 0.180664 0.858398 0.183594 0.857422 0.177734
0 0.105469 0.884766 0.109375 0.889648 0.113281 0.889648 0.110352 0.883789
0 0.184570 0.125977 0.182617 0.125000 0.177734 0.128906 0.176758 0.136719 0.179688 0.136719 0.184570 0.131836
0 0.954102 0.749023 0.948242 0.751953 0.947266 0.757812 0.954102 0.753906