0 0.041992 0.916992 0.038086 0.919922 0.038086 0.927734 0.040039 0.929688 0.042969 0.923828
0 0.958984 0.748047 0.953125 0.748047 0.951172 0.752930 0.957031 0.751953
0 0.464844 0.936523 0.465820 0.943359 0.471680 0.946289 0.471680 0.941406
0 0.287109 0.959961 0.291016 0.963867 0.297852 0.962891 0.297852 0.959961 0.294922 0.958984
0 0.970703 0.105469 0.971680 0.111328 0.975586 0.113281 0.974609 0.107422
0 0.378906 0.914062 0.377930 0.920898 0.381836 0.925781 0.382812 0.916992
0 0.291992 0.649414 0.290039 0.651367 0.291016 0.658203 0.293945 0.662109 0.296875 0.662109 0.296875 0.654297
0 0.500977 0.713867 0.497070 0.717773 0.497070 0.722656 0.501953 0.719727
0 0.964844 0.915039 0.958984 0.920898 0.960938 0.926758 0.963867 0.923828
0 0.906250 0.579102 0.914062 0.581055 0.918945 0.579102 0.919922 0.575195 0.912109 0.574219 0.907227 0.576172
0 0.161133 0.842773 0.157227 0.842773 0.154297 0.845703 0.153320 0.851562 0.160156 0.846680
0 0.984375 0.372070 0.976562 0.373047 0.973633 0.377930 0.982422 0.376953
0 0.243164 0.951172 0.242188 0.958984 0.243164 0.961914 0.246094 0.961914 0.247070 0.955078
0 0.121094 0.103516 0.121094 0.111328 0.125977 0.115234 0.127930 0.110352 0.125000 0.104492
0 0.921875 0.366211 0.922852 0.377930 0.927734 0.379883 0.927734 0.369141 0.925781 0.366211
0 0.730469 0.864258 0.723633 0.864258 0.719727 0.869141 0.726562 0.869141 0.730469 0.867188
0 0.121094 0.373047 0.117188 0.377930 0.119141 0.384766 0.123047 0.379883
0 0.575195 0.188477 0.570312 0.190430 0.569336 0.197266 0.574219 0.195312
0 0.249023 0.083008 0.247070 0.087891 0.248047 0.091797 0.251953 0.094727 0.252930 0.088867
0 0.212891 0.529297 0.207031 0.530273 0.204102 0.537109 0.209961 0.535156
0 0.392578 0.047852 0.388672 0.050781 0.390625 0.060547 0.393555 0.054688
0 0.078125 0.904297 0.074219 0.905273 0.072266 0.913086 0.079102 0.909180
0 0.783203 0.189453 0.783203 0.199219 0.786133 0.200195 0.788086 0.193359 0.786133 0.189453
0 0.126953 0.964844 0.129883 0.968750 0.141602 0.967773 0.141602 0.964844 0.137695 0.962891 0.127930 0.962891
0 0.948242 0.888672 0.954102 0.894531 0.962891 0.893555 0.958984 0.888672
0 0.204102 0.389648 0.197266 0.390625 0.194336 0.395508 0.202148 0.394531
0 0.091797 0.038086 0.091797 0.046875 0.096680 0.050781 0.096680 0.041016
0 0.867188 0.964844 0.863281 0.967773 0.863281 0.974609 0.867188 0.971680
0 0.359375 0.905273 0.365234 0.909180 0.372070 0.907227 0.368164 0.904297
0 0.625000 0.933594 0.620117 0.937500 0.620117 0.946289 0.623047 0.945312 0.625977 0.939453
0 0.321289 0.763672 0.325195 0.767578 0.333008 0.766602 0.333008 0.763672 0.330078 0.762695
0 0.795898 0.230469 0.797852 0.235352 0.806641 0.237305 0.804688 0.232422
0 0.530273 0.514648 0.528320 0.515625 0.528320 0.523438 0.531250 0.522461
0 0.968750 0.071289 0.963867 0.071289 0.959961 0.078125 0.965820 0.077148
0 0.488281 0.887695 0.490234 0.891602 0.498047 0.891602 0.495117 0.887695
0 0.460938 0.631836 0.454102 0.631836 0.451172 0.639648 0.458008 0.637695
0 0.706055 0.371094 0.698242 0.371094 0.695312 0.373047 0.695312 0.375977 0.703125 0.375977
0 0.598633 0.735352 0.593750 0.736328 0.589844 0.744141 0.595703 0.743164
0 0.563477 0.113281 0.557617 0.116211 0.556641 0.124023 0.561523 0.123047
0 0.726562 0.751953 0.722656 0.752930 0.720703 0.760742 0.725586 0.758789
0 0.248047 0.307617 0.249023 0.311523 0.253906 0.315430 0.254883 0.310547
0 0.575195 0.741211 0.577148 0.746094 0.583984 0.747070 0.583984 0.744141
0 0.236328 0.461914 0.233398 0.462891 0.231445 0.471680 0.234375 0.471680 0.237305 0.467773
0 0.016602 0.436523 0.020508 0.441406 0.025391 0.440430 0.023438 0.436523
0 0.620117 0.634766 0.621094 0.640625 0.625977 0.645508 0.628906 0.645508 0.626953 0.636719
0 0.354492 0.460938 0.360352 0.464844 0.368164 0.462891 0.363281 0.458008
0 0.754883 0.546875 0.755859 0.552734 0.761719 0.555664 0.762695 0.551758 0.760742 0.548828
0 0.660156 0.860352 0.661133 0.866211 0.667969 0.870117 0.666016 0.863281
0 0.435547 0.342773 0.432617 0.342773 0.430664 0.345703 0.431641 0.352539 0.434570 0.350586
0 0.758789 0.401367 0.758789 0.405273 0.764648 0.408203 0.763672 0.402344
0 0.907227 0.902344 0.910156 0.907227 0.916992 0.909180 0.915039 0.903320
0 0.556641 0.265625 0.556641 0.268555 0.559570 0.270508 0.566406 0.269531 0.563477 0.266602