0 0.887695 0.512695 0.886719 0.522461 0.889648 0.524414 0.891602 0.515625
0 0.171875 0.199219 0.173828 0.203125 0.183594 0.202148 0.179688 0.198242
0 0.166992 0.410156 0.168945 0.416016 0.175781 0.417969 0.172852 0.410156
0 0.418945 0.462891 0.413086 0.464844 0.411133 0.473633 0.417969 0.469727
0 0.540039 0.791992 0.536133 0.793945 0.535156 0.801758 0.540039 0.798828
0 0.919922 0.223633 0.918945 0.229492 0.922852 0.235352 0.923828 0.224609
0 0.164062 0.210938 0.164062 0.219727 0.166992 0.222656 0.168945 0.214844
0 0.536133 0.308594 0.543945 0.309570 0.546875 0.307617 0.539062 0.305664
0 0.960938 0.438477 0.960938 0.443359 0.965820 0.448242 0.968750 0.448242 0.967773 0.441406
0 0.429688 0.122070 0.418945 0.124023 0.416992 0.128906 0.425781 0.128906
0 0.953125 0.900391 0.950195 0.902344 0.952148 0.912109 0.954102 0.907227
0 0.448242 0.954102 0.455078 0.956055 0.458984 0.952148 0.451172 0.951172
0 0.083008 0.976562 0.074219 0.976562 0.072266 0.980469 0.080078 0.980469
0 0.604492 0.965820 0.604492 0.971680 0.610352 0.974609 0.609375 0.968750
0 0.921875 0.819336 0.922852 0.825195 0.931641 0.828125 0.927734 0.820312
0 0.454102 0.345703 0.450195 0.347656 0.449219 0.355469 0.454102 0.352539
0 0.541992 0.257812 0.537109 0.258789 0.535156 0.267578 0.541016 0.263672
0 0.793945 0.233398 0.788086 0.232422 0.782227 0.235352 0.782227 0.237305 0.790039 0.238281 0.793945 0.236328
0 0.113281 0.471680 0.108398 0.473633 0.106445 0.482422 0.112305 0.479492
0 0.962891 0.570312 0.959961 0.570312 0.957031 0.575195 0.958008 0.583008 0.962891 0.579102
0 0.298828 0.211914 0.292969 0.212891 0.289062 0.219727 0.295898 0.218750 0.298828 0.215820
0 0.526367 0.813477 0.523438 0.822266 0.527344 0.829102 0.529297 0.819336
0 0.924805 0.703125 0.926758 0.710938 0.932617 0.712891 0.930664 0.705078
0 0.416992 0.158203 0.417969 0.161133 0.421875 0.162109 0.426758 0.159180 0.424805 0.156250
0 0.867188 0.755859 0.869141 0.760742 0.878906 0.761719 0.877930 0.757812
0 0.249023 0.289062 0.249023 0.294922 0.255859 0.298828 0.253906 0.291016
0 0.616211 0.666992 0.612305 0.668945 0.614258 0.677734 0.617188 0.673828
0 0.330078 0.435547 0.329102 0.440430 0.333984 0.448242 0.334961 0.440430
0 0.712891 0.916016 0.714844 0.923828 0.719727 0.925781 0.719727 0.919922
0 0.663086 0.476562 0.663086 0.480469 0.667969 0.486328 0.666992 0.477539
0 0.428711 0.215820 0.425781 0.215820 0.422852 0.225586 0.424805 0.227539 0.428711 0.224609
0 0.221680 0.561523 0.217773 0.565430 0.218750 0.573242 0.222656 0.571289 0.223633 0.564453
0 0.311523 0.408203 0.308594 0.409180 0.308594 0.418945 0.311523 0.417969 0.313477 0.413086
0 0.356445 0.987305 0.362305 0.992188 0.368164 0.992188 0.368164 0.988281 0.364258 0.986328
0 0.017578 0.976562 0.014648 0.981445 0.015625 0.986328 0.019531 0.982422 0.019531 0.977539
0 0.662109 0.821289 0.662109 0.831055 0.666016 0.833008 0.666992 0.825195 0.665039 0.821289
0 0.944336 0.270508 0.948242 0.277344 0.956055 0.278320 0.957031 0.275391 0.954102 0.272461
0 0.671875 0.737305 0.670898 0.746094 0.674805 0.750977 0.676758 0.749023 0.676758 0.741211
0 0.067383 0.228516 0.060547 0.232422 0.059570 0.238281 0.066406 0.234375
0 0.882812 0.274414 0.881836 0.279297 0.885742 0.285156 0.886719 0.277344
0 0.512695 0.601562 0.516602 0.606445 0.522461 0.607422 0.520508 0.602539
0 0.546875 0.177734 0.543945 0.181641 0.544922 0.190430 0.548828 0.187500
0 0.202148 0.592773 0.199219 0.593750 0.198242 0.597656 0.200195 0.604492 0.204102 0.600586
0 0.723633 0.052734 0.723633 0.054688 0.728516 0.056641 0.733398 0.054688 0.731445 0.050781
0 0.623047 0.767578 0.626953 0.774414 0.632812 0.775391 0.630859 0.769531
0 0.179688 0.045898 0.181641 0.052734 0.187500 0.054688 0.186523 0.049805
0 0.431641 0.208008 0.438477 0.208984 0.442383 0.205078 0.434570 0.204102
0 0.706055 0.960938 0.708984 0.964844 0.715820 0.964844 0.711914 0.959961
0 0.924805 0.615234 0.930664 0.615234 0.934570 0.611328 0.928711 0.610352
0 0.186523 0.837891 0.185547 0.843750 0.188477 0.848633 0.190430 0.840820
0 0.954102 0.176758 0.955078 0.182617 0.963867 0.185547 0.958984 0.177734
0 0.656250 0.375977 0.651367 0.378906 0.651367 0.384766 0.655273 0.382812
0 0.635742 0.981445 0.641602 0.981445 0.646484 0.976562 0.638672 0.976562 0.635742 0.978516
0 0.745117 0.746094 0.748047 0.751953 0.753906 0.752930 0.749023 0.746094
0 0.799805 0.939453 0.791992 0.941406 0.789062 0.947266 0.795898 0.947266
0 0.187500 0.679688 0.189453 0.686523 0.194336 0.688477 0.193359 0.682617
0 0.277344 0.281250 0.271484 0.281250 0.266602 0.286133 0.274414 0.286133 0.277344 0.284180
0 0.449219 0.248047 0.451172 0.253906 0.455078 0.255859 0.455078 0.251953
0 0.144531 0.027344 0.147461 0.032227 0.155273 0.032227 0.151367 0.027344
0 0.326172 0.025391 0.325195 0.032227 0.329102 0.037109 0.330078 0.028320
0 0.979492 0.966797 0.972656 0.968750 0.968750 0.975586 0.975586 0.974609
0 0.198242 0.019531 0.191406 0.024414 0.191406 0.028320 0.197266 0.025391
0 0.023438 0.133789 0.023438 0.138672 0.030273 0.142578 0.029297 0.136719