0 0.579102 0.611328 0.579102 0.617188 0.582031 0.620117 0.582031 0.611328
0 0.801758 0.913086 0.805664 0.918945 0.814453 0.919922 0.810547 0.914062
0 0.851562 0.499023 0.852539 0.504883 0.858398 0.507812 0.857422 0.501953
0 0.727539 0.215820 0.730469 0.221680 0.736328 0.222656 0.732422 0.215820
0 0.782227 0.076172 0.781250 0.081055 0.783203 0.085938 0.785156 0.085938 0.785156 0.078125
0 0.919922 0.905273 0.914062 0.906250 0.911133 0.912109 0.916992 0.911133
0 0.144531 0.673828 0.139648 0.677734 0.140625 0.685547 0.144531 0.681641
0 0.983398 0.191406 0.986328 0.195312 0.995117 0.194336 0.993164 0.190430
0 0.315430 0.457031 0.316406 0.463867 0.320312 0.466797 0.320312 0.459961 0.318359 0.457031
0 0.178711 0.516602 0.178711 0.519531 0.181641 0.520508 0.189453 0.518555 0.186523 0.515625
0 0.720703 0.496094 0.716797 0.497070 0.715820 0.505859 0.718750 0.503906
0 0.965820 0.410156 0.968750 0.415039 0.977539 0.416016 0.973633 0.410156
0 0.101562 0.300781 0.101562 0.303711 0.104492 0.305664 0.113281 0.305664 0.106445 0.299805
0 0.813477 0.124023 0.809570 0.126953 0.810547 0.133789 0.814453 0.128906
0 0.017578 0.301758 0.010742 0.302734 0.008789 0.306641 0.015625 0.306641
0 0.080078 0.794922 0.078125 0.799805 0.081055 0.806641 0.083984 0.799805
0 0.547852 0.276367 0.547852 0.286133 0.551758 0.288086 0.551758 0.280273
0 0.598633 0.291016 0.594727 0.293945 0.594727 0.301758 0.599609 0.297852
0 0.241211 0.582031 0.246094 0.585938 0.250977 0.585938 0.249023 0.581055 0.243164 0.580078
0 0.590820 0.152344 0.593750 0.158203 0.599609 0.160156 0.596680 0.153320
0 0.118164 0.684570 0.113281 0.686523 0.113281 0.696289 0.118164 0.691406
0 0.206055 0.476562 0.202148 0.480469 0.202148 0.486328 0.207031 0.481445
0 0.882812 0.178711 0.877930 0.184570 0.878906 0.192383 0.884766 0.186523 0.884766 0.179688
0 0.457031 0.217773 0.453125 0.220703 0.454102 0.227539 0.458984 0.222656
0 0.373047 0.739258 0.372070 0.744141 0.377930 0.750000 0.377930 0.743164 0.375977 0.739258
0 0.573242 0.868164 0.568359 0.870117 0.566406 0.876953 0.573242 0.873047
0 0.526367 0.747070 0.524414 0.753906 0.525391 0.757812 0.528320 0.757812 0.530273 0.750977
0 0.867188 0.716797 0.868164 0.722656 0.873047 0.724609 0.872070 0.718750
0 0.922852 0.528320 0.924805 0.533203 0.930664 0.534180 0.926758 0.528320
0 0.284180 0.731445 0.285156 0.738281 0.291016 0.741211 0.290039 0.734375
0 0.089844 0.356445 0.083984 0.360352 0.083984 0.369141 0.089844 0.364258
0 0.342773 0.011719 0.341797 0.018555 0.345703 0.022461 0.346680 0.014648 0.345703 0.011719
0 0.168945 0.316406 0.172852 0.323242 0.179688 0.321289 0.176758 0.317383
0 0.300781 0.909180 0.305664 0.910156 0.309570 0.905273 0.303711 0.905273
0 0.594727 0.628906 0.597656 0.632812 0.604492 0.632812 0.601562 0.628906
0 0.493164 0.354492 0.488281 0.355469 0.484375 0.360352 0.492188 0.359375
0 0.335938 0.225586 0.341797 0.225586 0.345703 0.221680 0.339844 0.220703
0 0.679688 0.647461 0.680664 0.650391 0.687500 0.648438 0.687500 0.646484
0 0.748047 0.197266 0.747070 0.202148 0.752930 0.207031 0.752930 0.201172
0 0.369141 0.836914 0.375977 0.836914 0.379883 0.833984 0.379883 0.831055 0.373047 0.831055
0 0.731445 0.587891 0.726562 0.585938 0.719727 0.591797 0.725586 0.592773
0 0.235352 0.201172 0.239258 0.206055 0.245117 0.206055 0.243164 0.201172
0 0.639648 0.965820 0.634766 0.967773 0.633789 0.976562 0.638672 0.973633
0 0.063477 0.541992 0.060547 0.544922 0.062500 0.553711 0.065430 0.549805
0 0.436523 0.145508 0.433594 0.145508 0.431641 0.148438 0.431641 0.155273 0.433594 0.157227 0.436523 0.152344
0 0.373047 0.296875 0.375977 0.299805 0.382812 0.298828 0.380859 0.295898
0 0.470703 0.152344 0.471680 0.157227 0.474609 0.160156 0.478516 0.160156 0.478516 0.156250 0.474609 0.152344
0 0.844727 0.921875 0.847656 0.926758 0.855469 0.926758 0.853516 0.922852
0 0.028320 0.748047 0.022461 0.751953 0.021484 0.758789 0.023438 0.759766 0.027344 0.755859
0 0.597656 0.820312 0.600586 0.824219 0.608398 0.824219 0.608398 0.821289 0.604492 0.819336
0 0.218750 0.449219 0.222656 0.454102 0.228516 0.453125 0.224609 0.449219
0 0.741211 0.744141 0.743164 0.750000 0.750000 0.751953 0.745117 0.744141
0 0.402344 0.506836 0.409180 0.507812 0.413086 0.503906 0.405273 0.502930
0 0.634766 0.437500 0.638672 0.442383 0.645508 0.443359 0.643555 0.437500
0 0.336914 0.474609 0.330078 0.475586 0.328125 0.480469 0.335938 0.478516
0 0.043945 0.555664 0.041992 0.557617 0.042969 0.562500 0.048828 0.567383 0.048828 0.559570
0 0.578125 0.879883 0.578125 0.890625 0.582031 0.892578 0.583984 0.882812 0.582031 0.879883
0 0.350586 0.008789 0.354492 0.013672 0.359375 0.013672 0.357422 0.008789
0 0.495117 0.132812 0.497070 0.135742 0.501953 0.136719 0.507812 0.133789 0.504883 0.130859
0 0.876953 0.329102 0.871094 0.333008 0.870117 0.338867 0.875977 0.336914
0 0.252930 0.192383 0.248047 0.193359 0.245117 0.198242 0.250000 0.198242
0 0.243164 0.666016 0.247070 0.672852 0.252930 0.673828 0.251953 0.668945
0 0.741211 0.599609 0.735352 0.607422 0.738281 0.613281 0.742188 0.608398
0 0.270508 0.341797 0.270508 0.349609 0.275391 0.354492 0.275391 0.343750
0 0.369141 0.170898 0.370117 0.177734 0.374023 0.179688 0.374023 0.173828
0 0.862305 0.245117 0.862305 0.250977 0.865234 0.254883 0.865234 0.245117